Wavelength	Line name	# of completed ringdowns	Ringdowntimes (us)	STOT	TimeStamp	Get ringdown time (s)	Step time (s)	Step time (s)	Step time(s)	Step time(s) 	Step time(s) 	Step time(s)	Step time(s)	Step time(s) 	AOM setting	Attenuator setting
10.6640	O1810P36	0	NaN	NaN	2021-08-15 16:16:35	0.427	0.000	0.313	0.086	0.000	0.000	0.003	0.025	0.000	0.100	0.100	
10.6430	O1810P34	500	2.054054	0.001047	2021-08-15 16:17:02	10.118	0.000	0.328	1.966	4.068	3.586	0.170	0.000	0.000	100.000	100.000	
10.6220	O1810P32	500	2.052727	0.001260	2021-08-15 16:17:31	9.964	0.000	0.320	2.159	3.855	3.526	0.104	0.000	0.000	100.000	100.000	
11.2390	C1310P28	500	1.144389	0.006023	2021-08-15 16:17:40	8.623	0.000	0.320	1.349	3.278	3.557	0.118	0.000	0.000	100.000	100.000	
10.8110	CO210P40	500	0.998203	0.004602	2021-08-15 16:17:51	10.630	0.000	0.329	1.368	5.204	3.608	0.121	0.000	0.000	100.000	100.000	
10.6020	O1810P30	500	2.122418	0.001311	2021-08-15 16:18:00	9.481	0.000	0.319	2.142	3.291	3.612	0.118	0.000	0.000	100.000	100.000	
10.7870	CO210P38	500	1.796143	0.001998	2021-08-15 16:18:17	11.478	0.000	0.324	2.381	5.069	3.596	0.108	0.000	0.000	100.000	100.000	
10.5820	O1810P28	500	1.861383	0.001734	2021-08-15 16:18:26	9.388	0.000	0.312	2.195	3.235	3.538	0.107	0.000	0.000	100.000	100.000	
10.7640	CO210P36	500	1.386620	0.002302	2021-08-15 16:18:42	11.262	0.000	0.320	2.345	4.900	3.583	0.113	0.000	0.000	100.000	100.000	
10.5630	O1810P26	500	2.093206	0.001269	2021-08-15 16:18:53	9.924	0.000	0.323	2.567	3.473	3.497	0.048	0.015	0.000	100.000	100.000	
10.7410	CO210P34	500	1.667785	0.000711	2021-08-15 16:19:08	11.241	0.000	0.324	2.251	5.037	3.532	0.096	0.000	0.000	100.000	100.000	
10.5430	O1810P24	500	1.446963	0.002947	2021-08-15 16:19:18	10.155	0.000	0.321	2.267	3.871	3.582	0.115	0.000	0.000	100.000	100.000	
10.7190	CO210P32	500	1.679103	0.001515	2021-08-15 16:19:35	11.539	0.000	0.321	2.376	5.170	3.564	0.108	0.001	0.000	100.000	100.000	
11.2160	C1310P26	-1	1.029014	0.003819	2021-08-15 16:19:42	0.000	0.000	0.000	0.000	0.000	0.000	0.000	0.000	0.000	-1.000	-1.000	
10.5250	O1810P22	500	2.201954	0.000377	2021-08-15 16:19:45	9.601	0.000	0.325	2.169	3.412	3.580	0.113	0.000	0.000	100.000	100.000	
10.6960	CO210P30	500	1.985575	0.000444	2021-08-15 16:20:01	11.123	0.000	0.322	2.367	4.883	3.488	0.047	0.016	0.000	100.000	100.000	
10.5060	O1810P20	500	1.960304	0.001445	2021-08-15 16:20:11	10.507	0.000	0.319	2.877	3.681	3.534	0.095	0.000	0.000	90.000	97.723	
10.6750	CO210P28	500	2.023898	0.000773	2021-08-15 16:20:27	11.117	0.000	0.326	2.290	4.813	3.572	0.116	0.000	0.000	100.000	100.000	
10.4880	O1810P18	500	1.393026	0.002431	2021-08-15 16:20:37	10.006	0.000	0.323	2.558	3.417	3.595	0.112	0.000	0.000	100.000	100.000	
10.6530	CO210P26	500	2.056013	0.001527	2021-08-15 16:20:52	11.151	0.000	0.344	2.252	4.928	3.528	0.098	0.000	0.000	100.000	100.000	
10.4710	O1810P16	500	2.157880	0.001232	2021-08-15 16:21:04	11.768	0.000	0.321	4.069	3.668	3.596	0.114	0.000	0.000	90.000	92.595	
10.6320	CO210P24	500	2.058217	0.001263	2021-08-15 16:21:17	11.418	0.000	0.311	2.214	5.196	3.587	0.109	0.000	0.000	100.000	100.000	
10.4530	O1810P14	500	2.282660	0.001421	2021-08-15 16:21:30	10.992	0.000	0.313	3.569	3.432	3.571	0.105	0.000	0.000	90.000	92.421	
10.6110	CO210P22	500	2.112257	0.001524	2021-08-15 16:21:42	10.295	0.000	0.338	1.545	4.729	3.570	0.111	0.000	0.000	100.000	100.000	
11.1940	C1310P24	-1	1.175352	0.005632	2021-08-15 16:21:46	0.000	0.000	0.000	0.000	0.000	0.000	0.000	0.000	0.000	-1.000	-1.000	
10.4360	O1810P12	500	2.294526	0.000586	2021-08-15 16:21:55	11.129	0.000	0.325	3.778	3.325	3.587	0.115	0.000	0.000	92.611	100.000	
10.5910	CO210P20	500	2.118572	0.003025	2021-08-15 16:22:07	11.364	0.000	0.318	1.555	5.842	3.549	0.099	0.000	0.000	100.000	100.000	
11.1710	C1310P22	500	1.200562	0.005631	2021-08-15 16:22:19	11.805	0.000	0.320	3.062	4.743	3.572	0.108	0.000	0.000	100.000	100.000	
10.4200	O1810P10	500	2.160359	0.003037	2021-08-15 16:22:30	10.551	0.000	0.318	2.764	3.792	3.561	0.116	0.000	0.000	100.000	100.000	
10.5710	CO210P18	500	2.132540	0.005350	2021-08-15 16:22:40	9.852	0.000	0.316	1.393	4.459	3.571	0.112	0.000	0.000	100.000	100.000	
10.4040	O1810P08	500	2.250518	0.000744	2021-08-15 16:22:53	8.900	0.000	0.325	1.766	3.122	3.577	0.108	0.000	0.000	100.000	100.000	
11.1490	C1310P20	500	1.187901	0.006487	2021-08-15 16:23:03	10.267	0.000	0.326	2.760	3.493	3.579	0.108	0.000	0.000	100.000	100.000	
10.5510	CO210P16	500	2.058826	0.001531	2021-08-15 16:23:14	10.504	0.000	0.325	1.350	5.122	3.593	0.114	0.000	0.000	100.000	100.000	
10.2780	O1810R08	500	2.437462	0.000941	2021-08-15 16:23:24	10.129	0.000	0.341	2.349	3.750	3.576	0.113	0.000	0.000	100.000	100.000	
10.5320	CO210P14	0	NaN	NaN	2021-08-15 16:23:28	0.421	0.000	0.317	0.101	0.000	0.000	0.003	0.000	0.000	0.100	0.100	
10.2650	O1810R10	500	2.324103	0.001734	2021-08-15 16:23:53	10.331	0.000	0.317	2.846	3.459	3.559	0.150	0.000	0.000	94.660	100.000	
10.5130	CO210P12	500	2.205828	0.000492	2021-08-15 16:24:04	11.523	0.000	0.319	2.652	4.890	3.544	0.117	0.000	0.000	90.000	87.035	
10.2520	O1810R12	500	2.429702	0.000767	2021-08-15 16:24:19	12.025	0.000	0.321	4.367	3.653	3.566	0.118	0.000	0.000	90.000	84.783	
10.4940	CO210P10	500	2.210576	0.004567	2021-08-15 16:24:30	10.420	0.000	0.319	1.672	4.722	3.594	0.113	0.000	0.000	100.000	100.000	
11.1280	C1310P18	500	1.226168	0.002195	2021-08-15 16:24:41	10.645	0.000	0.316	2.567	4.090	3.559	0.113	0.000	0.000	100.000	100.000	
10.2400	O1810R14	500	2.459492	0.000962	2021-08-15 16:24:52	11.171	0.000	0.324	4.449	2.692	3.589	0.116	0.000	0.000	90.000	85.403	
10.4760	CO210P08	500	2.234887	0.005995	2021-08-15 16:25:02	10.245	0.000	0.320	1.761	4.473	3.575	0.115	0.001	0.000	100.000	100.000	
10.2280	O1810R16	500	2.438788	0.000505	2021-08-15 16:25:18	12.172	0.000	0.315	4.468	3.764	3.524	0.101	0.000	0.000	90.000	84.570	
10.4580	CO210P06	500	2.264872	0.002882	2021-08-15 16:25:29	11.245	0.000	0.316	1.703	5.522	3.586	0.118	0.000	0.000	100.000	100.000	
10.2160	O1810R18	500	2.524342	0.001444	2021-08-15 16:25:45	11.822	0.000	0.326	4.559	3.263	3.561	0.112	0.000	0.000	90.000	80.768	
11.1070	C1310P16	500	1.246934	0.004549	2021-08-15 16:25:59	14.236	0.000	0.323	1.812	8.435	3.555	0.111	0.000	0.000	100.000	100.000	
10.3650	CO210R04	500	2.021326	0.001416	2021-08-15 16:26:13	13.623	0.000	0.320	4.550	5.130	3.523	0.100	0.000	0.000	100.000	100.000	
10.2040	O1810R20	500	2.546991	0.000321	2021-08-15 16:26:25	12.238	0.000	0.338	4.762	3.435	3.589	0.113	0.000	0.000	90.000	80.994	
11.0860	C1310P14	500	1.276309	0.001499	2021-08-15 16:26:36	11.060	0.000	0.327	2.545	4.507	3.566	0.114	0.000	0.000	100.000	100.000	
10.3490	CO210R06	500	1.698250	0.001003	2021-08-15 16:26:50	13.497	0.000	0.325	1.910	7.559	3.593	0.111	0.000	0.000	100.000	100.000	
10.1930	O1810R22	500	2.563842	0.001193	2021-08-15 16:27:01	11.418	0.000	0.338	4.046	3.340	3.579	0.114	0.000	0.000	87.500	66.042	
11.0650	C1310P12	500	1.299421	0.001024	2021-08-15 16:27:12	10.284	0.000	0.318	2.548	3.742	3.558	0.117	0.000	0.000	100.000	100.000	
10.3340	CO210R08	500	1.837895	0.001266	2021-08-15 16:27:23	11.304	0.000	0.330	2.847	4.466	3.550	0.111	0.000	0.000	90.000	85.025	
10.1820	O1810R24	500	2.476710	0.000439	2021-08-15 16:27:34	10.855	0.000	0.316	4.301	2.575	3.553	0.110	0.000	0.000	89.907	87.531	
10.3180	CO210R10	500	2.406737	0.000441	2021-08-15 16:27:52	13.758	0.000	0.321	4.583	5.153	3.588	0.113	0.000	0.000	89.697	73.901	
10.1710	O1810R26	500	2.575323	0.000419	2021-08-15 16:28:03	10.837	0.000	0.314	3.980	2.904	3.535	0.103	0.000	0.000	90.000	92.571	
10.3030	CO210R12	500	1.862500	0.000457	2021-08-15 16:28:16	11.043	0.000	0.315	2.161	4.896	3.563	0.107	0.000	0.000	100.000	100.000	
10.1610	O1810R28	500	2.363296	0.001633	2021-08-15 16:28:28	11.856	0.000	0.313	4.245	3.620	3.565	0.112	0.000	0.000	90.000	89.807	
10.2890	CO210R14	500	2.168226	0.000280	2021-08-15 16:28:42	10.848	0.000	0.329	2.244	4.589	3.575	0.111	0.000	0.000	70.000	67.961	
10.1500	O1810R30	500	2.548660	0.000592	2021-08-15 16:28:52	8.735	0.000	0.314	1.965	2.787	3.560	0.108	0.000	0.000	100.000	100.000	
10.2740	CO210R16	500	2.210063	0.000402	2021-08-15 16:29:08	12.667	0.000	0.324	3.444	5.198	3.589	0.112	0.000	0.000	76.667	70.145	
10.1410	O1810R32	500	2.529629	0.000348	2021-08-15 16:29:17	8.032	0.000	0.320	1.927	2.083	3.586	0.115	0.000	0.000	100.000	100.000	
11.0450	C1310P10	500	1.257110	0.001926	2021-08-15 16:29:25	8.136	0.000	0.316	1.366	2.749	3.597	0.108	0.000	0.000	100.000	100.000	
10.2600	CO210R18	500	2.492487	0.000448	2021-08-15 16:29:38	13.062	0.000	0.345	3.953	5.072	3.583	0.109	0.000	0.000	88.750	50.789	
10.1310	O1810R34	500	2.557157	0.002184	2021-08-15 16:29:47	8.825	0.000	0.323	1.875	3.017	3.504	0.106	0.000	0.000	100.000	100.000	
10.2470	CO210R20	500	1.047228	0.004108	2021-08-15 16:30:05	11.038	0.000	0.317	2.177	4.862	3.572	0.109	0.000	0.000	100.000	100.000	
10.2330	CO210R22	500	2.376022	0.000361	2021-08-15 16:30:36	12.667	0.000	0.330	3.961	4.733	3.539	0.105	0.000	0.000	88.750	67.840	
10.2200	CO210R24	500	2.540580	0.000907	2021-08-15 16:31:05	11.860	0.000	0.319	3.364	4.482	3.583	0.112	0.000	0.000	88.750	55.323	
10.2070	CO210R26	500	2.551173	0.000344	2021-08-15 16:31:34	11.123	0.000	0.318	2.368	4.756	3.541	0.140	0.000	0.000	80.000	70.782	
11.0250	C1310P08	500	1.371412	0.002734	2021-08-15 16:31:49	9.952	0.000	0.330	2.183	3.768	3.554	0.117	0.000	0.000	100.000	100.000	
10.1950	CO210R28	500	2.576729	0.002014	2021-08-15 16:32:02	12.696	0.000	0.316	4.267	4.431	3.571	0.111	0.000	0.000	83.672	56.211	
10.1820	CO210R30	500	2.493051	0.001017	2021-08-15 16:32:33	12.795	0.000	0.317	3.346	5.462	3.558	0.111	0.000	0.000	88.750	60.730	
10.1220	O1810R36	-1	2.510993	0.001979	2021-08-15 16:32:49	0.000	0.000	0.000	0.000	0.000	0.000	0.000	0.000	0.000	-1.000	-1.000	
10.1700	CO210R32	500	2.577417	0.000722	2021-08-15 16:33:02	12.314	0.000	0.329	3.367	4.941	3.566	0.110	0.000	0.000	80.000	75.682	
10.1590	CO210R34	500	2.498857	0.000474	2021-08-15 16:33:32	11.687	0.000	0.324	3.480	4.242	3.539	0.102	0.000	0.000	88.750	63.941	
10.1470	CO210R36	500	2.570469	0.000551	2021-08-15 16:34:02	12.817	0.000	0.321	3.363	5.448	3.575	0.110	0.000	0.000	87.500	65.081	
10.1360	CO210R38	500	2.501961	0.000456	2021-08-15 16:34:31	10.777	0.000	0.319	1.801	4.980	3.565	0.112	0.000	0.000	100.000	100.000	
11.0050	C1310P06	500	1.188618	0.003070	2021-08-15 16:34:39	8.456	0.000	0.325	1.378	3.055	3.585	0.113	0.000	0.000	100.000	100.000	
10.1250	CO210R40	500	2.500985	0.000680	2021-08-15 16:34:58	13.048	0.000	0.321	3.582	5.464	3.568	0.113	0.000	0.000	100.000	100.000	
10.8840	C1310R06	500	1.655626	0.000411	2021-08-15 16:35:12	13.410	0.000	0.312	4.262	5.140	3.584	0.111	0.000	0.000	100.000	100.000	
9.7530	CO209P42	500	1.231175	0.002544	2021-08-15 16:35:27	13.868	0.000	0.314	4.467	5.437	3.543	0.106	0.000	0.000	100.000	100.000	
10.8670	C1310R08	500	1.754866	0.001440	2021-08-15 16:35:39	11.261	0.000	0.321	2.063	5.138	3.628	0.110	0.000	0.000	100.000	100.000	
9.5520	O1809P46	-1	-1000000.000000	-1.000000	2021-08-15 16:35:41	0.000	0.000	0.000	0.000	0.000	0.000	0.000	0.000	0.000	-1.000	-1.000	
9.7330	CO209P40	500	0.897065	0.002701	2021-08-15 16:35:51	11.258	0.000	0.313	2.355	4.920	3.558	0.112	0.000	0.000	100.000	100.000	
9.5360	O1809P44	500	0.690576	0.012857	2021-08-15 16:36:03	11.214	0.000	0.315	3.755	3.441	3.580	0.116	0.006	0.000	100.000	100.000	
10.8500	C1310R10	500	1.616005	0.000606	2021-08-15 16:36:15	11.427	0.000	0.314	2.248	5.170	3.579	0.116	0.000	0.000	100.000	100.000	
9.5190	O1809P42	500	0.675610	0.005816	2021-08-15 16:36:26	11.432	0.000	0.321	3.858	3.569	3.572	0.111	0.000	0.000	100.000	100.000	
10.8330	C1310R12	500	1.777805	0.000784	2021-08-15 16:36:37	10.540	0.000	0.322	1.882	4.711	3.525	0.100	0.000	0.000	90.000	90.000	
9.7140	CO209P38	500	0.955838	0.007471	2021-08-15 16:36:49	11.463	0.000	0.326	2.462	4.971	3.590	0.113	0.000	0.000	100.000	100.000	
9.5030	O1809P40	500	0.668501	0.005727	2021-08-15 16:37:02	13.443	0.000	0.312	6.255	3.171	3.591	0.114	0.000	0.000	90.000	76.930	
10.8160	C1310R14	500	1.809905	0.005142	2021-08-15 16:37:14	11.639	0.000	0.322	3.364	4.285	3.556	0.112	0.000	0.000	89.375	76.166	
9.4880	O1809P38	500	0.677558	0.003930	2021-08-15 16:37:27	12.662	0.000	0.329	5.561	3.092	3.568	0.111	0.000	0.000	86.790	66.175	
10.8000	C1310R16	500	1.812685	0.001114	2021-08-15 16:37:38	11.164	0.000	0.325	2.062	5.079	3.583	0.113	0.000	0.000	100.000	100.000	
9.6950	CO209P36	500	1.054289	0.008449	2021-08-15 16:37:49	11.519	0.000	0.321	2.771	4.719	3.596	0.112	0.000	0.000	100.000	100.000	
9.4720	O1809P36	500	0.662999	0.004001	2021-08-15 16:38:05	15.316	0.000	0.312	7.468	3.855	3.570	0.112	0.000	0.000	88.326	62.430	
10.7840	C1310R18	500	1.379338	0.007909	2021-08-15 16:38:15	9.487	0.000	0.317	2.161	3.322	3.576	0.111	0.000	0.000	100.000	100.000	
9.6750	CO209P34	500	0.908696	0.008505	2021-08-15 16:38:27	12.201	0.000	0.326	2.980	5.256	3.534	0.105	0.000	0.000	100.000	100.000	
9.4570	O1809P34	500	0.630527	0.013036	2021-08-15 16:38:45	17.816	0.000	0.323	10.681	3.203	3.510	0.098	0.000	0.000	88.681	52.489	
10.7680	C1310R20	500	1.542301	0.000872	2021-08-15 16:38:56	10.671	0.000	0.334	2.363	4.335	3.536	0.102	0.000	0.000	100.000	100.000	
9.6570	CO209P32	500	0.915290	0.005555	2021-08-15 16:39:08	12.227	0.000	0.321	3.168	5.046	3.580	0.112	0.000	0.000	100.000	100.000	
9.4410	O1809P32	500	0.685269	0.004090	2021-08-15 16:39:20	12.420	0.000	0.327	5.365	3.055	3.561	0.112	0.000	0.000	88.750	40.305	
10.7530	C1310R22	500	1.616743	0.002341	2021-08-15 16:39:31	10.798	0.000	0.318	1.965	4.803	3.601	0.111	0.000	0.000	100.000	100.000	
9.6390	CO209P30	500	0.787868	0.009711	2021-08-15 16:39:44	12.828	0.000	0.327	3.261	5.533	3.593	0.113	0.000	0.000	100.000	100.000	
10.7380	C1310R24	500	1.541523	0.001740	2021-08-15 16:39:55	10.784	0.000	0.316	2.149	4.690	3.522	0.106	0.000	0.000	100.000	100.000	
9.4270	O1809P30	500	0.709809	0.005828	2021-08-15 16:40:12	16.064	0.000	0.325	8.398	3.640	3.588	0.113	0.000	0.000	88.311	40.313	
10.7230	C1310R26	500	1.811899	0.004756	2021-08-15 16:40:21	9.474	0.000	0.315	2.272	3.170	3.585	0.132	0.000	0.000	100.000	100.000	
9.6210	CO209P28	500	0.706717	0.017388	2021-08-15 16:40:34	12.328	0.000	0.321	3.071	5.224	3.597	0.115	0.000	0.000	100.000	100.000	
9.4120	O1809P28	500	0.651608	0.005295	2021-08-15 16:40:47	12.777	0.000	0.330	5.368	3.380	3.583	0.115	0.000	0.000	88.750	35.515	
10.7080	C1310R28	500	1.925011	0.001766	2021-08-15 16:40:57	10.407	0.000	0.313	1.982	4.424	3.578	0.110	0.000	0.000	100.000	100.000	
9.6040	CO209P26	500	0.765305	0.001113	2021-08-15 16:41:09	11.830	0.000	0.313	3.486	4.314	3.604	0.112	0.000	0.000	100.000	100.000	
9.3970	O1809P26	500	0.658762	0.008427	2021-08-15 16:41:22	12.924	0.000	0.323	5.182	3.721	3.588	0.110	0.000	0.000	87.500	35.450	
10.6940	C1310R30	500	1.973416	0.000830	2021-08-15 16:41:32	9.582	0.000	0.323	1.970	3.580	3.595	0.114	0.000	0.000	100.000	100.000	
9.5880	CO209P24	0	NaN	NaN	2021-08-15 16:42:19	47.165	0.000	0.322	8.438	15.522	22.881	0.002	0.000	0.000	100.000	100.000	
9.3830	O1809P24	500	0.533805	0.002865	2021-08-15 16:42:32	12.709	0.000	0.326	5.376	3.316	3.543	0.148	0.000	0.000	88.750	40.897	
10.6800	C1310R32	500	2.002023	0.002049	2021-08-15 16:42:42	10.110	0.000	0.318	1.981	4.155	3.547	0.110	0.000	0.000	100.000	100.000	
9.5690	CO209P22	500	0.698973	0.004347	2021-08-15 16:43:32	50.105	0.000	0.313	7.331	21.601	20.747	0.113	0.000	0.000	100.000	100.000	
9.3690	O1809P22	500	0.622862	0.003865	2021-08-15 16:43:48	15.532	0.000	0.310	7.652	3.881	3.576	0.113	0.000	0.000	87.747	26.737	
10.6660	C1310R34	500	1.996696	0.000685	2021-08-15 16:43:59	11.063	0.000	0.326	2.184	4.823	3.614	0.116	0.000	0.000	100.000	100.000	
9.3550	O1809P20	500	0.680655	0.005380	2021-08-15 16:44:12	12.539	0.000	0.321	4.768	3.782	3.551	0.116	0.000	0.000	90.000	23.592	
10.6520	C1310R36	500	2.062439	0.003060	2021-08-15 16:44:21	8.617	0.000	0.321	2.061	2.584	3.545	0.106	0.000	0.000	100.000	100.000	
9.5520	CO209P20	500	0.678692	0.005168	2021-08-15 16:44:49	28.082	0.000	0.327	3.571	14.578	9.489	0.116	0.000	0.000	100.000	100.000	
9.3410	O1809P18	500	0.666401	0.004171	2021-08-15 16:45:01	11.663	0.000	0.315	4.467	3.170	3.600	0.110	0.000	0.000	90.000	22.067	
10.6390	C1310R38	500	2.076476	0.000925	2021-08-15 16:45:11	9.914	0.000	0.322	2.162	3.745	3.569	0.115	0.000	0.000	100.000	100.000	
9.5360	CO209P18	500	0.664608	0.005934	2021-08-15 16:46:05	53.946	0.000	0.322	7.306	25.509	20.707	0.101	0.000	0.000	100.000	100.000	
9.3280	O1809P16	500	0.652340	0.003757	2021-08-15 16:46:19	13.405	0.000	0.330	5.963	3.486	3.518	0.107	0.000	0.000	89.375	19.807	
10.6260	C1310R40	500	1.721369	0.003726	2021-08-15 16:46:30	11.255	0.000	0.341	2.157	5.021	3.589	0.145	0.000	0.000	100.000	100.000	
9.5200	CO209P16	501	0.645511	0.004159	2021-08-15 16:47:24	53.932	0.000	0.328	7.287	25.402	20.799	0.115	0.000	0.000	100.000	100.000	
9.3150	O1809P14	500	0.637286	0.007065	2021-08-15 16:47:37	13.159	0.000	0.317	5.269	3.880	3.571	0.121	0.000	0.000	84.074	22.608	
9.5040	CO209P14	500	0.640015	0.007016	2021-08-15 16:47:49	11.697	0.000	0.323	2.865	4.827	3.575	0.107	0.000	0.000	100.000	100.000	
9.3020	O1809P12	500	0.616562	0.002955	2021-08-15 16:48:04	13.082	0.000	0.340	5.265	3.777	3.583	0.117	0.000	0.000	81.111	23.917	
10.1520	C1309P36	-1	-1000000.000000	-1.000000	2021-08-15 16:48:20	0.000	0.000	0.000	0.000	0.000	0.000	0.000	0.000	0.000	-1.000	-1.000	
9.4880	CO209P12	500	0.641170	0.020094	2021-08-15 16:48:18	14.211	0.000	0.318	4.564	5.659	3.556	0.113	0.000	0.000	100.000	100.000	
9.2890	O1809P10	500	0.641776	0.004301	2021-08-15 16:48:30	11.809	0.000	0.328	4.367	3.457	3.549	0.108	0.000	0.000	76.667	23.131	
9.4730	CO209P10	500	0.610362	0.008770	2021-08-15 16:48:46	13.055	0.000	0.316	3.564	5.501	3.558	0.114	0.000	0.000	100.000	100.000	
9.2760	O1809P08	500	0.631021	0.005055	2021-08-15 16:48:58	12.050	0.000	0.324	4.961	3.130	3.531	0.104	0.000	0.000	85.000	21.642	
9.4580	CO209P08	500	0.604686	0.015497	2021-08-15 16:49:11	11.521	0.000	0.322	2.345	5.227	3.526	0.100	0.000	0.000	100.000	100.000	
9.2640	O1809P06	500	0.646973	0.002843	2021-08-15 16:49:24	12.071	0.000	0.333	4.546	3.528	3.552	0.112	0.000	0.000	90.000	23.841	
9.3540	CO209R06	500	0.675916	0.003855	2021-08-15 16:49:39	12.969	0.000	0.315	3.743	5.216	3.581	0.114	0.000	0.000	90.000	52.465	
9.1990	O1809R04	500	0.735382	0.004949	2021-08-15 16:49:50	11.170	0.000	0.328	3.748	3.461	3.534	0.099	0.000	0.000	90.000	35.495	
9.3420	CO209R08	500	0.665582	0.001699	2021-08-15 16:50:06	14.092	0.000	0.325	5.145	4.964	3.546	0.112	0.000	0.000	84.074	60.109	
10.1310	C1309P34	-1	-1000000.000000	-1.000000	2021-08-15 16:50:20	0.000	0.000	0.000	0.000	0.000	0.000	0.000	0.000	0.000	-1.000	-1.000	
9.1870	O1809R06	500	0.746162	0.003108	2021-08-15 16:50:22	15.948	0.000	0.319	8.365	3.591	3.558	0.114	0.000	0.000	82.354	0.100	
9.3290	CO209R10	500	0.655246	0.002979	2021-08-15 16:50:38	15.597	0.000	0.318	6.616	5.068	3.494	0.101	0.000	0.000	86.336	51.272	
10.1100	C1309P32	500	2.488921	0.002417	2021-08-15 16:50:47	9.031	0.000	0.328	1.853	3.151	3.583	0.115	0.000	0.000	100.000	100.000	
9.1760	O1809R08	500	0.728406	0.002820	2021-08-15 16:51:00	13.192	0.000	0.319	5.362	3.812	3.585	0.114	0.000	0.000	90.000	13.864	
10.0900	C1309P30	500	2.442932	0.001246	2021-08-15 16:51:10	9.947	0.000	0.340	2.249	3.670	3.579	0.109	0.000	0.000	100.000	100.000	
9.3170	CO209R12	500	0.577179	0.005537	2021-08-15 16:51:25	14.952	0.000	0.325	5.569	5.357	3.587	0.114	0.000	0.000	73.125	50.510	
10.0700	C1309P28	500	2.288806	0.000961	2021-08-15 16:51:36	10.879	0.000	0.321	1.877	5.002	3.567	0.112	0.000	0.000	100.000	100.000	
9.1660	O1809R10	500	0.632053	0.003543	2021-08-15 16:51:50	13.160	0.000	0.328	4.861	4.289	3.570	0.112	0.000	0.000	69.846	0.100	
10.0500	C1309P26	500	2.304506	0.002494	2021-08-15 16:52:01	11.024	0.000	0.320	2.263	4.798	3.533	0.109	0.000	0.000	100.000	100.000	
9.1550	O1809R12	500	0.815436	0.002125	2021-08-15 16:52:13	11.723	0.000	0.319	4.147	3.582	3.557	0.117	0.000	0.000	41.184	0.100	
10.0310	C1309P24	500	2.214434	0.003400	2021-08-15 16:52:23	9.872	0.000	0.328	2.346	3.520	3.563	0.115	0.000	0.000	100.000	100.000	
9.3050	CO209R14	500	0.581341	0.009591	2021-08-15 16:52:36	13.626	0.000	0.313	4.747	4.894	3.556	0.115	0.000	0.000	60.000	58.519	
10.0120	C1309P22	500	1.486420	0.002612	2021-08-15 16:52:47	10.856	0.000	0.319	1.849	5.007	3.566	0.116	0.000	0.000	100.000	100.000	
9.1450	O1809R14	500	0.827249	0.001074	2021-08-15 16:53:01	13.868	0.000	0.341	6.179	3.660	3.577	0.111	0.000	0.000	41.355	0.100	
9.9940	C1309P20	500	1.976978	0.005367	2021-08-15 16:53:12	10.891	0.000	0.326	2.364	4.523	3.569	0.109	0.000	0.000	100.000	100.000	
9.2940	CO209R16	500	0.598482	0.003633	2021-08-15 16:53:26	13.976	0.000	0.319	4.463	5.539	3.540	0.115	0.000	0.000	90.000	32.743	
9.9750	C1309P18	500	1.888763	0.006410	2021-08-15 16:53:38	11.114	0.000	0.323	1.990	5.141	3.550	0.109	0.000	0.000	100.000	100.000	
9.1340	O1809R16	500	0.816528	0.002302	2021-08-15 16:53:51	13.386	0.000	0.319	5.563	3.817	3.572	0.114	0.000	0.000	31.668	0.100	
9.9570	C1309P16	500	1.813112	0.003493	2021-08-15 16:54:02	11.197	0.000	0.312	2.261	4.933	3.577	0.114	0.000	0.000	100.000	100.000	
9.2820	CO209R18	500	0.627765	0.003495	2021-08-15 16:54:18	15.552	0.000	0.325	6.470	5.075	3.569	0.112	0.000	0.000	69.520	38.979	
9.9400	C1309P14	500	1.700585	0.007124	2021-08-15 16:54:29	10.761	0.000	0.323	1.963	4.767	3.592	0.117	0.000	0.000	100.000	100.000	
9.1250	O1809R18	500	0.820345	0.004004	2021-08-15 16:54:42	13.142	0.000	0.313	5.652	3.509	3.552	0.115	0.000	0.000	36.469	0.100	
9.9230	C1309P12	500	1.636633	0.006994	2021-08-15 16:54:53	10.933	0.000	0.330	2.363	4.555	3.572	0.113	0.000	0.000	100.000	100.000	
9.2710	CO209R20	500	0.634292	0.002380	2021-08-15 16:55:07	13.840	0.000	0.340	4.451	5.333	3.597	0.118	0.000	0.000	90.000	23.356	
9.9060	C1309P10	500	1.573051	0.005430	2021-08-15 16:55:17	10.019	0.000	0.315	2.192	3.868	3.541	0.103	0.000	0.000	100.000	100.000	
9.1150	O1809R20	500	0.818592	0.000808	2021-08-15 16:55:31	12.982	0.000	0.322	5.567	3.384	3.596	0.113	0.000	0.000	35.059	0.100	
9.2610	CO209R22	500	0.653821	0.008650	2021-08-15 16:55:44	12.862	0.000	0.341	3.662	5.192	3.557	0.111	0.000	0.000	90.000	19.412	
9.1050	O1809R22	500	0.803091	0.002353	2021-08-15 16:55:58	11.865	0.000	0.314	4.351	3.531	3.554	0.114	0.000	0.000	33.776	0.100	
9.2500	CO209R24	500	0.657402	0.011993	2021-08-15 16:56:11	13.397	0.000	0.310	4.066	5.497	3.461	0.049	0.015	0.000	90.000	19.679	
9.0950	O1809R24	500	0.798724	0.002852	2021-08-15 16:56:26	11.926	0.000	0.322	4.678	3.295	3.535	0.096	0.000	0.000	31.558	0.100	
9.2400	CO209R26	500	0.683211	0.002121	2021-08-15 16:56:40	13.876	0.000	0.316	4.887	5.050	3.518	0.105	0.000	0.000	90.000	16.920	
9.0860	O1809R26	500	0.780070	0.001368	2021-08-15 16:56:52	12.131	0.000	0.321	4.880	3.312	3.516	0.101	0.000	0.000	26.072	0.100	
9.2300	CO209R28	500	0.687966	0.013568	2021-08-15 16:57:07	13.206	0.000	0.325	4.063	5.121	3.584	0.113	0.000	0.000	90.000	14.838	
9.7620	C1309R08	-1	-1000000.000000	-1.000000	2021-08-15 16:57:15	0.000	0.000	0.000	0.000	0.000	0.000	0.000	0.000	0.000	-1.000	-1.000	
9.0770	O1809R28	500	0.780350	0.004411	2021-08-15 16:57:18	10.573	0.000	0.314	3.054	3.518	3.575	0.112	0.000	0.000	29.626	0.100	
9.2190	CO209R30	500	0.566705	0.006175	2021-08-15 16:57:35	14.174	0.000	0.326	5.060	5.095	3.579	0.113	0.000	0.000	58.000	37.321	
9.0680	O1809R30	500	0.756969	0.001309	2021-08-15 16:57:47	11.943	0.000	0.322	4.460	3.485	3.565	0.110	0.000	0.000	23.292	0.100	
9.7490	C1309R10	500	1.131627	0.005157	2021-08-15 16:57:57	10.150	0.000	0.317	2.349	3.810	3.562	0.112	0.000	0.000	100.000	100.000	
9.2100	CO209R32	500	0.723076	0.004650	2021-08-15 16:58:11	14.278	0.000	0.328	5.065	5.197	3.571	0.116	0.000	0.000	90.000	14.217	
9.7360	C1309R12	503	0.882706	0.009824	2021-08-15 16:59:07	55.739	0.000	0.314	4.859	29.781	20.674	0.112	0.000	0.000	100.000	100.000	
9.0590	O1809R32	500	0.746302	0.002331	2021-08-15 16:59:18	10.982	0.000	0.318	3.548	3.442	3.562	0.112	0.001	0.000	22.300	0.100	
9.7230	C1309R14	500	0.975313	0.013800	2021-08-15 16:59:30	11.326	0.000	0.318	2.387	4.946	3.559	0.116	0.000	0.000	100.000	100.000	
9.2010	CO209R34	500	0.731705	0.001480	2021-08-15 16:59:45	15.594	0.000	0.320	6.263	5.298	3.594	0.118	0.001	0.000	89.375	15.148	
9.7100	C1309R16	500	1.047737	0.016596	2021-08-15 16:59:55	9.498	0.000	0.318	2.246	3.251	3.568	0.115	0.000	0.000	100.000	100.000	
9.0510	O1809R34	500	0.711033	0.003000	2021-08-15 17:00:07	11.599	0.000	0.328	4.049	3.549	3.560	0.112	0.000	0.000	27.950	0.100	
10.5320	CO210P14	506	2.163492	0.014467	2021-08-15 17:00:29	20.579	0.000	0.338	2.350	8.734	9.048	0.108	0.000	0.000	100.000	100.000	
9.6980	C1309R18	500	1.071714	0.004741	2021-08-15 17:00:39	9.346	0.000	0.328	2.377	2.951	3.569	0.120	0.000	0.000	100.000	100.000	
9.0420	O1809R36	500	0.697760	0.002881	2021-08-15 17:00:52	12.823	0.000	0.334	5.362	3.509	3.507	0.111	0.000	0.000	27.320	0.100	
9.6860	C1309R20	500	0.962518	0.022394	2021-08-15 17:01:01	9.667	0.000	0.322	2.263	3.448	3.532	0.102	0.000	0.000	100.000	100.000	
9.5880	CO209P24	0	NaN	NaN	2021-08-15 17:01:59	57.182	0.000	0.319	8.428	25.537	22.896	0.001	0.000	0.000	100.000	100.000	
9.0340	O1809R38	500	0.545911	0.002135	2021-08-15 17:02:12	13.312	0.000	0.332	5.666	3.682	3.500	0.132	0.000	0.000	43.577	0.100	
9.0260	O1809R40	500	0.688606	0.003126	2021-08-15 17:02:40	12.255	0.000	0.323	4.666	3.643	3.531	0.091	0.000	0.000	59.730	0.100	
9.6750	C1309R22	500	0.899135	0.014457	2021-08-15 17:03:36	9.022	0.000	0.322	2.262	2.810	3.535	0.093	0.000	0.000	100.000	100.000	
9.6630	C1309R24	500	0.923442	0.005201	2021-08-15 17:03:59	10.159	0.000	0.347	2.347	3.850	3.525	0.091	0.000	0.000	100.000	100.000	
9.6520	C1309R26	500	0.856549	0.006652	2021-08-15 17:04:21	9.504	0.000	0.337	2.363	3.189	3.521	0.093	0.000	0.000	100.000	100.000	
9.0180	O1809R42	-1	-1000000.000000	-1.000000	2021-08-15 17:05:12	0.000	0.000	0.000	0.000	0.000	0.000	0.000	0.000	0.000	-1.000	-1.000	
10.6640	O1810P36	500	2.028628	0.002084	2021-08-15 17:05:41	8.518	0.000	0.322	1.460	3.151	3.494	0.090	0.000	0.000	100.000	100.000	
9.6420	C1309R28	0	NaN	NaN	2021-08-15 17:05:51	0.424	0.000	0.322	0.100	0.000	0.000	0.001	0.000	0.000	0.100	0.100	
10.1220	O1810R36	500	2.510993	0.001979	2021-08-15 17:06:06	8.779	0.000	0.314	2.361	2.471	3.521	0.111	0.000	0.000	100.000	100.000	
9.5520	O1809P46	0	NaN	NaN	2021-08-15 17:06:48	6.082	0.000	0.334	5.747	0.000	0.000	0.001	0.000	0.000	100.000	100.000	
9.6310	C1309R30	0	NaN	NaN	2021-08-15 17:08:02	6.776	0.000	0.314	6.462	0.000	0.000	0.000	0.000	0.000	100.000	100.000	
9.6210	C1309R32	500	0.681543	0.009821	2021-08-15 17:09:07	12.264	0.000	0.319	5.289	3.038	3.506	0.111	0.000	0.000	100.000	100.000	
9.0180	O1809R42	-1	-1000000.000000	-1.000000	2021-08-15 17:09:30	0.000	0.000	0.000	0.000	0.000	0.000	0.000	0.000	0.000	-1.000	-1.000	
9.6110	C1309R34	0	NaN	NaN	2021-08-15 17:10:48	0.428	0.000	0.325	0.102	0.000	0.000	0.001	0.000	0.000	0.100	0.100	
11.2160	C1310P26	500	1.029014	0.003819	2021-08-15 17:12:40	9.667	0.000	0.325	2.163	3.539	3.526	0.114	0.000	0.000	100.000	100.000	
11.1940	C1310P24	517	1.175352	0.005632	2021-08-15 17:14:44	25.397	0.000	0.312	2.496	8.947	13.558	0.083	0.000	0.000	100.000	100.000	
10.1520	C1309P36	-1	-1000000.000000	-1.000000	2021-08-15 17:16:25	0.000	0.000	0.000	0.000	0.000	0.000	0.000	0.000	0.000	-1.000	-1.000	
10.1310	C1309P34	-1	-1000000.000000	-1.000000	2021-08-15 17:18:00	0.000	0.000	0.000	0.000	0.000	0.000	0.000	0.000	0.000	-1.000	-1.000	
9.7620	C1309R08	-1	-1000000.000000	-1.000000	2021-08-15 17:19:35	0.000	0.000	0.000	0.000	0.000	0.000	0.000	0.000	0.000	-1.000	-1.000	
9.6420	C1309R28	0	NaN	NaN	2021-08-15 17:19:45	0.431	0.000	0.312	0.117	0.000	0.000	0.001	0.000	0.000	0.100	0.100	
9.6310	C1309R30	0	NaN	NaN	2021-08-15 17:21:25	6.922	0.000	0.319	6.603	0.000	0.000	0.000	0.000	0.000	100.000	100.000	
9.6110	C1309R34	0	NaN	NaN	2021-08-15 17:21:51	6.410	0.000	0.323	6.087	0.000	0.000	0.000	0.000	0.000	100.000	100.000	
