Wavelength	Line name	# of completed ringdowns	Ringdowntimes (us)	STOT	TimeStamp	Get ringdown time (s)	Step time (s)	Step time (s)	Step time(s)	Step time(s) 	Step time(s) 	Step time(s)	Step time(s)	Step time(s) 	AOM setting	Attenuator setting
10.8110	CO210P40	-1	-1000000.000000	-1.000000	2021-08-12 07:39:41	0.000	0.000	0.000	0.000	0.000	0.000	0.000	0.000	0.000	-1.000	-1.000	
10.7870	CO210P38	510	2.383481	0.000526	2021-08-12 07:40:19	22.648	0.000	0.334	4.087	9.362	8.699	0.141	0.027	0.000	90.000	84.403	
10.7640	CO210P36	500	2.435577	0.000568	2021-08-12 07:40:48	11.657	0.000	0.335	2.471	5.169	3.551	0.108	0.022	0.000	100.000	100.000	
11.2390	C1310P28	500	1.608943	0.001184	2021-08-12 07:41:03	10.663	0.000	0.325	2.063	4.570	3.591	0.102	0.012	0.000	100.000	100.000	
10.7410	CO210P34	500	2.482232	0.002401	2021-08-12 07:41:15	11.905	0.000	0.325	2.586	5.256	3.636	0.100	0.003	0.000	100.000	100.000	
10.6640	O1810P36	-1	-1000000.000000	-1.000000	2021-08-12 07:41:20	0.000	0.000	0.000	0.000	0.000	0.000	0.000	0.000	0.000	-1.000	-1.000	
11.2160	C1310P26	500	1.645063	0.000646	2021-08-12 07:41:26	10.388	0.000	0.316	2.178	4.161	3.615	0.100	0.018	0.000	77.037	58.069	
10.7190	CO210P32	500	2.532943	0.000473	2021-08-12 07:41:40	11.894	0.000	0.318	2.868	4.981	3.621	0.092	0.014	0.000	90.000	81.784	
10.6430	O1810P34	500	2.723359	0.000764	2021-08-12 07:41:50	9.519	0.000	0.314	1.647	3.881	3.558	0.102	0.017	0.000	100.000	100.000	
11.1940	C1310P24	500	1.679358	0.000637	2021-08-12 07:42:03	12.573	0.000	0.320	3.580	4.956	3.602	0.097	0.019	0.000	89.153	59.491	
10.6960	CO210P30	500	2.589845	0.000492	2021-08-12 07:42:16	13.420	0.000	0.316	4.466	4.908	3.619	0.096	0.016	0.000	89.766	81.285	
10.6220	O1810P32	500	2.771980	0.000566	2021-08-12 07:42:25	9.233	0.000	0.312	1.869	3.319	3.613	0.094	0.026	0.000	100.000	100.000	
10.6750	CO210P28	500	2.638412	0.001153	2021-08-12 07:42:42	10.841	0.000	0.322	2.352	4.453	3.593	0.096	0.024	0.000	100.000	100.000	
10.6020	O1810P30	500	2.824590	0.000505	2021-08-12 07:42:55	12.232	0.000	0.329	4.069	4.114	3.605	0.096	0.019	0.000	88.414	87.482	
10.6530	CO210P26	500	2.689247	0.002136	2021-08-12 07:43:07	11.260	0.000	0.320	2.066	5.133	3.626	0.095	0.021	0.000	100.000	100.000	
10.5820	O1810P28	500	2.874807	0.000484	2021-08-12 07:43:20	11.118	0.000	0.314	3.963	3.119	3.603	0.099	0.020	0.000	90.000	83.192	
11.1710	C1310P22	500	1.707740	0.000718	2021-08-12 07:43:36	15.789	0.000	0.325	3.601	8.201	3.551	0.084	0.027	0.000	90.000	57.095	
10.6320	CO210P24	500	2.740662	0.005274	2021-08-12 07:43:47	10.978	0.000	0.326	2.163	4.807	3.575	0.093	0.014	0.000	100.000	100.000	
10.5630	O1810P26	500	2.932276	0.000443	2021-08-12 07:43:59	12.158	0.000	0.317	4.668	3.482	3.583	0.096	0.013	0.000	86.049	65.493	
10.6110	CO210P22	500	2.798011	0.000816	2021-08-12 07:44:10	10.866	0.000	0.316	1.904	4.951	3.579	0.097	0.019	0.000	100.000	100.000	
11.1490	C1310P20	500	1.740070	0.000632	2021-08-12 07:44:24	13.022	0.000	0.324	4.047	4.972	3.578	0.081	0.020	0.000	89.424	55.478	
10.5430	O1810P24	500	2.975777	0.000722	2021-08-12 07:44:33	9.600	0.000	0.311	2.654	2.907	3.612	0.092	0.025	0.000	85.000	60.709	
10.5910	CO210P20	500	2.851680	0.005015	2021-08-12 07:45:39	65.089	0.000	0.340	3.442	40.408	20.782	0.097	0.020	0.000	100.000	100.000	
11.1280	C1310P18	500	1.778107	0.001122	2021-08-12 07:45:53	13.779	0.000	0.327	4.468	5.221	3.647	0.093	0.023	0.000	90.000	96.495	
10.5250	O1810P22	500	3.036634	0.000387	2021-08-12 07:46:04	10.644	0.000	0.317	3.155	3.427	3.633	0.094	0.018	0.000	90.000	62.905	
10.5710	CO210P18	500	2.852387	0.002401	2021-08-12 07:46:15	11.192	0.000	0.316	1.748	5.424	3.595	0.089	0.020	0.000	100.000	100.000	
11.1070	C1310P16	505	1.809957	0.000938	2021-08-12 07:46:36	21.114	0.000	0.316	3.073	8.698	8.910	0.100	0.017	0.000	90.000	96.351	
10.5060	O1810P20	500	3.089202	0.000424	2021-08-12 07:46:47	10.871	0.000	0.316	3.177	3.673	3.589	0.101	0.014	0.000	90.000	62.392	
10.5510	CO210P16	500	2.961413	0.000503	2021-08-12 07:47:01	14.280	0.000	0.322	4.868	5.377	3.598	0.095	0.020	0.000	90.000	76.368	
10.4880	O1810P18	500	3.142649	0.000396	2021-08-12 07:47:13	11.618	0.000	0.323	4.185	3.331	3.612	0.136	0.031	0.000	84.074	65.532	
11.0860	C1310P14	500	1.838626	0.000568	2021-08-12 07:47:26	13.047	0.000	0.329	4.770	4.228	3.604	0.100	0.016	0.000	90.000	69.932	
10.5320	CO210P14	500	2.385876	0.038269	2021-08-12 07:47:39	12.412	0.000	0.322	1.880	4.000	6.090	0.102	0.019	0.000	100.000	100.000	
10.4710	O1810P16	500	3.200602	0.000434	2021-08-12 07:47:50	10.978	0.000	0.328	2.960	3.993	3.601	0.095	0.000	0.000	86.389	60.035	
10.5130	CO210P12	500	3.072740	0.000437	2021-08-12 07:48:08	13.715	0.000	0.321	4.656	5.033	3.595	0.092	0.020	0.000	73.360	43.058	
10.4530	O1810P14	500	3.257602	0.000396	2021-08-12 07:48:20	11.961	0.000	0.335	3.587	4.447	3.500	0.051	0.041	0.000	82.271	75.774	
11.0650	C1310P12	500	1.875434	0.001353	2021-08-12 07:48:35	13.463	0.000	0.324	4.860	4.605	3.570	0.084	0.021	0.000	90.000	67.577	
10.4940	CO210P10	500	3.125572	0.000976	2021-08-12 07:48:46	10.756	0.000	0.318	1.753	4.990	3.583	0.094	0.018	0.000	100.000	100.000	
10.4360	O1810P12	500	3.307435	0.000423	2021-08-12 07:48:57	11.505	0.000	0.326	3.663	3.792	3.613	0.099	0.011	0.000	87.500	71.868	
10.4760	CO210P08	519	3.174813	0.002564	2021-08-12 07:49:17	18.901	0.000	0.314	1.797	8.869	7.791	0.100	0.031	0.000	100.000	100.000	
11.0450	C1310P10	500	1.909017	0.001926	2021-08-12 07:49:28	10.819	0.000	0.326	2.645	4.163	3.557	0.113	0.014	0.000	92.864	100.000	
10.4200	O1810P10	500	3.357174	0.000358	2021-08-12 07:49:39	10.869	0.000	0.328	3.055	3.727	3.621	0.113	0.025	0.000	85.000	69.756	
10.4580	CO210P06	502	3.239128	0.001076	2021-08-12 07:50:07	27.819	0.000	0.321	2.263	15.575	9.544	0.099	0.017	0.000	70.000	63.756	
10.4040	O1810P08	500	3.406652	0.000421	2021-08-12 07:50:17	10.060	0.000	0.311	2.148	3.937	3.555	0.104	0.005	0.000	100.000	100.000	
11.0250	C1310P08	500	1.935786	0.003114	2021-08-12 07:50:28	10.917	0.000	0.324	2.766	4.110	3.603	0.097	0.017	0.000	100.000	100.000	
10.3650	CO210R04	500	3.519365	0.000439	2021-08-12 07:50:44	16.117	0.000	0.314	7.046	5.025	3.618	0.094	0.020	0.000	81.562	59.347	
10.2780	O1810R08	500	3.822649	0.000387	2021-08-12 07:50:55	10.592	0.000	0.318	2.769	3.758	3.629	0.104	0.016	0.000	90.000	90.000	
11.0050	C1310P06	504	1.969266	0.001608	2021-08-12 07:51:22	26.934	0.000	0.324	3.350	13.937	9.193	0.104	0.026	0.000	98.312	100.000	
10.3490	CO210R06	500	3.557686	0.000413	2021-08-12 07:51:36	13.572	0.000	0.315	5.145	4.438	3.558	0.098	0.018	0.000	88.244	47.750	
10.2650	O1810R10	500	3.860015	0.000332	2021-08-12 07:51:46	9.943	0.000	0.318	2.376	3.549	3.590	0.102	0.007	0.000	90.000	65.727	
10.8840	C1310R06	500	2.193579	0.000539	2021-08-12 07:51:58	12.197	0.000	0.319	3.970	4.164	3.619	0.105	0.020	0.000	100.000	100.000	
10.3340	CO210R08	500	3.619080	0.000411	2021-08-12 07:52:11	13.206	0.000	0.321	4.347	4.791	3.636	0.102	0.008	0.000	79.570	36.921	
10.2520	O1810R12	500	3.898388	0.000359	2021-08-12 07:52:22	10.340	0.000	0.325	3.050	3.241	3.608	0.095	0.020	0.000	90.000	51.799	
10.8670	C1310R08	500	2.226361	0.000772	2021-08-12 07:52:32	10.663	0.000	0.325	2.671	3.938	3.617	0.099	0.012	0.000	100.000	100.000	
10.3180	CO210R10	500	3.680544	0.000444	2021-08-12 07:52:45	12.824	0.000	0.323	3.648	5.133	3.602	0.097	0.020	0.000	87.500	30.788	
10.2400	O1810R14	500	3.937733	0.000328	2021-08-12 07:52:56	10.414	0.000	0.339	2.760	3.539	3.675	0.096	0.004	0.000	85.000	55.032	
10.8500	C1310R10	500	2.258700	0.000565	2021-08-12 07:53:10	14.354	0.000	0.333	5.260	5.027	3.621	0.095	0.018	0.000	85.254	52.895	
10.3030	CO210R12	500	3.734106	0.000363	2021-08-12 07:53:23	12.665	0.000	0.318	3.183	5.475	3.576	0.099	0.015	0.000	77.361	34.759	
10.2280	O1810R16	500	3.980029	0.000390	2021-08-12 07:53:34	11.085	0.000	0.340	3.148	3.858	3.619	0.105	0.014	0.000	90.000	44.819	
10.2890	CO210R14	500	3.777237	0.000406	2021-08-12 07:53:50	14.906	0.000	0.325	5.444	5.408	3.620	0.097	0.012	0.000	90.000	23.502	
10.8330	C1310R12	500	2.294823	0.001068	2021-08-12 07:54:01	11.088	0.000	0.320	2.071	4.990	3.594	0.094	0.019	0.000	100.000	100.000	
10.2160	O1810R18	500	4.017531	0.000350	2021-08-12 07:54:11	10.364	0.000	0.319	3.294	3.042	3.606	0.081	0.021	0.000	85.000	51.777	
10.2740	CO210R16	500	3.825983	0.000419	2021-08-12 07:54:23	11.935	0.000	0.329	3.484	4.404	3.606	0.093	0.019	0.000	50.000	56.537	
10.2040	O1810R20	500	4.055964	0.000365	2021-08-12 07:54:34	10.296	0.000	0.340	3.366	2.860	3.608	0.092	0.029	0.000	87.500	49.606	
10.8160	C1310R14	500	2.323774	0.000714	2021-08-12 07:54:46	12.051	0.000	0.335	4.068	3.967	3.585	0.089	0.007	0.000	100.000	100.000	
10.2600	CO210R18	500	3.874232	0.000408	2021-08-12 07:55:02	16.252	0.000	0.317	7.368	4.899	3.563	0.088	0.017	0.000	88.804	17.891	
10.1930	O1810R22	500	4.089758	0.000363	2021-08-12 07:55:12	9.692	0.000	0.315	2.693	3.002	3.576	0.093	0.014	0.000	85.000	48.211	
10.8000	C1310R16	500	2.361287	0.000699	2021-08-12 07:55:23	10.222	0.000	0.343	2.782	3.450	3.542	0.083	0.021	0.000	100.000	100.000	
10.2470	CO210R20	500	3.889142	0.000389	2021-08-12 07:55:34	11.751	0.000	0.321	3.252	4.455	3.610	0.099	0.014	0.000	64.167	38.745	
10.1820	O1810R24	500	4.114097	0.000404	2021-08-12 07:55:45	10.273	0.000	0.309	2.969	3.225	3.661	0.094	0.015	0.000	90.000	47.126	
10.7840	C1310R18	500	2.377612	0.000579	2021-08-12 07:55:56	10.913	0.000	0.327	2.769	4.206	3.516	0.051	0.044	0.000	76.667	56.411	
10.2330	CO210R22	500	3.973169	0.000396	2021-08-12 07:56:09	13.324	0.000	0.318	3.761	5.599	3.551	0.074	0.022	0.000	76.511	33.067	
10.1710	O1810R26	500	4.166263	0.000414	2021-08-12 07:56:19	9.956	0.000	0.329	2.563	3.409	3.551	0.084	0.022	0.000	85.000	50.262	
10.7680	C1310R20	500	2.421550	0.000525	2021-08-12 07:56:31	12.043	0.000	0.318	3.500	4.524	3.594	0.099	0.008	0.000	89.375	76.770	
10.2200	CO210R24	500	4.015294	0.000353	2021-08-12 07:56:47	15.282	0.000	0.315	5.749	5.514	3.603	0.093	0.009	0.000	86.799	26.786	
10.1610	O1810R28	500	4.182959	0.000355	2021-08-12 07:56:57	9.506	0.000	0.335	2.549	2.905	3.605	0.091	0.022	0.000	85.000	47.408	
10.7530	C1310R22	500	2.452668	0.000909	2021-08-12 07:57:08	11.298	0.000	0.334	2.467	4.846	3.548	0.090	0.012	0.000	100.000	100.000	
10.2070	CO210R26	500	4.046476	0.000407	2021-08-12 07:57:22	13.317	0.000	0.322	4.560	4.797	3.533	0.087	0.017	0.000	69.520	36.062	
10.1500	O1810R30	500	4.230137	0.000442	2021-08-12 07:57:32	10.551	0.000	0.316	3.268	3.252	3.597	0.098	0.020	0.000	87.500	72.892	
10.7380	C1310R24	500	2.482244	0.000721	2021-08-12 07:57:43	10.137	0.000	0.336	2.164	3.921	3.599	0.093	0.023	0.000	100.000	100.000	
10.1950	CO210R28	500	4.078448	0.000363	2021-08-12 07:57:57	13.654	0.000	0.314	4.896	4.739	3.587	0.095	0.023	0.000	90.000	27.083	
10.1410	O1810R32	500	4.242921	0.000367	2021-08-12 07:58:07	10.187	0.000	0.315	3.671	2.515	3.580	0.093	0.012	0.000	88.097	87.332	
10.7230	C1310R26	500	2.524629	0.000596	2021-08-12 07:58:18	10.698	0.000	0.325	2.971	3.687	3.601	0.091	0.022	0.000	88.666	74.954	
10.1820	CO210R30	500	4.117630	0.000395	2021-08-12 07:58:30	12.158	0.000	0.325	3.363	4.766	3.594	0.093	0.017	0.000	73.125	38.373	
10.7080	C1310R28	500	2.559910	0.000726	2021-08-12 07:58:42	11.955	0.000	0.314	2.695	5.268	3.570	0.088	0.019	0.000	100.000	100.000	
10.1700	CO210R32	500	4.157918	0.000356	2021-08-12 07:58:57	13.142	0.000	0.326	4.261	4.846	3.599	0.093	0.017	0.000	90.000	33.898	
10.6940	C1310R30	500	2.588420	0.001112	2021-08-12 07:59:07	10.308	0.000	0.315	2.283	4.007	3.596	0.092	0.015	0.000	100.000	100.000	
10.1590	CO210R34	500	4.208344	0.000343	2021-08-12 07:59:24	13.703	0.000	0.320	3.945	5.742	3.591	0.084	0.020	0.000	83.580	29.854	
10.6800	C1310R32	500	2.623492	0.000737	2021-08-12 07:59:36	11.770	0.000	0.318	2.755	4.979	3.611	0.092	0.014	0.000	100.000	100.000	
10.1470	CO210R36	500	4.232539	0.000337	2021-08-12 07:59:51	13.330	0.000	0.319	4.495	4.820	3.588	0.094	0.013	0.000	69.520	43.420	
10.1310	O1810R34	0	NaN	NaN	2021-08-12 07:59:54	2.749	0.000	0.315	2.349	0.000	0.000	0.007	0.079	0.000	100.000	100.000	
10.6660	C1310R34	500	2.660158	0.000900	2021-08-12 08:00:05	11.120	0.000	0.313	2.181	4.960	3.529	0.133	0.006	0.000	100.000	100.000	
10.1360	CO210R38	500	4.260525	0.000349	2021-08-12 08:00:20	14.635	0.000	0.337	5.582	5.022	3.592	0.092	0.010	0.000	79.402	39.491	
10.6520	C1310R36	500	2.694397	0.000704	2021-08-12 08:00:31	11.081	0.000	0.319	2.047	5.066	3.547	0.085	0.017	0.000	100.000	100.000	
10.1220	O1810R36	0	NaN	NaN	2021-08-12 08:00:33	0.418	0.000	0.316	0.100	0.000	0.000	0.002	0.000	0.000	0.100	0.100	
10.1250	CO210R40	500	4.293193	0.000358	2021-08-12 08:00:45	13.167	0.000	0.315	4.047	5.103	3.557	0.136	0.007	0.000	90.000	51.886	
10.6390	C1310R38	500	2.723025	0.000810	2021-08-12 08:00:56	9.358	0.000	0.318	2.604	2.697	3.615	0.100	0.022	0.000	100.000	100.000	
9.7530	CO209P42	500	4.389535	0.000323	2021-08-12 08:01:16	16.655	0.000	0.345	7.812	4.816	3.577	0.086	0.018	0.000	90.000	39.258	
10.6260	C1310R40	500	2.758302	0.000963	2021-08-12 08:01:28	11.175	0.000	0.343	2.066	5.125	3.541	0.082	0.019	0.000	100.000	100.000	
9.7330	CO209P40	500	4.360751	0.000361	2021-08-12 08:01:42	12.284	0.000	0.338	3.866	4.369	3.604	0.098	0.008	0.000	78.385	28.319	
9.7140	CO209P38	500	4.340941	0.000324	2021-08-12 08:02:10	12.210	0.000	0.326	2.664	5.494	3.607	0.097	0.021	0.000	87.263	18.633	
9.6950	CO209P36	500	4.314556	0.000341	2021-08-12 08:02:40	12.867	0.000	0.318	4.380	4.493	3.577	0.089	0.010	0.000	89.688	16.319	
9.6750	CO209P34	500	4.262888	0.000315	2021-08-12 08:03:08	11.984	0.000	0.316	3.068	4.917	3.587	0.088	0.009	0.000	88.750	12.093	
9.5520	O1809P46	-1	-1000000.000000	-1.000000	2021-08-12 08:03:33	0.000	0.000	0.000	0.000	0.000	0.000	0.000	0.000	0.000	-1.000	-1.000	
9.6570	CO209P32	500	4.252056	0.000365	2021-08-12 08:03:40	15.393	0.000	0.323	5.760	5.627	3.584	0.087	0.013	0.000	89.990	11.866	
10.1520	C1309P36	-1	-1000000.000000	-1.000000	2021-08-12 08:03:49	0.000	0.000	0.000	0.000	0.000	0.000	0.000	0.000	0.000	-1.000	-1.000	
9.5360	O1809P44	500	3.884137	0.000355	2021-08-12 08:03:58	13.091	0.000	0.340	5.261	3.781	3.586	0.103	0.021	0.000	90.000	16.036	
9.6390	CO209P30	500	4.213788	0.000330	2021-08-12 08:04:12	14.355	0.000	0.313	4.762	5.550	3.617	0.093	0.019	0.000	71.213	0.100	
9.5190	O1809P42	500	3.838251	0.000334	2021-08-12 08:04:27	14.705	0.000	0.314	7.062	3.606	3.615	0.089	0.019	0.000	90.000	12.976	
9.6210	CO209P28	500	4.164023	0.000373	2021-08-12 08:04:41	13.713	0.000	0.316	4.065	5.612	3.607	0.092	0.021	0.000	65.220	0.100	
9.5030	O1809P40	500	3.749645	0.000393	2021-08-12 08:04:51	10.467	0.000	0.316	2.965	3.461	3.610	0.100	0.015	0.000	50.952	0.100	
9.6040	CO209P26	500	4.119749	0.000333	2021-08-12 08:05:21	26.375	0.000	0.313	16.859	5.521	3.587	0.086	0.009	0.000	90.000	11.515	
9.4880	O1809P38	500	3.710165	0.000459	2021-08-12 08:05:32	10.198	0.000	0.314	2.777	3.388	3.614	0.090	0.015	0.000	42.136	0.100	
10.1310	C1309P34	-1	-1000000.000000	-1.000000	2021-08-12 08:05:41	0.000	0.000	0.000	0.000	0.000	0.000	0.000	0.000	0.000	-1.000	-1.000	
9.5880	CO209P24	500	4.053078	0.000395	2021-08-12 08:05:49	14.322	0.000	0.313	5.150	5.168	3.589	0.093	0.010	0.000	52.516	0.100	
9.4720	O1809P36	500	3.632294	0.000367	2021-08-12 08:06:05	16.034	0.000	0.318	2.911	9.154	3.550	0.084	0.017	0.000	41.338	0.100	
10.1100	C1309P32	500	4.343606	0.000800	2021-08-12 08:06:16	10.985	0.000	0.338	2.261	4.652	3.609	0.106	0.019	0.000	100.000	100.000	
9.4570	O1809P34	500	3.549361	0.000493	2021-08-12 08:06:29	12.592	0.000	0.327	4.996	3.569	3.586	0.091	0.022	0.000	39.904	0.100	
9.5690	CO209P22	500	4.008690	0.000432	2021-08-12 08:06:41	12.217	0.000	0.326	2.999	5.189	3.611	0.088	0.004	0.000	58.399	0.100	
9.4410	O1809P32	500	3.499665	0.000564	2021-08-12 08:06:52	10.798	0.000	0.344	4.052	2.691	3.602	0.092	0.017	0.000	31.508	0.100	
10.0900	C1309P30	500	4.398473	0.000452	2021-08-12 08:07:05	12.103	0.000	0.336	2.964	5.099	3.598	0.098	0.009	0.000	100.000	100.000	
9.4270	O1809P30	500	3.422729	0.000401	2021-08-12 08:07:16	11.748	0.000	0.342	4.676	3.007	3.615	0.098	0.009	0.000	39.252	0.100	
9.5520	CO209P20	500	3.949456	0.000373	2021-08-12 08:07:29	12.788	0.000	0.326	4.144	4.638	3.573	0.089	0.017	0.000	60.806	0.100	
9.4120	O1809P28	500	3.331393	0.000438	2021-08-12 08:07:40	10.068	0.000	0.327	2.295	3.753	3.584	0.087	0.023	0.000	32.401	0.100	
10.0700	C1309P28	500	4.442829	0.000444	2021-08-12 08:07:52	11.856	0.000	0.317	4.664	3.158	3.605	0.099	0.013	0.000	90.000	80.037	
9.3970	O1809P26	500	3.249614	0.000430	2021-08-12 08:08:03	11.381	0.000	0.313	4.064	3.272	3.616	0.096	0.019	0.000	30.510	0.100	
9.5360	CO209P18	500	3.878810	0.000353	2021-08-12 08:08:17	13.823	0.000	0.317	4.762	5.034	3.589	0.095	0.026	0.000	61.846	0.100	
9.3830	O1809P24	500	3.157274	0.000479	2021-08-12 08:08:27	9.068	0.000	0.326	2.245	2.788	3.596	0.095	0.018	0.000	27.289	0.100	
10.0500	C1309P26	500	4.490493	0.000390	2021-08-12 08:08:40	12.954	0.000	0.329	4.371	4.549	3.598	0.088	0.018	0.000	89.250	59.819	
9.3690	O1809P22	500	3.101051	0.000443	2021-08-12 08:08:50	10.342	0.000	0.311	2.483	3.895	3.549	0.087	0.017	0.000	27.113	0.100	
9.5200	CO209P16	500	3.837101	0.000413	2021-08-12 08:09:04	13.497	0.000	0.311	3.963	5.525	3.602	0.096	0.000	0.000	63.356	0.100	
9.3550	O1809P20	500	3.024755	0.000421	2021-08-12 08:09:14	10.531	0.000	0.321	2.868	3.630	3.600	0.094	0.018	0.000	25.392	0.100	
10.0310	C1309P24	500	4.534918	0.000319	2021-08-12 08:09:28	14.025	0.000	0.324	4.464	5.537	3.589	0.087	0.024	0.000	90.000	55.789	
9.3410	O1809P18	500	2.938991	0.000477	2021-08-12 08:09:39	10.007	0.000	0.319	3.048	2.858	3.581	0.116	0.085	0.000	24.850	0.100	
9.5040	CO209P14	500	3.758197	0.000376	2021-08-12 08:09:52	13.100	0.000	0.330	3.378	5.656	3.620	0.104	0.012	0.000	55.630	0.100	
9.3280	O1809P16	500	2.863474	0.000463	2021-08-12 08:10:01	8.978	0.000	0.322	1.953	3.016	3.577	0.088	0.022	0.000	25.527	0.100	
10.0120	C1309P22	500	4.539166	0.000309	2021-08-12 08:10:14	12.602	0.000	0.320	3.361	5.228	3.593	0.091	0.008	0.000	88.609	55.367	
9.3150	O1809P14	500	2.796811	0.000454	2021-08-12 08:10:26	11.548	0.000	0.317	3.877	3.636	3.609	0.106	0.003	0.000	26.088	0.100	
9.4880	CO209P12	514	3.692875	0.001017	2021-08-12 08:10:51	25.610	0.000	0.325	3.866	11.132	10.167	0.109	0.012	0.000	43.935	0.100	
9.3020	O1809P12	500	2.729240	0.000458	2021-08-12 08:11:03	11.542	0.000	0.344	3.546	3.960	3.582	0.110	0.000	0.000	27.892	0.100	
9.9940	C1309P20	500	4.588878	0.000356	2021-08-12 08:11:15	11.656	0.000	0.324	3.267	4.369	3.572	0.110	0.014	0.000	88.644	58.536	
9.2890	O1809P10	500	2.642962	0.000526	2021-08-12 08:11:26	10.581	0.000	0.330	3.865	2.739	3.537	0.088	0.022	0.000	26.287	0.100	
9.4730	CO209P10	500	3.636856	0.000399	2021-08-12 08:11:39	13.444	0.000	0.316	4.564	4.909	3.550	0.086	0.017	0.000	59.823	0.100	
9.2760	O1809P08	500	2.547668	0.000536	2021-08-12 08:11:48	8.747	0.000	0.316	2.263	2.525	3.549	0.082	0.011	0.000	24.739	0.100	
9.9750	C1309P18	500	4.615751	0.000435	2021-08-12 08:12:00	11.861	0.000	0.325	3.765	4.056	3.603	0.095	0.017	0.000	88.195	51.609	
9.2640	O1809P06	500	2.488815	0.000487	2021-08-12 08:12:11	10.513	0.000	0.325	3.384	3.120	3.579	0.089	0.016	0.000	31.958	0.100	
9.4580	CO209P08	500	3.565275	0.000389	2021-08-12 08:12:23	11.854	0.000	0.323	3.064	4.778	3.585	0.089	0.015	0.000	48.832	0.100	
9.1990	O1809R04	500	2.047740	0.000581	2021-08-12 08:12:34	11.712	0.000	0.317	3.748	3.951	3.584	0.092	0.019	0.000	49.307	0.100	
9.9570	C1309P16	500	4.622353	0.000313	2021-08-12 08:12:48	13.566	0.000	0.340	4.650	4.884	3.584	0.094	0.014	0.000	85.556	66.186	
9.1870	O1809R06	0	NaN	NaN	2021-08-12 08:12:50	0.426	0.000	0.323	0.101	0.000	0.000	0.002	0.000	0.000	0.100	0.100	
9.3540	CO209R06	500	3.024775	0.000447	2021-08-12 08:13:01	12.717	0.000	0.335	3.969	4.758	3.522	0.118	0.015	0.000	41.992	0.100	
9.1760	O1809R08	500	1.923434	0.000537	2021-08-12 08:13:11	9.795	0.000	0.326	2.246	3.581	3.529	0.094	0.018	0.000	30.969	0.100	
9.9400	C1309P14	500	4.646106	0.000666	2021-08-12 08:13:23	11.725	0.000	0.327	3.963	3.740	3.577	0.098	0.020	0.000	90.000	72.872	
9.1660	O1809R10	500	1.831499	0.000535	2021-08-12 08:13:34	10.814	0.000	0.334	2.946	3.873	3.554	0.092	0.015	0.000	18.626	0.100	
9.3420	CO209R08	500	2.942147	0.000560	2021-08-12 08:13:47	13.027	0.000	0.325	4.775	4.237	3.578	0.096	0.016	0.000	40.674	0.100	
9.9230	C1309P12	500	4.623106	0.000505	2021-08-12 08:13:59	11.243	0.000	0.314	3.566	3.723	3.545	0.091	0.005	0.000	87.500	63.842	
9.1550	O1809R12	500	1.760114	0.000655	2021-08-12 08:14:09	10.473	0.000	0.325	2.885	3.670	3.506	0.053	0.035	0.000	18.061	0.100	
9.3290	CO209R10	500	2.892091	0.000445	2021-08-12 08:14:22	12.681	0.000	0.325	4.269	4.478	3.518	0.073	0.018	0.000	48.826	0.100	
9.9060	C1309P10	500	4.610064	0.000423	2021-08-12 08:14:35	13.296	0.000	0.337	4.494	4.840	3.522	0.077	0.026	0.000	89.418	97.349	
9.1450	O1809R14	500	1.693824	0.000688	2021-08-12 08:14:47	11.883	0.000	0.315	3.661	4.202	3.602	0.099	0.004	0.000	20.072	0.100	
9.3170	CO209R12	500	2.745463	0.000467	2021-08-12 08:15:01	13.727	0.000	0.313	4.144	5.576	3.579	0.098	0.018	0.000	43.025	0.100	
9.1340	O1809R16	500	1.630685	0.000612	2021-08-12 08:15:12	10.306	0.000	0.331	2.662	3.615	3.591	0.092	0.015	0.000	17.069	0.100	
9.3050	CO209R14	500	2.745292	0.000452	2021-08-12 08:15:28	12.963	0.000	0.328	4.161	4.775	3.582	0.094	0.024	0.000	41.788	0.100	
9.1250	O1809R18	500	1.507463	0.000749	2021-08-12 08:15:38	9.892	0.000	0.326	2.463	3.418	3.573	0.087	0.025	0.000	22.768	0.100	
9.7620	C1309R08	500	4.419421	0.000407	2021-08-12 08:15:51	12.984	0.000	0.314	3.866	5.113	3.580	0.098	0.013	0.000	90.000	83.676	
9.1150	O1809R20	500	1.508320	0.000781	2021-08-12 08:16:02	11.310	0.000	0.316	3.851	3.458	3.572	0.097	0.017	0.000	25.422	0.100	
9.2940	CO209R16	500	2.654624	0.000542	2021-08-12 08:16:16	13.228	0.000	0.319	3.746	5.497	3.555	0.094	0.017	0.000	34.429	0.100	
9.7490	C1309R10	500	4.383929	0.000789	2021-08-12 08:16:28	12.156	0.000	0.334	2.961	5.164	3.587	0.095	0.015	0.000	90.000	96.764	
9.1050	O1809R22	500	1.444776	0.000726	2021-08-12 08:16:40	11.647	0.000	0.323	3.991	3.630	3.581	0.091	0.031	0.000	21.359	0.100	
9.7360	C1309R12	500	4.368085	0.000493	2021-08-12 08:16:54	13.971	0.000	0.314	4.470	5.487	3.595	0.097	0.009	0.000	90.000	83.227	
9.0950	O1809R24	500	1.443895	0.000754	2021-08-12 08:17:05	11.008	0.000	0.320	3.285	3.682	3.608	0.097	0.017	0.000	15.870	0.100	
9.2820	CO209R18	500	2.587631	0.000566	2021-08-12 08:17:19	13.931	0.000	0.313	4.763	5.064	3.629	0.136	0.027	0.000	39.973	0.100	
9.7230	C1309R14	500	4.343842	0.000331	2021-08-12 08:17:32	13.137	0.000	0.323	3.481	5.636	3.580	0.103	0.014	0.000	88.661	51.057	
9.0860	O1809R26	500	1.328830	0.000775	2021-08-12 08:17:43	10.522	0.000	0.326	2.851	3.626	3.589	0.108	0.022	0.000	14.111	0.100	
9.7100	C1309R16	500	4.330041	0.000650	2021-08-12 08:17:55	12.131	0.000	0.314	4.561	3.535	3.605	0.098	0.019	0.000	90.000	53.830	
9.0770	O1809R28	500	1.329639	0.000661	2021-08-12 08:18:06	10.424	0.000	0.311	2.847	3.574	3.590	0.099	0.003	0.000	17.606	0.100	
9.2710	CO209R20	500	2.540463	0.000529	2021-08-12 08:18:18	12.225	0.000	0.325	3.327	4.992	3.486	0.053	0.042	0.000	31.392	0.100	
9.6980	C1309R18	500	4.307649	0.000513	2021-08-12 08:18:31	12.646	0.000	0.325	3.863	4.785	3.567	0.084	0.022	0.000	89.375	63.372	
9.0680	O1809R30	500	1.238041	0.000854	2021-08-12 08:18:41	10.203	0.000	0.321	2.753	3.463	3.556	0.090	0.020	0.000	14.231	0.100	
9.2610	CO209R22	500	2.475887	0.000564	2021-08-12 08:18:53	12.202	0.000	0.313	3.867	4.338	3.567	0.099	0.019	0.000	34.031	0.100	
9.6860	C1309R20	500	4.267789	0.000596	2021-08-12 08:19:06	13.156	0.000	0.317	4.382	4.807	3.541	0.090	0.018	0.000	89.834	69.041	
9.0590	O1809R32	500	1.166170	0.000922	2021-08-12 08:19:17	10.418	0.000	0.325	2.972	3.468	3.543	0.089	0.023	0.000	14.479	0.100	
9.2500	CO209R24	500	2.399127	0.000496	2021-08-12 08:19:30	13.392	0.000	0.321	3.864	5.530	3.573	0.092	0.013	0.000	32.270	0.100	
9.6750	C1309R22	500	4.236723	0.000451	2021-08-12 08:19:43	11.928	0.000	0.316	3.463	4.467	3.585	0.094	0.003	0.000	89.375	42.632	
9.0510	O1809R34	500	1.125188	0.000930	2021-08-12 08:19:53	10.672	0.000	0.313	2.882	3.789	3.574	0.093	0.020	0.000	16.588	0.100	
9.2400	CO209R26	500	2.325788	0.000533	2021-08-12 08:20:06	12.751	0.000	0.313	4.065	4.674	3.596	0.094	0.009	0.000	30.344	0.100	
9.6630	C1309R24	500	4.234628	0.000440	2021-08-12 08:20:19	12.745	0.000	0.320	3.592	5.139	3.577	0.091	0.025	0.000	89.219	48.455	
9.0420	O1809R36	500	1.084561	0.000975	2021-08-12 08:20:29	10.392	0.000	0.315	2.759	3.618	3.581	0.094	0.026	0.000	17.137	0.100	
9.2300	CO209R28	500	2.260664	0.000596	2021-08-12 08:20:41	11.523	0.000	0.328	2.862	4.609	3.608	0.095	0.021	0.000	30.859	0.100	
9.6520	C1309R26	500	4.217564	0.000390	2021-08-12 08:20:54	12.649	0.000	0.321	2.663	6.022	3.534	0.089	0.021	0.000	90.000	62.091	
9.0340	O1809R38	500	1.015539	0.000938	2021-08-12 08:21:07	13.327	0.000	0.320	3.058	6.267	3.580	0.086	0.018	0.000	19.652	0.100	
9.6420	C1309R28	500	4.193873	0.000474	2021-08-12 08:21:20	12.836	0.000	0.326	4.378	4.439	3.577	0.093	0.023	0.000	88.707	37.240	
9.0260	O1809R40	500	0.992477	0.001099	2021-08-12 08:21:33	12.028	0.000	0.320	4.177	3.680	3.724	0.086	0.043	0.000	31.204	0.100	
9.2190	CO209R30	500	2.162968	0.000594	2021-08-12 08:21:48	15.064	0.000	0.322	6.171	4.736	3.726	0.095	0.015	0.000	36.151	0.100	
9.2100	CO209R32	500	2.146484	0.000533	2021-08-12 08:22:18	13.849	0.000	0.320	4.499	4.703	4.215	0.092	0.020	0.000	42.631	0.100	
9.2010	CO209R34	500	2.072879	0.000601	2021-08-12 08:22:50	13.994	0.000	0.318	4.462	5.550	3.563	0.087	0.014	0.000	38.333	0.100	
10.8110	CO210P40	500	2.319600	0.001159	2021-08-12 08:23:27	10.771	0.000	0.311	2.284	4.470	3.593	0.096	0.016	0.000	100.000	100.000	
9.0180	O1809R42	-1	-1000000.000000	-1.000000	2021-08-12 08:24:27	0.000	0.000	0.000	0.000	0.000	0.000	0.000	0.000	0.000	-1.000	-1.000	
9.6310	C1309R30	0	NaN	NaN	2021-08-12 08:25:28	108.101	0.000	0.312	8.828	76.021	22.936	0.003	0.000	0.000	100.000	100.000	
10.6640	O1810P36	500	2.665333	0.000500	2021-08-12 08:25:37	8.943	0.000	0.335	1.369	3.536	3.553	0.134	0.015	0.000	100.000	100.000	
9.6210	C1309R32	-1	-1000000.000000	-1.000000	2021-08-12 08:27:26	0.000	0.000	0.000	0.000	0.000	0.000	0.000	0.000	0.000	-1.000	-1.000	
10.1310	O1810R34	500	4.286517	0.001272	2021-08-12 08:27:32	9.434	0.000	0.320	1.972	3.461	3.568	0.088	0.024	0.000	100.000	100.000	
10.1220	O1810R36	500	4.304023	0.000802	2021-08-12 08:27:55	9.059	0.000	0.312	2.169	2.893	3.571	0.091	0.022	0.000	100.000	100.000	
9.6110	C1309R34	-1	-1000000.000000	-1.000000	2021-08-12 08:29:19	0.000	0.000	0.000	0.000	0.000	0.000	0.000	0.000	0.000	-1.000	-1.000	
9.5520	O1809P46	-1	-1000000.000000	-1.000000	2021-08-12 08:30:44	0.000	0.000	0.000	0.000	0.000	0.000	0.000	0.000	0.000	-1.000	-1.000	
9.1870	O1809R06	0	NaN	NaN	2021-08-12 08:31:17	0.411	0.000	0.323	0.085	0.000	0.000	0.002	0.000	0.000	0.100	0.100	
10.1520	C1309P36	-1	-1000000.000000	-1.000000	2021-08-12 08:31:22	0.000	0.000	0.000	0.000	0.000	0.000	0.000	0.000	0.000	-1.000	-1.000	
10.1310	C1309P34	-1	-1000000.000000	-1.000000	2021-08-12 08:33:20	0.000	0.000	0.000	0.000	0.000	0.000	0.000	0.000	0.000	-1.000	-1.000	
9.0180	O1809R42	-1	-1000000.000000	-1.000000	2021-08-12 08:33:55	0.000	0.000	0.000	0.000	0.000	0.000	0.000	0.000	0.000	-1.000	-1.000	
9.6310	C1309R30	500	4.170093	0.000919	2021-08-12 08:34:01	13.674	0.000	0.313	4.664	5.020	3.530	0.140	0.008	0.000	85.000	70.434	
9.6210	C1309R32	500	4.124407	0.000310	2021-08-12 08:35:49	11.549	0.000	0.319	4.164	3.311	3.639	0.096	0.021	0.000	85.000	59.111	
9.6110	C1309R34	-1	-1000000.000000	-1.000000	2021-08-12 08:37:25	0.000	0.000	0.000	0.000	0.000	0.000	0.000	0.000	0.000	-1.000	-1.000	
