Wavelength	Line name	# of completed ringdowns	Ringdowntimes (us)	STOT	TimeStamp	Get ringdown time (s)	Step time (s)	Step time (s)	Step time(s)	Step time(s) 	Step time(s) 	Step time(s)	Step time(s)	Step time(s) 	AOM setting	Attenuator setting
10.8110	CO210P40	500	1.880488	0.000707	2021-08-15 20:16:25	10.148	0.000	0.318	1.464	4.617	3.593	0.157	0.000	0.000	100.000	100.000	
10.7870	CO210P38	500	1.968971	0.000552	2021-08-15 20:16:56	13.310	0.000	0.320	4.348	4.971	3.561	0.109	0.000	0.000	90.000	79.942	
10.7640	CO210P36	500	1.981140	0.001170	2021-08-15 20:17:25	11.258	0.000	0.311	2.069	5.187	3.583	0.108	0.000	0.000	100.000	100.000	
10.7410	CO210P34	500	2.027980	0.001140	2021-08-15 20:17:55	10.787	0.000	0.331	2.264	4.524	3.564	0.103	0.000	0.000	100.000	100.000	
10.7190	CO210P32	500	2.045788	0.000929	2021-08-15 20:18:23	11.217	0.000	0.328	2.367	4.908	3.517	0.097	0.000	0.000	100.000	100.000	
10.6640	O1810P36	-1	2.190363	0.001514	2021-08-15 20:18:58	0.000	0.000	0.000	0.000	0.000	0.000	0.000	0.000	0.000	-1.000	-1.000	
11.2390	C1310P28	501	1.262593	0.002573	2021-08-15 20:19:10	46.349	0.000	0.326	2.818	22.362	20.734	0.109	0.000	0.000	100.000	100.000	
10.6960	CO210P30	500	2.149974	0.000649	2021-08-15 20:19:22	11.868	0.000	0.336	2.366	5.485	3.569	0.112	0.000	0.000	100.000	100.000	
10.6750	CO210P28	500	2.188065	0.001602	2021-08-15 20:19:51	10.891	0.000	0.323	2.379	4.484	3.587	0.117	0.000	0.000	100.000	100.000	
10.6430	O1810P34	-1	-1000000.000000	-1.000000	2021-08-15 20:20:15	0.000	0.000	0.000	0.000	0.000	0.000	0.000	0.000	0.000	-1.000	-1.000	
10.6530	CO210P26	500	2.207864	0.000898	2021-08-15 20:20:20	11.400	0.000	0.314	2.264	5.141	3.568	0.113	0.000	0.000	100.000	100.000	
10.6220	O1810P32	500	2.272333	0.000942	2021-08-15 20:20:38	9.472	0.000	0.320	2.054	3.370	3.608	0.120	0.000	0.000	100.000	100.000	
10.6320	CO210P24	500	2.234535	0.005759	2021-08-15 20:20:50	12.316	0.000	0.323	2.320	5.987	3.570	0.116	0.000	0.000	100.000	100.000	
10.6020	O1810P30	500	2.308165	0.000908	2021-08-15 20:21:02	8.704	0.000	0.337	2.161	2.564	3.540	0.102	0.000	0.000	100.000	100.000	
10.6110	CO210P22	500	2.292487	0.001792	2021-08-15 20:21:16	10.831	0.000	0.322	1.377	5.446	3.571	0.114	0.000	0.000	100.000	100.000	
11.2160	C1310P26	-1	1.191745	0.002690	2021-08-15 20:21:26	0.000	0.000	0.000	0.000	0.000	0.000	0.000	0.000	0.000	-1.000	-1.000	
10.5820	O1810P28	500	2.326503	0.001030	2021-08-15 20:21:26	9.642	0.000	0.334	3.084	2.533	3.572	0.119	0.000	0.000	96.720	100.000	
10.5910	CO210P20	500	2.316607	0.004584	2021-08-15 20:21:40	10.384	0.000	0.322	1.561	4.811	3.580	0.110	0.000	0.000	100.000	100.000	
10.5630	O1810P26	500	2.362591	0.000765	2021-08-15 20:21:52	11.085	0.000	0.326	4.171	2.834	3.602	0.151	0.000	0.000	90.000	81.617	
10.5710	CO210P18	500	2.311486	0.005040	2021-08-15 20:22:04	10.610	0.000	0.327	1.681	4.910	3.573	0.118	0.000	0.000	100.000	100.000	
10.5430	O1810P24	500	2.299256	0.001203	2021-08-15 20:22:18	11.075	0.000	0.317	3.466	3.583	3.592	0.116	0.000	0.000	85.000	75.143	
10.5510	CO210P16	500	2.328796	0.003021	2021-08-15 20:22:29	10.104	0.000	0.321	1.764	4.288	3.612	0.119	0.000	0.000	100.000	100.000	
10.5250	O1810P22	500	2.321514	0.000639	2021-08-15 20:22:41	9.057	0.000	0.322	2.161	2.890	3.571	0.113	0.000	0.000	100.000	100.000	
10.5320	CO210P14	502	2.335188	0.005707	2021-08-15 20:23:06	22.758	0.000	0.324	2.426	10.630	9.275	0.104	0.000	0.000	100.000	100.000	
10.5060	O1810P20	500	2.364080	0.001062	2021-08-15 20:23:17	11.115	0.000	0.315	3.362	3.892	3.482	0.045	0.019	0.000	90.000	79.140	
10.5130	CO210P12	500	2.386411	0.001377	2021-08-15 20:23:31	10.449	0.000	0.313	1.777	4.681	3.577	0.100	0.000	0.000	100.000	100.000	
11.1940	C1310P24	500	1.196499	0.005936	2021-08-15 20:23:43	11.701	0.000	0.328	2.563	5.138	3.558	0.114	0.000	0.000	100.000	100.000	
10.4880	O1810P18	500	2.406224	0.000542	2021-08-15 20:23:55	12.044	0.000	0.319	4.564	3.451	3.593	0.116	0.000	0.000	82.790	74.694	
10.4940	CO210P10	500	2.436563	0.002079	2021-08-15 20:24:05	9.787	0.000	0.321	1.764	5.237	2.348	0.117	0.000	0.000	100.000	100.000	
10.4710	O1810P16	500	2.491713	0.001032	2021-08-15 20:24:21	10.076	0.000	0.323	2.250	3.786	3.601	0.115	0.000	0.000	90.000	87.124	
10.4760	CO210P08	492	2.487581	0.007740	2021-08-15 20:25:23	61.623	0.000	0.331	3.754	41.734	15.692	0.111	0.000	0.000	100.000	100.000	
11.1710	C1310P22	500	1.310970	0.004345	2021-08-15 20:25:33	10.625	0.000	0.327	3.065	3.541	3.572	0.120	0.000	0.000	100.000	100.000	
10.4530	O1810P14	500	2.517288	0.001481	2021-08-15 20:25:44	10.868	0.000	0.341	3.955	2.881	3.574	0.117	0.000	0.000	90.000	90.946	
10.4580	CO210P06	500	2.519581	0.002154	2021-08-15 20:25:56	11.334	0.000	0.329	1.763	5.502	3.613	0.123	0.004	0.000	100.000	100.000	
11.1490	C1310P20	500	1.314239	0.004139	2021-08-15 20:26:06	10.020	0.000	0.314	3.351	2.658	3.576	0.120	0.000	0.000	91.201	100.000	
10.4360	O1810P12	500	2.560566	0.000457	2021-08-15 20:26:18	11.838	0.000	0.323	4.254	3.540	3.603	0.117	0.000	0.000	90.000	84.065	
10.3650	CO210R04	500	2.577365	0.000741	2021-08-15 20:26:33	14.600	0.000	0.321	3.898	6.657	3.606	0.118	0.000	0.000	100.000	100.000	
10.4200	O1810P10	500	2.592353	0.001977	2021-08-15 20:26:44	11.177	0.000	0.311	3.768	3.412	3.567	0.117	0.000	0.000	88.696	79.118	
10.3490	CO210R06	500	2.495029	0.000362	2021-08-15 20:26:57	10.508	0.000	0.320	1.768	4.732	3.569	0.117	0.000	0.000	100.000	100.000	
10.4040	O1810P08	500	2.633154	0.000490	2021-08-15 20:27:07	9.072	0.000	0.341	1.760	3.253	3.606	0.112	0.000	0.000	100.000	100.000	
10.3340	CO210R08	500	2.549674	0.000604	2021-08-15 20:27:24	11.163	0.000	0.339	2.845	4.278	3.585	0.116	0.000	0.000	90.000	69.234	
10.2780	O1810R08	500	2.847401	0.000763	2021-08-15 20:27:34	9.957	0.000	0.336	2.562	3.370	3.574	0.116	0.000	0.000	100.000	100.000	
10.3180	CO210R10	500	2.724184	0.000433	2021-08-15 20:27:50	12.459	0.000	0.315	3.349	5.114	3.568	0.112	0.000	0.000	85.000	43.964	
10.2650	O1810R10	500	2.880545	0.001269	2021-08-15 20:28:01	10.997	0.000	0.337	4.049	2.630	3.858	0.122	0.000	0.000	90.000	86.979	
10.3030	CO210R12	500	2.712870	0.000348	2021-08-15 20:28:16	12.469	0.000	0.311	2.591	5.782	3.669	0.117	0.000	0.000	80.000	58.898	
11.1280	C1310P18	500	1.338599	0.001094	2021-08-15 20:28:26	9.398	0.000	0.314	1.895	3.463	3.603	0.122	0.000	0.000	100.000	100.000	
10.2520	O1810R12	500	2.884498	0.000612	2021-08-15 20:28:38	12.146	0.000	0.323	3.965	4.016	3.727	0.115	0.000	0.000	87.500	71.441	
10.2890	CO210R14	500	2.740547	0.000290	2021-08-15 20:28:52	14.280	0.000	0.320	4.747	5.529	3.562	0.121	0.000	0.000	82.881	41.597	
10.2400	O1810R14	500	2.915034	0.000748	2021-08-15 20:29:05	12.381	0.000	0.321	5.352	2.987	3.599	0.121	0.000	0.000	87.800	73.285	
10.2740	CO210R16	500	2.826875	0.000467	2021-08-15 20:29:19	12.825	0.000	0.321	4.068	4.767	3.560	0.109	0.000	0.000	64.400	50.173	
10.2280	O1810R16	500	2.921681	0.000380	2021-08-15 20:29:30	10.053	0.000	0.323	2.746	3.296	3.570	0.117	0.000	0.000	85.000	69.145	
10.2600	CO210R18	500	2.901782	0.000503	2021-08-15 20:29:45	11.739	0.000	0.318	2.355	5.433	3.525	0.106	0.000	0.000	80.000	40.016	
10.2160	O1810R18	500	2.966683	0.000889	2021-08-15 20:29:55	9.966	0.000	0.328	3.161	2.780	3.583	0.114	0.000	0.000	74.309	80.000	
10.2470	CO210R20	500	2.659905	0.000365	2021-08-15 20:30:11	12.293	0.000	0.319	2.681	5.684	3.500	0.109	0.000	0.000	73.704	48.389	
10.2040	O1810R20	500	2.994288	0.000302	2021-08-15 20:30:22	10.949	0.000	0.319	3.447	3.465	3.600	0.117	0.000	0.000	87.500	60.619	
10.2330	CO210R22	500	2.915917	0.000502	2021-08-15 20:30:36	11.547	0.000	0.319	2.962	4.600	3.554	0.112	0.000	0.000	88.503	43.543	
11.1070	C1310P16	500	1.355083	0.001415	2021-08-15 20:30:47	10.545	0.000	0.314	2.261	4.297	3.558	0.115	0.000	0.000	100.000	100.000	
10.1930	O1810R22	500	3.033498	0.000816	2021-08-15 20:30:59	11.408	0.000	0.312	3.880	3.480	3.609	0.125	0.002	0.000	85.000	58.762	
11.0860	C1310P14	500	1.382329	0.000524	2021-08-15 20:31:09	10.482	0.000	0.327	2.479	3.982	3.583	0.110	0.000	0.000	100.000	100.000	
10.2200	CO210R24	500	2.926972	0.000542	2021-08-15 20:31:21	11.315	0.000	0.324	2.965	4.311	3.594	0.120	0.000	0.000	75.350	46.345	
10.1820	O1810R24	500	3.011994	0.000403	2021-08-15 20:31:32	11.368	0.000	0.324	3.348	3.977	3.601	0.117	0.000	0.000	90.000	69.475	
11.0650	C1310P12	500	1.378929	0.001257	2021-08-15 20:31:42	9.295	0.000	0.323	2.552	2.721	3.582	0.117	0.000	0.000	100.000	100.000	
10.2070	CO210R26	500	2.960640	0.000356	2021-08-15 20:31:54	12.360	0.000	0.330	3.863	4.468	3.587	0.112	0.000	0.000	86.049	46.885	
10.1710	O1810R26	500	3.051597	0.000382	2021-08-15 20:32:06	11.067	0.000	0.320	4.064	3.033	3.542	0.108	0.000	0.000	90.000	80.161	
11.0450	C1310P10	500	1.338736	0.003115	2021-08-15 20:32:16	10.410	0.000	0.333	1.779	4.618	3.566	0.114	0.000	0.000	100.000	100.000	
10.1950	CO210R28	500	3.007301	0.001461	2021-08-15 20:32:31	14.833	0.000	0.326	6.372	4.424	3.594	0.117	0.000	0.000	85.973	39.377	
10.1610	O1810R28	500	3.023446	0.001087	2021-08-15 20:32:42	11.003	0.000	0.319	3.366	3.660	3.554	0.104	0.000	0.000	80.000	80.000	
10.1820	CO210R30	500	3.017402	0.000619	2021-08-15 20:32:58	12.084	0.000	0.325	2.670	5.463	3.518	0.107	0.000	0.000	76.667	49.812	
10.1500	O1810R30	500	3.034504	0.000551	2021-08-15 20:33:08	10.251	0.000	0.324	2.584	3.623	3.603	0.115	0.000	0.000	100.000	100.000	
10.1700	CO210R32	500	3.044976	0.000509	2021-08-15 20:33:27	14.125	0.000	0.320	4.961	5.148	3.584	0.112	0.000	0.000	86.440	52.073	
10.1410	O1810R32	500	2.973115	0.000331	2021-08-15 20:33:37	9.796	0.000	0.316	2.548	3.231	3.585	0.114	0.000	0.000	100.000	100.000	
10.1590	CO210R34	500	3.001568	0.000346	2021-08-15 20:33:54	11.520	0.000	0.319	3.365	4.123	3.596	0.116	0.000	0.000	87.500	46.211	
10.1310	O1810R34	500	3.036898	0.001664	2021-08-15 20:34:03	9.098	0.000	0.320	1.983	3.215	3.523	0.049	0.009	0.000	100.000	100.000	
10.1470	CO210R36	500	3.030784	0.000441	2021-08-15 20:34:22	13.572	0.000	0.315	4.275	5.405	3.487	0.088	0.000	0.000	87.366	49.282	
11.0250	C1310P08	500	1.447276	0.001812	2021-08-15 20:34:33	10.869	0.000	0.315	2.248	4.680	3.519	0.106	0.000	0.000	100.000	100.000	
10.1220	O1810R36	500	2.930818	0.002111	2021-08-15 20:34:42	8.644	0.000	0.319	2.300	2.319	3.592	0.114	0.000	0.000	100.000	100.000	
10.1360	CO210R38	500	2.954923	0.000538	2021-08-15 20:34:54	12.648	0.000	0.314	3.363	5.319	3.549	0.103	0.000	0.000	89.388	62.168	
10.1250	CO210R40	500	2.945806	0.000657	2021-08-15 20:35:25	12.342	0.000	0.327	3.262	5.027	3.606	0.119	0.000	0.000	100.000	100.000	
9.7530	CO209P42	500	1.607931	0.001117	2021-08-15 20:35:57	13.564	0.000	0.325	4.461	5.068	3.595	0.114	0.000	0.000	100.000	100.000	
9.7330	CO209P40	500	1.266299	0.001250	2021-08-15 20:36:25	11.705	0.000	0.316	2.366	5.334	3.574	0.115	0.000	0.000	100.000	100.000	
9.7140	CO209P38	500	1.414271	0.004103	2021-08-15 20:36:53	11.519	0.000	0.330	2.662	4.827	3.555	0.145	0.000	0.000	100.000	100.000	
11.0050	C1310P06	500	1.454740	0.005212	2021-08-15 20:37:06	9.243	0.000	0.333	1.468	3.755	3.566	0.121	0.000	0.000	100.000	100.000	
9.6950	CO209P36	500	1.317747	0.005188	2021-08-15 20:37:18	11.676	0.000	0.326	2.747	4.888	3.598	0.116	0.000	0.000	100.000	100.000	
9.5520	O1809P46	-1	-1000000.000000	-1.000000	2021-08-15 20:37:39	0.000	0.000	0.000	0.000	0.000	0.000	0.000	0.000	0.000	-1.000	-1.000	
10.8840	C1310R06	500	1.754193	0.000502	2021-08-15 20:38:14	53.516	0.000	0.329	8.404	23.934	20.740	0.110	0.000	0.000	100.000	100.000	
9.5360	O1809P44	500	1.154597	0.004661	2021-08-15 20:38:26	11.346	0.000	0.325	3.650	3.731	3.530	0.110	0.000	0.000	100.000	100.000	
9.6750	CO209P34	500	1.164010	0.005314	2021-08-15 20:38:38	12.275	0.000	0.324	2.963	5.334	3.545	0.109	0.000	0.000	100.000	100.000	
10.8670	C1310R08	500	1.810974	0.001871	2021-08-15 20:38:48	9.796	0.000	0.316	2.367	3.420	3.577	0.115	0.000	0.000	90.000	94.963	
9.5190	O1809P42	500	1.143896	0.002530	2021-08-15 20:39:05	16.671	0.000	0.314	8.865	3.833	3.545	0.112	0.000	0.000	88.623	61.206	
10.8500	C1310R10	500	1.833190	0.002123	2021-08-15 20:39:15	9.982	0.000	0.313	2.566	3.431	3.558	0.114	0.000	0.000	100.000	100.000	
9.6570	CO209P32	500	1.223579	0.001449	2021-08-15 20:39:27	12.252	0.000	0.318	3.184	5.028	3.607	0.114	0.000	0.000	100.000	100.000	
10.8330	C1310R12	500	1.892676	0.001624	2021-08-15 20:39:38	10.274	0.000	0.317	2.768	3.506	3.572	0.111	0.001	0.000	100.000	100.000	
9.5030	O1809P40	500	1.121654	0.003204	2021-08-15 20:39:50	12.385	0.000	0.312	4.763	3.605	3.588	0.118	0.000	0.000	85.000	37.960	
10.8160	C1310R14	500	1.932073	0.006257	2021-08-15 20:40:03	12.486	0.000	0.320	3.747	4.723	3.581	0.114	0.000	0.000	89.536	97.501	
9.4880	O1809P38	500	1.140179	0.001468	2021-08-15 20:40:15	11.881	0.000	0.314	4.546	3.340	3.570	0.111	0.000	0.000	90.000	32.286	
10.8000	C1310R16	500	1.953205	0.001303	2021-08-15 20:40:24	9.438	0.000	0.312	2.076	3.341	3.595	0.114	0.000	0.000	100.000	100.000	
9.6390	CO209P30	500	1.118304	0.005855	2021-08-15 20:40:37	12.740	0.000	0.335	3.180	5.536	3.577	0.111	0.000	0.000	100.000	100.000	
9.4720	O1809P36	500	1.129905	0.001393	2021-08-15 20:40:49	12.286	0.000	0.314	4.562	3.726	3.570	0.114	0.000	0.000	90.000	27.873	
10.7840	C1310R18	500	1.857236	0.005527	2021-08-15 20:41:02	11.953	0.000	0.339	3.762	4.167	3.573	0.112	0.000	0.000	89.375	80.661	
9.4570	O1809P34	500	1.052534	0.005527	2021-08-15 20:41:15	12.905	0.000	0.320	5.648	3.269	3.557	0.111	0.000	0.000	89.375	23.143	
10.7680	C1310R20	500	1.961406	0.000400	2021-08-15 20:41:25	10.576	0.000	0.321	2.966	3.615	3.556	0.118	0.000	0.000	100.000	100.000	
9.6210	CO209P28	500	1.176858	0.003619	2021-08-15 20:41:39	13.999	0.000	0.322	4.959	5.027	3.576	0.114	0.000	0.000	90.000	65.273	
9.4410	O1809P32	500	1.135697	0.002048	2021-08-15 20:41:51	11.819	0.000	0.329	4.480	3.343	3.557	0.110	0.000	0.000	90.000	17.632	
10.7530	C1310R22	500	1.969038	0.001601	2021-08-15 20:42:01	9.515	0.000	0.323	2.196	3.314	3.570	0.112	0.000	0.000	100.000	100.000	
9.6040	CO209P26	500	1.180228	0.000814	2021-08-15 20:42:15	13.656	0.000	0.338	4.165	5.451	3.587	0.114	0.000	0.000	90.000	70.336	
9.4270	O1809P30	500	1.160624	0.002151	2021-08-15 20:42:27	12.351	0.000	0.326	4.848	3.472	3.589	0.114	0.000	0.000	90.000	19.243	
10.7380	C1310R24	500	1.972899	0.001315	2021-08-15 20:42:37	9.950	0.000	0.319	2.580	3.347	3.590	0.113	0.000	0.000	100.000	100.000	
9.5880	CO209P24	500	1.186111	0.001136	2021-08-15 20:42:52	14.851	0.000	0.322	6.384	4.469	3.566	0.110	0.000	0.000	66.000	56.393	
9.4120	O1809P28	500	1.117382	0.002219	2021-08-15 20:43:05	12.971	0.000	0.316	5.378	3.653	3.520	0.104	0.000	0.000	90.000	14.556	
10.7230	C1310R26	500	2.063675	0.003263	2021-08-15 20:43:15	9.580	0.000	0.320	2.648	2.938	3.559	0.114	0.000	0.000	100.000	100.000	
9.5690	CO209P22	500	1.167174	0.000687	2021-08-15 20:43:29	13.723	0.000	0.318	4.562	5.146	3.585	0.113	0.000	0.000	90.000	47.800	
9.3970	O1809P26	500	1.079024	0.002872	2021-08-15 20:43:42	12.922	0.000	0.316	5.647	3.275	3.574	0.110	0.000	0.000	90.000	16.413	
10.7080	C1310R28	500	2.114253	0.001742	2021-08-15 20:43:52	9.993	0.000	0.338	2.164	3.855	3.532	0.105	0.000	0.000	100.000	100.000	
9.5520	CO209P20	500	1.174029	0.002041	2021-08-15 20:44:05	13.448	0.000	0.322	4.247	5.203	3.566	0.112	0.000	0.000	90.000	38.927	
9.3830	O1809P24	500	0.954840	0.000809	2021-08-15 20:44:19	13.368	0.000	0.321	6.063	3.264	3.610	0.110	0.000	0.000	90.000	13.510	
10.6940	C1310R30	500	2.137967	0.001101	2021-08-15 20:44:29	10.171	0.000	0.317	2.152	4.029	3.562	0.111	0.000	0.000	100.000	100.000	
9.5360	CO209P18	500	1.153265	0.000665	2021-08-15 20:44:43	13.728	0.000	0.324	4.473	5.259	3.558	0.114	0.000	0.000	90.000	39.566	
9.3690	O1809P22	500	1.025607	0.000528	2021-08-15 20:44:57	14.376	0.000	0.312	6.784	3.606	3.560	0.114	0.000	0.000	90.000	12.227	
10.6800	C1310R32	500	2.156401	0.002234	2021-08-15 20:45:07	9.601	0.000	0.314	2.265	3.337	3.572	0.112	0.000	0.000	100.000	100.000	
9.5200	CO209P16	500	1.131949	0.001292	2021-08-15 20:45:20	12.808	0.000	0.325	4.179	4.641	3.551	0.111	0.000	0.000	90.000	38.673	
10.6660	C1310R34	500	2.173713	0.000879	2021-08-15 20:45:29	9.209	0.000	0.331	2.060	3.122	3.581	0.114	0.000	0.000	100.000	100.000	
9.3550	O1809P20	500	1.090150	0.001483	2021-08-15 20:45:42	12.555	0.000	0.315	4.857	3.689	3.575	0.119	0.000	0.000	78.014	0.100	
10.6520	C1310R36	500	2.209617	0.002578	2021-08-15 20:45:52	9.494	0.000	0.313	2.371	3.108	3.591	0.111	0.000	0.000	100.000	100.000	
9.5040	CO209P14	500	1.112536	0.000520	2021-08-15 20:46:05	13.223	0.000	0.338	3.749	5.459	3.565	0.111	0.000	0.000	90.000	41.964	
9.3410	O1809P18	500	1.070797	0.000897	2021-08-15 20:46:17	11.785	0.000	0.314	4.465	3.334	3.558	0.113	0.000	0.000	71.783	0.100	
10.6390	C1310R38	500	2.227233	0.000981	2021-08-15 20:46:28	11.241	0.000	0.327	2.361	4.841	3.595	0.117	0.000	0.000	100.000	100.000	
9.3280	O1809P16	500	1.038343	0.000699	2021-08-15 20:46:39	10.514	0.000	0.325	2.980	3.522	3.574	0.113	0.000	0.000	90.000	0.238	
9.4880	CO209P12	500	1.125157	0.002587	2021-08-15 20:46:52	13.135	0.000	0.332	3.765	5.337	3.588	0.112	0.000	0.000	90.000	29.768	
10.6260	C1310R40	500	2.229415	0.003667	2021-08-15 20:47:01	9.137	0.000	0.322	2.076	3.037	3.588	0.113	0.000	0.000	100.000	100.000	
9.3150	O1809P14	500	1.022191	0.003147	2021-08-15 20:47:14	13.000	0.000	0.322	5.663	3.340	3.559	0.115	0.000	0.000	90.000	0.554	
9.4730	CO209P10	500	1.111227	0.001403	2021-08-15 20:47:27	12.653	0.000	0.327	3.461	5.179	3.576	0.110	0.000	0.000	90.000	32.397	
9.3020	O1809P12	500	0.988870	0.000402	2021-08-15 20:48:13	44.059	0.000	0.330	36.561	3.465	3.588	0.114	0.000	0.000	90.000	11.214	
9.4580	CO209P08	500	1.061657	0.000730	2021-08-15 20:48:25	11.737	0.000	0.313	2.596	5.123	3.590	0.115	0.000	0.000	90.000	41.279	
9.2890	O1809P10	500	1.016791	0.002609	2021-08-15 20:48:36	9.865	0.000	0.314	2.465	3.427	3.556	0.103	0.000	0.000	80.000	0.100	
10.1520	C1309P36	-1	-1000000.000000	-1.000000	2021-08-15 20:48:55	0.000	0.000	0.000	0.000	0.000	0.000	0.000	0.000	0.000	-1.000	-1.000	
9.3540	CO209R06	500	1.090596	0.000733	2021-08-15 20:48:53	13.336	0.000	0.318	4.165	5.149	3.589	0.114	0.000	0.000	90.000	21.739	
9.2760	O1809P08	500	0.998428	0.002741	2021-08-15 20:49:02	9.709	0.000	0.317	2.382	3.320	3.576	0.114	0.000	0.000	90.000	0.195	
9.3420	CO209R08	500	1.070657	0.001925	2021-08-15 20:49:19	12.883	0.000	0.328	3.860	5.067	3.527	0.102	0.000	0.000	90.000	21.032	
9.2640	O1809P06	500	1.009873	0.000747	2021-08-15 20:49:35	16.066	0.000	0.328	8.982	3.063	3.581	0.111	0.000	0.000	90.000	12.174	
9.3290	CO209R10	500	1.051151	0.001266	2021-08-15 20:49:48	13.101	0.000	0.321	3.567	5.505	3.594	0.114	0.000	0.000	90.000	19.346	
9.1990	O1809R04	500	1.054646	0.002815	2021-08-15 20:50:00	11.871	0.000	0.316	4.162	3.723	3.560	0.110	0.000	0.000	90.000	18.092	
9.3170	CO209R12	500	0.984309	0.004139	2021-08-15 20:50:16	13.907	0.000	0.346	4.648	5.234	3.564	0.113	0.000	0.000	90.000	14.044	
9.3050	CO209R14	500	0.987467	0.002860	2021-08-15 20:50:48	14.606	0.000	0.313	5.463	5.117	3.602	0.112	0.000	0.000	90.000	12.539	
9.1870	O1809R06	0	NaN	NaN	2021-08-15 20:50:50	0.408	0.000	0.321	0.085	0.000	0.000	0.001	0.000	0.000	0.100	0.100	
10.1310	C1309P34	-1	-1000000.000000	-1.000000	2021-08-15 20:50:57	0.000	0.000	0.000	0.000	0.000	0.000	0.000	0.000	0.000	-1.000	-1.000	
9.2940	CO209R16	500	0.983038	0.002712	2021-08-15 20:51:28	24.328	0.000	0.319	15.361	4.981	3.515	0.150	0.000	0.000	90.000	11.807	
10.1100	C1309P32	500	2.992063	0.001595	2021-08-15 20:51:39	10.962	0.000	0.322	2.267	4.684	3.574	0.115	0.000	0.000	100.000	100.000	
9.1760	O1809R08	500	1.061220	0.001863	2021-08-15 20:51:52	13.229	0.000	0.314	5.669	3.509	3.589	0.148	0.000	0.000	56.629	0.100	
10.0900	C1309P30	500	2.840750	0.001035	2021-08-15 20:52:03	11.117	0.000	0.323	2.367	4.748	3.561	0.118	0.000	0.000	100.000	100.000	
9.1660	O1809R10	500	1.058556	0.000843	2021-08-15 20:52:17	13.145	0.000	0.319	5.451	3.717	3.545	0.113	0.000	0.000	32.452	0.100	
10.0700	C1309P28	500	2.985769	0.000793	2021-08-15 20:52:26	9.652	0.000	0.325	2.379	3.298	3.543	0.106	0.000	0.000	100.000	100.000	
9.2820	CO209R18	500	0.995414	0.001292	2021-08-15 20:52:42	15.913	0.000	0.318	6.363	5.552	3.559	0.121	0.000	0.000	90.000	12.970	
10.0500	C1309P26	500	2.961200	0.001562	2021-08-15 20:52:52	10.007	0.000	0.322	2.563	3.501	3.516	0.106	0.000	0.000	100.000	100.000	
9.1550	O1809R12	500	1.073588	0.001309	2021-08-15 20:53:03	10.646	0.000	0.315	3.163	3.469	3.585	0.113	0.000	0.000	30.574	0.100	
9.2710	CO209R20	500	0.999368	0.000565	2021-08-15 20:53:16	12.615	0.000	0.333	3.462	5.168	3.544	0.108	0.000	0.000	70.821	0.100	
10.0310	C1309P24	500	2.858546	0.002408	2021-08-15 20:53:26	10.034	0.000	0.311	2.671	3.422	3.527	0.102	0.000	0.000	100.000	100.000	
9.1450	O1809R14	500	1.072294	0.001144	2021-08-15 20:53:40	13.435	0.000	0.322	5.669	3.736	3.589	0.118	0.000	0.000	33.214	0.100	
10.0120	C1309P22	500	2.720255	0.001067	2021-08-15 20:53:51	11.017	0.000	0.313	2.249	4.783	3.553	0.117	0.000	0.000	100.000	100.000	
9.2610	CO209R22	500	1.016996	0.002901	2021-08-15 20:54:04	13.141	0.000	0.330	3.548	5.632	3.523	0.108	0.000	0.000	90.000	0.507	
9.9940	C1309P20	500	2.686422	0.002544	2021-08-15 20:54:15	10.503	0.000	0.321	2.371	4.141	3.561	0.109	0.000	0.000	100.000	100.000	
9.1340	O1809R16	500	1.041356	0.001881	2021-08-15 20:54:27	11.738	0.000	0.320	4.079	3.655	3.568	0.115	0.000	0.000	23.132	0.100	
9.9750	C1309P18	500	2.584884	0.003195	2021-08-15 20:54:37	9.937	0.000	0.313	2.370	3.588	3.548	0.117	0.000	0.000	100.000	100.000	
9.2500	CO209R24	500	1.014784	0.006583	2021-08-15 20:54:50	13.186	0.000	0.322	3.770	5.403	3.574	0.115	0.000	0.000	70.494	0.100	
9.9570	C1309P16	500	2.533765	0.001683	2021-08-15 20:55:00	9.436	0.000	0.321	2.263	3.158	3.578	0.115	0.000	0.000	100.000	100.000	
9.1250	O1809R18	500	1.034707	0.002576	2021-08-15 20:55:11	11.620	0.000	0.316	4.343	3.289	3.557	0.114	0.000	0.000	27.585	0.100	
9.2400	CO209R26	500	1.039349	0.002927	2021-08-15 20:55:25	13.327	0.000	0.320	3.982	5.323	3.590	0.112	0.000	0.000	62.013	0.100	
9.9400	C1309P14	500	2.399983	0.003787	2021-08-15 20:55:34	9.422	0.000	0.318	2.345	3.061	3.586	0.113	0.000	0.000	100.000	100.000	
9.1150	O1809R20	500	1.032872	0.000626	2021-08-15 20:55:46	11.043	0.000	0.326	3.665	3.409	3.536	0.107	0.000	0.000	27.978	0.100	
9.9230	C1309P12	500	2.367909	0.002682	2021-08-15 20:55:57	10.922	0.000	0.341	2.365	4.529	3.577	0.111	0.000	0.000	100.000	100.000	
9.2300	CO209R28	500	1.040213	0.007034	2021-08-15 20:56:10	13.473	0.000	0.332	4.376	5.131	3.529	0.106	0.000	0.000	63.510	0.100	
9.9060	C1309P10	500	2.304937	0.002448	2021-08-15 20:56:21	10.695	0.000	0.328	2.367	4.334	3.556	0.109	0.000	0.000	100.000	100.000	
9.1050	O1809R22	500	1.004917	0.001122	2021-08-15 20:56:34	12.895	0.000	0.330	5.453	3.428	3.570	0.115	0.000	0.000	25.772	0.100	
9.2190	CO209R30	500	0.972157	0.000671	2021-08-15 20:56:48	13.884	0.000	0.327	4.362	5.508	3.573	0.113	0.000	0.000	81.111	4.271	
9.0950	O1809R24	500	1.002274	0.002575	2021-08-15 20:57:00	10.447	0.000	0.319	2.861	3.645	3.520	0.102	0.000	0.000	24.247	0.100	
9.2100	CO209R32	500	1.059150	0.001564	2021-08-15 20:57:14	12.346	0.000	0.326	3.262	5.095	3.552	0.111	0.000	0.000	71.664	0.100	
9.0860	O1809R26	500	0.975297	0.001026	2021-08-15 20:57:25	10.657	0.000	0.325	3.260	3.365	3.591	0.114	0.000	0.000	20.666	0.100	
9.2010	CO209R34	500	1.054870	0.001158	2021-08-15 20:57:40	12.719	0.000	0.318	4.053	4.675	3.561	0.112	0.000	0.000	90.000	14.547	
9.0770	O1809R28	500	0.976555	0.003370	2021-08-15 20:57:51	10.715	0.000	0.330	3.358	3.343	3.568	0.116	0.000	0.000	24.179	0.100	
9.7620	C1309R08	-1	-1000000.000000	-1.000000	2021-08-15 20:58:15	0.000	0.000	0.000	0.000	0.000	0.000	0.000	0.000	0.000	-1.000	-1.000	
9.0680	O1809R30	500	0.931947	0.000939	2021-08-15 20:58:16	10.880	0.000	0.326	3.159	3.690	3.592	0.112	0.000	0.000	19.889	0.100	
9.7490	C1309R10	500	1.514067	0.002871	2021-08-15 20:58:34	9.588	0.000	0.319	2.351	3.215	3.588	0.114	0.001	0.000	100.000	100.000	
9.0590	O1809R32	500	0.898969	0.001962	2021-08-15 20:58:46	11.864	0.000	0.315	4.154	3.698	3.581	0.115	0.000	0.000	20.740	0.100	
9.7360	C1309R12	500	1.276723	0.003351	2021-08-15 20:58:56	10.137	0.000	0.312	2.363	3.771	3.578	0.113	0.000	0.000	100.000	100.000	
9.0510	O1809R34	500	0.878922	0.002828	2021-08-15 20:59:10	12.141	0.000	0.319	4.695	3.419	3.591	0.117	0.000	0.000	22.737	0.100	
9.7230	C1309R14	500	1.363245	0.007364	2021-08-15 20:59:21	10.901	0.000	0.326	2.355	4.509	3.593	0.117	0.000	0.000	100.000	100.000	
9.0420	O1809R36	500	0.856524	0.002233	2021-08-15 20:59:35	12.458	0.000	0.311	4.963	3.546	3.536	0.103	0.000	0.000	22.367	0.100	
9.7100	C1309R16	500	1.409894	0.009287	2021-08-15 20:59:46	10.937	0.000	0.333	2.364	4.547	3.577	0.115	0.000	0.000	100.000	100.000	
9.0340	O1809R38	500	0.815902	0.001365	2021-08-15 20:59:58	11.929	0.000	0.324	4.059	3.868	3.563	0.114	0.000	0.000	25.556	0.100	
9.6980	C1309R18	500	1.347247	0.004227	2021-08-15 21:00:08	9.186	0.000	0.323	2.350	2.814	3.586	0.112	0.000	0.000	100.000	100.000	
9.0260	O1809R40	500	0.812259	0.001918	2021-08-15 21:00:23	12.880	0.000	0.333	5.262	3.584	3.586	0.115	0.000	0.000	39.413	0.100	
9.6860	C1309R20	500	1.238595	0.010278	2021-08-15 21:00:32	9.050	0.000	0.329	2.298	2.733	3.574	0.115	0.000	0.000	100.000	100.000	
9.0180	O1809R42	-1	-1000000.000000	-1.000000	2021-08-15 21:02:53	0.000	0.000	0.000	0.000	0.000	0.000	0.000	0.000	0.000	-1.000	-1.000	
9.6750	C1309R22	500	1.165933	0.011997	2021-08-15 21:03:18	10.421	0.000	0.321	2.347	4.063	3.576	0.113	0.000	0.000	100.000	100.000	
10.6640	O1810P36	500	2.190363	0.001514	2021-08-15 21:03:26	8.586	0.000	0.318	1.371	3.241	3.548	0.108	0.000	0.000	100.000	100.000	
9.6630	C1309R24	500	1.216457	0.004840	2021-08-15 21:03:41	11.300	0.000	0.328	2.361	4.947	3.548	0.115	0.000	0.000	100.000	100.000	
10.6430	O1810P34	0	NaN	NaN	2021-08-15 21:03:44	2.576	0.000	0.327	2.246	0.000	0.000	0.003	0.000	0.000	100.000	100.000	
9.6520	C1309R26	500	1.181838	0.001789	2021-08-15 21:04:10	10.297	0.000	0.333	2.387	3.875	3.549	0.153	0.000	0.000	100.000	100.000	
9.5520	O1809P46	-1	-1000000.000000	-1.000000	2021-08-15 21:06:18	0.000	0.000	0.000	0.000	0.000	0.000	0.000	0.000	0.000	-1.000	-1.000	
9.6420	C1309R28	500	1.136716	0.013917	2021-08-15 21:06:41	9.715	0.000	0.324	2.367	3.377	3.539	0.107	0.000	0.000	100.000	100.000	
9.1870	O1809R06	500	1.039334	0.000625	2021-08-15 21:06:53	12.910	0.000	0.323	5.169	3.716	3.563	0.138	0.000	0.000	39.345	0.100	
9.6310	C1309R30	-1	-1000000.000000	-1.000000	2021-08-15 21:08:44	0.000	0.000	0.000	0.000	0.000	0.000	0.000	0.000	0.000	-1.000	-1.000	
9.0180	O1809R42	-1	-1000000.000000	-1.000000	2021-08-15 21:09:34	0.000	0.000	0.000	0.000	0.000	0.000	0.000	0.000	0.000	-1.000	-1.000	
9.6210	C1309R32	-1	-1000000.000000	-1.000000	2021-08-15 21:10:28	0.000	0.000	0.000	0.000	0.000	0.000	0.000	0.000	0.000	-1.000	-1.000	
9.6110	C1309R34	-1	-1000000.000000	-1.000000	2021-08-15 21:12:02	0.000	0.000	0.000	0.000	0.000	0.000	0.000	0.000	0.000	-1.000	-1.000	
11.2160	C1310P26	502	1.191745	0.002690	2021-08-15 21:12:55	23.695	0.000	0.313	2.770	11.241	9.269	0.101	0.000	0.000	100.000	100.000	
10.1520	C1309P36	-1	-1000000.000000	-1.000000	2021-08-15 21:14:36	0.000	0.000	0.000	0.000	0.000	0.000	0.000	0.000	0.000	-1.000	-1.000	
10.1310	C1309P34	-1	-1000000.000000	-1.000000	2021-08-15 21:16:10	0.000	0.000	0.000	0.000	0.000	0.000	0.000	0.000	0.000	-1.000	-1.000	
9.7620	C1309R08	-1	-1000000.000000	-1.000000	2021-08-15 21:17:45	0.000	0.000	0.000	0.000	0.000	0.000	0.000	0.000	0.000	-1.000	-1.000	
9.6310	C1309R30	-1	-1000000.000000	-1.000000	2021-08-15 21:19:19	0.000	0.000	0.000	0.000	0.000	0.000	0.000	0.000	0.000	-1.000	-1.000	
9.6210	C1309R32	0	NaN	NaN	2021-08-15 21:20:59	6.804	0.000	0.341	6.461	0.000	0.000	0.001	0.000	0.000	100.000	100.000	
9.6110	C1309R34	-1	-1000000.000000	-1.000000	2021-08-15 21:22:32	0.000	0.000	0.000	0.000	0.000	0.000	0.000	0.000	0.000	-1.000	-1.000	
