Wavelength	Line name	# of completed ringdowns	Ringdowntimes (us)	STOT	TimeStamp	Get ringdown time (s)	Step time (s)	Step time (s)	Step time(s)	Step time(s) 	Step time(s) 	Step time(s)	Step time(s)	Step time(s) 	AOM setting	Attenuator setting
10.8110	CO210P40	-1	2.344454	0.001047	2021-08-26 13:59:49	0.000	0.000	0.000	0.000	0.000	0.000	0.000	0.000	0.000	-1.000	-1.000	
10.7870	CO210P38	500	2.396643	0.000671	2021-08-26 14:00:18	13.696	0.000	0.335	4.049	5.498	3.667	0.147	0.001	0.000	90.000	86.918	
10.7640	CO210P36	500	2.451470	0.001741	2021-08-26 14:00:49	11.169	0.000	0.314	2.173	4.983	3.589	0.110	0.000	0.000	100.000	100.000	
10.7410	CO210P34	500	2.504488	0.000514	2021-08-26 14:01:17	10.796	0.000	0.318	2.274	4.543	3.547	0.108	0.004	0.000	100.000	100.000	
10.7190	CO210P32	500	2.555544	0.000456	2021-08-26 14:01:47	11.524	0.000	0.313	2.378	5.195	3.546	0.092	0.000	0.000	100.000	100.000	
11.2390	C1310P28	0	NaN	NaN	2021-08-26 14:01:50	0.431	0.000	0.327	0.102	0.000	0.000	0.002	0.000	0.000	0.100	0.100	
10.6640	O1810P36	-1	2.675866	0.001112	2021-08-26 14:02:12	0.000	0.000	0.000	0.000	0.000	0.000	0.000	0.000	0.000	-1.000	-1.000	
10.6960	CO210P30	500	2.607727	0.000857	2021-08-26 14:02:19	13.199	0.000	0.332	2.368	6.746	3.577	0.176	0.000	0.000	100.000	100.000	
11.2160	C1310P26	500	1.676228	0.001868	2021-08-26 14:02:30	10.763	0.000	0.326	2.878	3.824	3.613	0.122	0.000	0.000	86.759	54.791	
10.6750	CO210P28	500	2.653305	0.001359	2021-08-26 14:02:43	10.871	0.000	0.312	1.865	5.051	3.539	0.105	0.000	0.000	100.000	100.000	
10.6530	CO210P26	516	2.699656	0.003626	2021-08-26 14:03:25	23.251	0.000	0.315	2.268	12.414	8.150	0.104	0.000	0.000	100.000	100.000	
11.1940	C1310P24	512	1.712979	0.000879	2021-08-26 14:03:56	21.045	0.000	0.324	3.077	8.767	8.753	0.124	0.000	0.000	88.305	51.044	
10.6320	CO210P24	500	2.745975	0.007777	2021-08-26 14:04:08	11.451	0.000	0.317	2.288	5.127	3.588	0.130	0.000	0.000	100.000	100.000	
11.1710	C1310P22	500	1.739909	0.002438	2021-08-26 14:04:24	12.844	0.000	0.320	4.363	4.440	3.604	0.116	0.000	0.000	81.111	53.368	
10.6110	CO210P22	500	2.815509	0.002361	2021-08-26 14:04:35	10.666	0.000	0.331	1.895	4.729	3.601	0.109	0.000	0.000	100.000	100.000	
11.1490	C1310P20	500	1.767765	0.000805	2021-08-26 14:04:52	12.207	0.000	0.326	3.874	4.270	3.614	0.123	0.000	0.000	87.695	43.831	
10.6430	O1810P34	-1	2.731771	0.000356	2021-08-26 14:04:56	0.000	0.000	0.000	0.000	0.000	0.000	0.000	0.000	0.000	-1.000	-1.000	
10.5910	CO210P20	500	2.867703	0.003100	2021-08-26 14:05:15	23.024	0.000	0.324	1.995	11.310	9.281	0.114	0.000	0.000	100.000	100.000	
11.1280	C1310P18	500	1.809375	0.000604	2021-08-26 14:05:25	10.526	0.000	0.313	2.644	3.848	3.601	0.120	0.000	0.000	83.519	52.583	
10.5710	CO210P18	500	2.859951	0.003843	2021-08-26 14:05:39	10.801	0.000	0.321	1.865	4.892	3.604	0.119	0.000	0.000	100.000	100.000	
11.1070	C1310P16	500	1.829923	0.000957	2021-08-26 14:05:51	11.398	0.000	0.328	3.646	3.740	3.572	0.112	0.000	0.000	89.097	75.946	
10.5510	CO210P16	500	2.972197	0.001145	2021-08-26 14:06:04	11.286	0.000	0.323	1.963	5.351	3.546	0.104	0.000	0.000	100.000	100.000	
10.6220	O1810P32	-1	1.721375	0.106599	2021-08-26 14:06:08	0.000	0.000	0.000	0.000	0.000	0.000	0.000	0.000	0.000	-1.000	-1.000	
11.0860	C1310P14	500	1.872446	0.000592	2021-08-26 14:06:18	12.574	0.000	0.329	3.821	4.756	3.556	0.112	0.000	0.000	70.800	54.298	
10.5320	CO210P14	500	2.970568	0.005277	2021-08-26 14:06:29	10.317	0.000	0.313	2.269	3.985	3.634	0.115	0.000	0.000	100.000	100.000	
10.6020	O1810P30	500	2.843200	0.000884	2021-08-26 14:06:41	11.696	0.000	0.328	4.173	3.413	3.610	0.168	0.005	0.000	90.000	92.728	
10.5130	CO210P12	500	3.069433	0.000712	2021-08-26 14:06:52	10.995	0.000	0.313	2.365	4.619	3.584	0.113	0.000	0.000	100.000	100.000	
11.0650	C1310P12	500	1.897978	0.001404	2021-08-26 14:07:05	13.110	0.000	0.321	4.166	4.881	3.619	0.122	0.000	0.000	88.025	66.799	
10.5820	O1810P28	500	2.890645	0.000570	2021-08-26 14:07:15	10.143	0.000	0.316	3.260	2.880	3.576	0.111	0.000	0.000	90.000	87.986	
10.4940	CO210P10	500	3.138735	0.001121	2021-08-26 14:07:27	12.315	0.000	0.318	3.268	5.045	3.570	0.115	0.000	0.000	89.366	78.683	
10.5630	O1810P26	522	2.947676	0.000721	2021-08-26 14:07:52	22.704	0.000	0.327	4.281	10.608	7.372	0.115	0.000	0.000	85.556	72.044	
11.0450	C1310P10	500	1.930944	0.001631	2021-08-26 14:08:05	13.228	0.000	0.321	4.368	4.840	3.567	0.131	0.000	0.000	81.562	59.390	
10.5430	O1810P24	500	2.997101	0.000800	2021-08-26 14:08:15	10.221	0.000	0.315	2.549	3.619	3.609	0.128	0.000	0.000	85.000	65.815	
10.4760	CO210P08	500	3.255882	0.001090	2021-08-26 14:08:26	10.968	0.000	0.321	1.867	5.072	3.593	0.116	0.000	0.000	100.000	100.000	
11.0250	C1310P08	500	1.969779	0.000424	2021-08-26 14:08:38	11.302	0.000	0.326	2.570	4.685	3.611	0.110	0.000	0.000	82.778	59.697	
10.5250	O1810P22	500	3.047085	0.000568	2021-08-26 14:08:49	10.906	0.000	0.324	4.069	2.837	3.560	0.116	0.000	0.000	90.000	73.752	
10.4580	CO210P06	500	3.244999	0.000944	2021-08-26 14:09:00	10.916	0.000	0.316	2.676	4.168	3.620	0.136	0.000	0.000	76.667	60.221	
11.0050	C1310P06	519	1.996027	0.002710	2021-08-26 14:09:23	22.883	0.000	0.325	4.250	12.813	5.373	0.123	0.000	0.000	87.037	69.532	
10.5060	O1810P20	500	3.101041	0.000831	2021-08-26 14:09:31	8.708	0.000	0.317	1.768	2.909	3.588	0.127	0.000	0.000	100.000	100.000	
10.4880	O1810P18	-1	3.156294	0.000413	2021-08-26 14:09:43	0.000	0.000	0.000	0.000	0.000	0.000	0.000	0.000	0.000	-1.000	-1.000	
10.3650	CO210R04	500	3.529241	0.000428	2021-08-26 14:09:46	14.804	0.000	0.315	6.269	4.547	3.552	0.120	0.000	0.000	75.000	67.098	
10.8840	C1310R06	500	2.209641	0.000796	2021-08-26 14:10:00	13.138	0.000	0.344	4.243	4.774	3.654	0.123	0.000	0.000	100.000	100.000	
10.4710	O1810P16	500	3.220043	0.000745	2021-08-26 14:10:11	11.220	0.000	0.319	3.373	3.804	3.603	0.121	0.000	0.000	90.000	73.436	
10.3490	CO210R06	500	3.591835	0.000741	2021-08-26 14:10:24	13.391	0.000	0.326	4.365	4.969	3.603	0.127	0.000	0.000	77.344	49.967	
10.4530	O1810P14	500	3.269988	0.000810	2021-08-26 14:10:35	10.874	0.000	0.338	3.165	3.632	3.609	0.130	0.000	0.000	80.000	80.000	
10.8670	C1310R08	500	2.250060	0.000636	2021-08-26 14:10:47	11.378	0.000	0.324	2.066	5.282	3.582	0.124	0.000	0.000	94.276	100.000	
10.3340	CO210R08	500	3.634240	0.000415	2021-08-26 14:10:59	11.978	0.000	0.326	2.966	4.981	3.582	0.122	0.000	0.000	74.691	48.888	
10.4360	O1810P12	500	3.321993	0.000459	2021-08-26 14:11:10	11.374	0.000	0.324	3.747	3.629	3.557	0.117	0.000	0.000	88.562	77.365	
10.3180	CO210R10	500	3.696577	0.000287	2021-08-26 14:11:32	21.523	0.000	0.339	3.169	8.532	9.360	0.123	0.000	0.000	88.437	32.806	
10.4200	O1810P10	500	3.370326	0.001261	2021-08-26 14:11:44	11.657	0.000	0.343	3.647	4.004	3.548	0.114	0.000	0.000	88.111	79.575	
10.8500	C1310R10	500	2.272676	0.001041	2021-08-26 14:11:55	10.993	0.000	0.323	3.664	3.308	3.574	0.124	0.000	0.000	85.556	73.488	
10.3030	CO210R12	500	3.731046	0.000399	2021-08-26 14:12:07	12.201	0.000	0.318	3.851	4.305	3.599	0.128	0.000	0.000	84.383	34.812	
10.4040	O1810P08	500	3.421116	0.000407	2021-08-26 14:12:17	9.905	0.000	0.316	2.108	3.745	3.607	0.128	0.000	0.000	100.000	100.000	
10.8330	C1310R12	500	2.313958	0.000993	2021-08-26 14:12:28	10.745	0.000	0.316	3.492	3.267	3.561	0.109	0.000	0.000	90.000	82.794	
10.2890	CO210R14	500	3.780237	0.000355	2021-08-26 14:12:44	15.625	0.000	0.318	7.064	4.622	3.516	0.084	0.023	0.000	85.705	28.851	
10.8160	C1310R14	500	2.346427	0.002128	2021-08-26 14:12:55	11.232	0.000	0.324	3.374	3.821	3.602	0.111	0.000	0.000	81.111	63.657	
10.2780	O1810R08	0	NaN	NaN	2021-08-26 14:12:58	0.429	0.000	0.324	0.102	0.000	0.000	0.002	0.000	0.000	0.100	0.100	
10.2740	CO210R16	500	3.842539	0.000384	2021-08-26 14:13:14	17.760	0.000	0.334	8.353	5.317	3.578	0.179	0.000	0.000	87.801	32.881	
10.2650	O1810R10	500	3.869082	0.001012	2021-08-26 14:13:24	9.533	0.000	0.328	2.058	3.394	3.620	0.132	0.000	0.000	100.000	100.000	
10.8000	C1310R16	500	2.374318	0.000453	2021-08-26 14:13:36	11.576	0.000	0.319	4.068	3.438	3.619	0.132	0.000	0.000	79.217	64.013	
10.2520	O1810R12	500	3.914739	0.000570	2021-08-26 14:13:48	11.992	0.000	0.323	4.179	3.827	3.563	0.081	0.020	0.000	90.000	87.726	
10.2600	CO210R18	500	3.893180	0.000394	2021-08-26 14:14:01	12.869	0.000	0.311	3.483	5.367	3.596	0.112	0.001	0.000	84.074	28.505	
10.2400	O1810R14	500	3.949550	0.000601	2021-08-26 14:14:12	11.636	0.000	0.325	4.787	2.896	3.528	0.090	0.010	0.000	90.000	93.858	
10.7840	C1310R18	500	2.396750	0.002391	2021-08-26 14:14:24	11.976	0.000	0.324	3.349	4.631	3.569	0.086	0.017	0.000	87.500	68.896	
10.2280	O1810R16	500	3.997228	0.000357	2021-08-26 14:14:35	10.655	0.000	0.316	2.749	3.905	3.578	0.107	0.000	0.000	85.000	62.689	
10.2470	CO210R20	500	3.918835	0.000335	2021-08-26 14:14:48	13.215	0.000	0.330	3.819	5.401	3.559	0.107	0.000	0.000	75.469	37.418	
10.2160	O1810R18	500	4.026468	0.000726	2021-08-26 14:14:58	9.388	0.000	0.325	2.983	2.392	3.582	0.106	0.000	0.000	85.000	50.229	
10.7680	C1310R20	500	2.441330	0.000472	2021-08-26 14:15:17	18.582	0.000	0.313	10.789	3.800	3.568	0.111	0.000	0.000	88.431	42.169	
10.2040	O1810R20	500	4.071137	0.000391	2021-08-26 14:15:28	11.596	0.000	0.323	3.388	4.192	3.566	0.127	0.000	0.000	87.500	42.280	
10.2330	CO210R22	500	3.989463	0.000425	2021-08-26 14:15:43	14.131	0.000	0.320	4.570	5.512	3.606	0.123	0.000	0.000	82.412	31.873	
10.1930	O1810R22	500	4.089024	0.000609	2021-08-26 14:15:55	11.971	0.000	0.341	5.150	2.732	3.624	0.123	0.000	0.000	88.244	51.472	
10.7530	C1310R22	500	2.477919	0.000986	2021-08-26 14:16:07	12.413	0.000	0.336	2.856	5.462	3.632	0.126	0.000	0.000	76.667	66.335	
10.1820	O1810R24	500	4.130397	0.000360	2021-08-26 14:16:18	10.838	0.000	0.328	3.350	3.470	3.577	0.113	0.000	0.000	85.000	64.451	
10.2200	CO210R24	500	4.012909	0.000501	2021-08-26 14:16:32	13.213	0.000	0.318	4.470	4.742	3.572	0.111	0.000	0.000	87.106	35.831	
10.1710	O1810R26	500	4.177542	0.000333	2021-08-26 14:16:42	10.342	0.000	0.315	2.667	3.616	3.622	0.122	0.000	0.000	85.000	53.337	
10.7380	C1310R24	500	2.509906	0.000420	2021-08-26 14:16:54	11.830	0.000	0.329	3.064	4.734	3.588	0.115	0.000	0.000	88.380	57.105	
10.1610	O1810R28	500	4.197752	0.000676	2021-08-26 14:17:05	10.647	0.000	0.319	3.068	3.530	3.607	0.122	0.000	0.000	85.000	52.148	
10.1500	O1810R30	-1	2.415507	0.047089	2021-08-26 14:17:16	0.000	0.000	0.000	0.000	0.000	0.000	0.000	0.000	0.000	-1.000	-1.000	
10.2070	CO210R26	500	4.054511	0.000390	2021-08-26 14:17:18	13.354	0.000	0.331	4.366	4.954	3.588	0.116	0.000	0.000	69.520	35.633	
10.7230	C1310R26	500	2.546443	0.001137	2021-08-26 14:17:32	13.235	0.000	0.324	3.750	5.404	3.630	0.127	0.000	0.000	83.875	61.055	
10.1410	O1810R32	0	NaN	NaN	2021-08-26 14:17:34	0.401	0.000	0.312	0.086	0.000	0.000	0.002	0.000	0.000	0.100	0.100	
10.1950	CO210R28	500	4.083890	0.001196	2021-08-26 14:17:46	13.660	0.000	0.324	4.972	4.611	3.575	0.178	0.000	0.000	90.000	28.633	
10.7080	C1310R28	500	2.586102	0.000722	2021-08-26 14:17:59	12.347	0.000	0.324	4.194	4.120	3.585	0.124	0.000	0.000	87.037	68.901	
10.1820	CO210R30	500	4.134737	0.000492	2021-08-26 14:18:13	12.842	0.000	0.323	3.763	5.093	3.551	0.112	0.000	0.000	86.049	40.883	
10.6940	C1310R30	500	2.599802	0.000568	2021-08-26 14:18:25	11.813	0.000	0.325	2.785	5.012	3.581	0.109	0.000	0.000	100.000	100.000	
10.1700	CO210R32	500	4.171743	0.000435	2021-08-26 14:18:41	15.200	0.000	0.318	6.098	5.140	3.538	0.106	0.000	0.000	84.967	40.690	
10.6800	C1310R32	500	2.638435	0.000610	2021-08-26 14:18:51	9.737	0.000	0.316	2.649	3.130	3.539	0.102	0.000	0.000	85.609	87.461	
10.1590	CO210R34	500	4.217073	0.000324	2021-08-26 14:19:06	11.938	0.000	0.322	2.645	5.334	3.535	0.102	0.000	0.000	85.000	38.795	
10.6660	C1310R34	500	2.672378	0.000360	2021-08-26 14:19:17	10.974	0.000	0.316	3.382	3.591	3.571	0.113	0.000	0.000	87.500	70.984	
10.1470	CO210R36	500	4.249801	0.000414	2021-08-26 14:19:32	12.815	0.000	0.324	3.972	4.830	3.575	0.113	0.000	0.000	64.400	43.685	
10.6520	C1310R36	500	2.716364	0.001314	2021-08-26 14:19:44	11.363	0.000	0.311	1.980	5.368	3.590	0.115	0.000	0.000	100.000	100.000	
10.1360	CO210R38	500	4.270803	0.000481	2021-08-26 14:19:59	13.670	0.000	0.317	4.354	5.343	3.550	0.106	0.000	0.000	87.394	50.825	
10.6390	C1310R38	500	2.738845	0.000949	2021-08-26 14:20:09	10.101	0.000	0.335	2.479	3.612	3.564	0.111	0.000	0.000	90.000	84.836	
10.1310	O1810R34	-1	-1000000.000000	-1.000000	2021-08-26 14:20:19	0.000	0.000	0.000	0.000	0.000	0.000	0.000	0.000	0.000	-1.000	-1.000	
10.1250	CO210R40	500	4.300525	0.000405	2021-08-26 14:20:26	12.800	0.000	0.324	3.861	4.966	3.546	0.103	0.000	0.000	90.000	50.059	
10.6260	C1310R40	512	2.775565	0.000948	2021-08-26 14:20:50	23.741	0.000	0.323	3.078	11.948	8.290	0.101	0.000	0.000	85.447	87.307	
10.1220	O1810R36	0	NaN	NaN	2021-08-26 14:20:52	0.416	0.000	0.313	0.101	0.000	0.000	0.001	0.000	0.000	0.100	0.100	
9.7530	CO209P42	500	4.366803	0.000338	2021-08-26 14:21:07	16.214	0.000	0.336	7.465	4.721	3.527	0.166	0.000	0.000	90.000	40.731	
9.7330	CO209P40	500	4.327887	0.000463	2021-08-26 14:21:36	12.505	0.000	0.334	3.261	5.210	3.582	0.118	0.000	0.000	87.500	34.929	
9.7140	CO209P38	500	4.305862	0.000359	2021-08-26 14:22:04	11.500	0.000	0.316	2.848	4.629	3.585	0.122	0.000	0.000	90.000	28.254	
9.6950	CO209P36	500	4.286774	0.000383	2021-08-26 14:22:34	12.983	0.000	0.330	3.763	5.140	3.598	0.142	0.011	0.000	88.750	17.693	
9.6750	CO209P34	500	4.231644	0.000340	2021-08-26 14:23:04	12.963	0.000	0.323	4.363	4.587	3.570	0.121	0.000	0.000	89.844	14.501	
10.1520	C1309P36	-1	-1000000.000000	-1.000000	2021-08-26 14:23:16	0.000	0.000	0.000	0.000	0.000	0.000	0.000	0.000	0.000	-1.000	-1.000	
9.6570	CO209P32	500	4.209564	0.000656	2021-08-26 14:23:33	12.092	0.000	0.325	2.564	5.486	3.600	0.117	0.001	0.000	80.000	15.355	
9.5520	O1809P46	-1	-1000000.000000	-1.000000	2021-08-26 14:23:54	0.000	0.000	0.000	0.000	0.000	0.000	0.000	0.000	0.000	-1.000	-1.000	
9.6390	CO209P30	500	4.149798	0.000304	2021-08-26 14:24:01	11.311	0.000	0.320	2.450	4.845	3.576	0.119	0.000	0.000	90.000	13.291	
9.5360	O1809P44	500	3.833121	0.000469	2021-08-26 14:24:17	12.396	0.000	0.326	4.264	4.102	3.578	0.127	0.000	0.000	90.000	21.467	
9.6210	CO209P28	500	4.118794	0.000251	2021-08-26 14:24:29	11.989	0.000	0.331	2.577	5.373	3.585	0.122	0.001	0.000	85.000	4.244	
9.5190	O1809P42	500	3.784016	0.000245	2021-08-26 14:24:42	11.955	0.000	0.316	4.451	3.445	3.613	0.131	0.000	0.000	90.000	16.668	
9.6040	CO209P26	500	4.067258	0.000353	2021-08-26 14:24:55	12.498	0.000	0.327	3.365	5.074	3.611	0.122	0.000	0.000	75.222	0.100	
9.5030	O1809P40	500	3.704843	0.000346	2021-08-26 14:25:07	11.520	0.000	0.337	4.070	3.448	3.551	0.115	0.000	0.000	61.737	0.100	
10.1310	C1309P34	-1	-1000000.000000	-1.000000	2021-08-26 14:25:23	0.000	0.000	0.000	0.000	0.000	0.000	0.000	0.000	0.000	-1.000	-1.000	
9.5880	CO209P24	500	4.006267	0.000256	2021-08-26 14:25:21	12.990	0.000	0.323	3.485	5.454	3.605	0.124	0.000	0.000	70.000	2.476	
9.4880	O1809P38	500	3.660482	0.000317	2021-08-26 14:25:34	11.940	0.000	0.324	4.478	3.428	3.589	0.121	0.000	0.000	54.022	0.100	
9.5690	CO209P22	500	3.954387	0.000375	2021-08-26 14:25:47	13.179	0.000	0.325	3.550	5.584	3.594	0.125	0.000	0.000	77.106	0.100	
10.1100	C1309P32	500	4.351681	0.000633	2021-08-26 14:25:58	10.309	0.000	0.315	2.485	3.773	3.605	0.131	0.000	0.000	100.000	100.000	
9.4720	O1809P36	500	3.584344	0.000333	2021-08-26 14:26:10	11.819	0.000	0.313	3.989	3.727	3.612	0.126	0.053	0.000	46.103	0.100	
10.0900	C1309P30	500	4.409160	0.000323	2021-08-26 14:26:21	11.230	0.000	0.326	3.349	3.872	3.566	0.116	0.000	0.000	76.667	70.364	
9.4570	O1809P34	500	3.503510	0.000399	2021-08-26 14:26:33	11.618	0.000	0.323	3.879	3.718	3.566	0.132	0.000	0.000	46.079	0.100	
9.5520	CO209P20	500	3.905355	0.000426	2021-08-26 14:26:46	12.803	0.000	0.314	3.247	5.488	3.629	0.124	0.000	0.000	66.692	0.100	
9.4410	O1809P32	500	3.457457	0.000352	2021-08-26 14:26:57	11.113	0.000	0.329	3.268	3.717	3.663	0.135	0.001	0.000	36.998	0.100	
10.0700	C1309P28	500	4.441029	0.000381	2021-08-26 14:27:14	16.762	0.000	0.525	2.204	10.239	3.659	0.134	0.000	0.000	70.000	70.000	
9.4270	O1809P30	500	3.384860	0.000298	2021-08-26 14:27:26	12.347	0.000	0.325	4.373	3.936	3.590	0.122	0.000	0.000	41.262	0.100	
9.5360	CO209P18	500	3.820273	0.000532	2021-08-26 14:27:43	16.028	0.000	0.316	7.170	4.841	3.578	0.122	0.000	0.000	85.432	0.100	
9.4120	O1809P28	500	3.290419	0.000358	2021-08-26 14:27:53	9.783	0.000	0.336	2.566	3.079	3.663	0.138	0.000	0.000	36.553	0.100	
10.0500	C1309P26	500	4.493136	0.000789	2021-08-26 14:28:06	13.222	0.000	0.323	3.965	5.217	3.588	0.130	0.000	0.000	89.250	41.088	
9.3970	O1809P26	500	3.210510	0.000329	2021-08-26 14:28:16	9.571	0.000	0.327	2.968	2.532	3.606	0.137	0.000	0.000	28.043	0.100	
9.5200	CO209P16	500	3.775305	0.000300	2021-08-26 14:28:28	12.364	0.000	0.338	3.267	5.053	3.589	0.117	0.000	0.000	63.740	0.100	
9.3830	O1809P24	500	3.125738	0.000328	2021-08-26 14:28:39	10.197	0.000	0.314	2.362	3.810	3.585	0.125	0.000	0.000	28.956	0.100	
10.0310	C1309P24	500	4.519423	0.000313	2021-08-26 14:28:50	11.502	0.000	0.320	3.668	3.784	3.598	0.132	0.000	0.000	88.750	42.179	
9.3690	O1809P22	500	3.062211	0.000548	2021-08-26 14:29:02	12.066	0.000	0.344	4.367	3.632	3.597	0.127	0.000	0.000	32.714	0.100	
9.5040	CO209P14	500	3.697871	0.000273	2021-08-26 14:29:16	12.963	0.000	0.312	4.268	4.661	3.592	0.129	0.000	0.000	64.035	0.100	
9.3550	O1809P20	500	2.991872	0.000290	2021-08-26 14:29:26	10.861	0.000	0.316	3.256	3.535	3.621	0.132	0.000	0.000	27.927	0.100	
10.0120	C1309P22	500	4.543429	0.000284	2021-08-26 14:29:38	11.780	0.000	0.324	3.564	4.151	3.613	0.128	0.000	0.000	80.611	38.862	
9.3410	O1809P18	500	2.910030	0.000310	2021-08-26 14:29:49	10.564	0.000	0.317	3.168	3.391	3.570	0.117	0.000	0.000	25.482	0.100	
9.4880	CO209P12	500	3.633766	0.000660	2021-08-26 14:30:03	13.518	0.000	0.324	4.781	4.717	3.583	0.114	0.000	0.000	49.490	0.100	
9.3280	O1809P16	500	2.835299	0.000484	2021-08-26 14:30:14	10.659	0.000	0.322	3.249	3.385	3.583	0.120	0.000	0.000	27.655	0.100	
9.9940	C1309P20	500	4.594615	0.000647	2021-08-26 14:30:26	11.640	0.000	0.321	3.966	3.619	3.603	0.131	0.000	0.000	72.078	32.328	
9.3150	O1809P14	500	2.770255	0.000369	2021-08-26 14:30:38	12.317	0.000	0.312	4.265	4.042	3.578	0.120	0.000	0.000	30.148	0.100	
9.4730	CO209P10	500	3.585906	0.000281	2021-08-26 14:30:51	12.340	0.000	0.312	3.166	5.151	3.591	0.120	0.000	0.000	65.454	0.100	
9.3020	O1809P12	500	2.702713	0.000599	2021-08-26 14:31:01	10.429	0.000	0.318	2.868	3.502	3.613	0.127	0.000	0.000	32.062	0.100	
9.9750	C1309P18	500	4.607238	0.000599	2021-08-26 14:31:13	12.056	0.000	0.332	2.757	5.290	3.555	0.122	0.000	0.000	65.556	53.237	
9.2890	O1809P10	500	2.626299	0.000464	2021-08-26 14:31:25	11.361	0.000	0.320	4.074	3.217	3.624	0.126	0.000	0.000	28.114	0.100	
9.4580	CO209P08	500	3.504171	0.000258	2021-08-26 14:31:37	12.293	0.000	0.320	3.463	4.798	3.592	0.119	0.000	0.000	60.552	0.100	
9.2760	O1809P08	500	2.527942	0.000889	2021-08-26 14:31:49	11.311	0.000	0.343	3.356	3.925	3.569	0.118	0.000	0.000	29.832	0.100	
9.9570	C1309P16	500	4.607923	0.000412	2021-08-26 14:32:04	14.675	0.000	0.323	5.766	4.868	3.584	0.134	0.000	0.000	80.170	53.065	
9.2640	O1809P06	500	2.472171	0.000460	2021-08-26 14:32:15	11.039	0.000	0.327	3.754	3.252	3.586	0.119	0.000	0.000	31.112	0.100	
9.3540	CO209R06	500	2.993374	0.000271	2021-08-26 14:32:27	11.818	0.000	0.326	3.369	4.392	3.604	0.128	0.000	0.000	48.706	0.100	
9.1990	O1809R04	500	2.044681	0.000523	2021-08-26 14:32:39	11.946	0.000	0.318	3.989	3.909	3.599	0.132	0.000	0.000	79.032	0.100	
9.9400	C1309P14	500	4.635161	0.000330	2021-08-26 14:32:50	10.931	0.000	0.317	3.165	3.729	3.591	0.129	0.000	0.000	73.704	48.819	
9.3420	CO209R08	500	2.906225	0.000315	2021-08-26 14:33:04	14.046	0.000	0.326	4.968	5.026	3.602	0.124	0.000	0.000	52.697	0.100	
9.1870	O1809R06	500	1.987269	0.000759	2021-08-26 14:33:16	11.948	0.000	0.320	4.279	3.648	3.585	0.117	0.000	0.000	31.008	0.100	
9.9230	C1309P12	500	4.609059	0.000692	2021-08-26 14:33:29	12.644	0.000	0.330	3.983	4.606	3.597	0.128	0.000	0.000	81.111	53.718	
9.1760	O1809R08	500	1.926894	0.000332	2021-08-26 14:33:40	11.064	0.000	0.326	3.079	3.920	3.605	0.134	0.000	0.000	26.107	0.100	
9.3290	CO209R10	500	2.857464	0.000476	2021-08-26 14:33:55	14.726	0.000	0.322	6.168	4.474	3.632	0.130	0.000	0.000	44.503	0.100	
9.1660	O1809R10	500	1.841659	0.000322	2021-08-26 14:34:05	9.732	0.000	0.317	2.075	3.576	3.635	0.130	0.000	0.000	21.019	0.100	
9.3170	CO209R12	-1	-1000000.000000	-1.000000	2021-08-26 14:34:09	0.000	0.000	0.000	0.000	0.000	0.000	0.000	0.000	0.000	-1.000	-1.000	
9.9060	C1309P10	500	4.594657	0.000310	2021-08-26 14:34:17	11.782	0.000	0.315	4.265	3.544	3.539	0.118	0.000	0.000	58.557	51.844	
9.1550	O1809R12	500	1.769675	0.000404	2021-08-26 14:34:29	10.449	0.000	0.329	2.766	3.662	3.573	0.118	0.000	0.000	20.183	0.100	
9.3050	CO209R14	500	2.713880	0.000663	2021-08-26 14:34:42	13.356	0.000	0.325	4.566	4.703	3.635	0.127	0.000	0.000	50.963	0.100	
9.1450	O1809R14	500	1.705788	0.000858	2021-08-26 14:34:54	10.448	0.000	0.318	2.448	4.013	3.548	0.120	0.000	0.000	21.665	0.100	
9.2940	CO209R16	500	2.622680	0.000471	2021-08-26 14:35:10	13.445	0.000	0.317	4.495	4.887	3.610	0.136	0.000	0.000	41.120	0.100	
9.1340	O1809R16	500	1.645483	0.000722	2021-08-26 14:35:20	10.482	0.000	0.315	2.849	3.618	3.582	0.117	0.000	0.000	20.738	0.100	
9.2820	CO209R18	500	2.566393	0.000465	2021-08-26 14:35:37	13.962	0.000	0.329	4.348	5.534	3.622	0.129	0.000	0.000	53.474	0.100	
9.1250	O1809R18	500	1.527089	0.001902	2021-08-26 14:35:48	10.576	0.000	0.318	3.064	3.459	3.606	0.129	0.000	0.000	21.779	0.100	
9.2710	CO209R20	500	2.513007	0.000408	2021-08-26 14:36:05	13.581	0.000	0.326	4.705	4.803	3.627	0.120	0.000	0.000	36.537	0.100	
9.7620	C1309R08	-1	-1000000.000000	-1.000000	2021-08-26 14:36:14	0.000	0.000	0.000	0.000	0.000	0.000	0.000	0.000	0.000	-1.000	-1.000	
9.1150	O1809R20	500	1.525843	0.000505	2021-08-26 14:36:15	10.423	0.000	0.342	2.492	3.843	3.619	0.127	0.000	0.000	20.870	0.100	
9.2610	CO209R22	500	2.459699	0.001487	2021-08-26 14:36:32	14.058	0.000	0.324	4.563	5.433	3.605	0.131	0.000	0.000	44.590	0.100	
9.1050	O1809R22	500	1.464447	0.000777	2021-08-26 14:36:50	17.794	0.000	0.315	3.979	3.937	9.433	0.130	0.000	0.000	23.087	0.100	
9.7490	C1309R10	500	4.332121	0.000278	2021-08-26 14:37:05	14.974	0.000	0.324	6.853	4.062	3.604	0.132	0.000	0.000	87.599	33.671	
9.0950	O1809R24	500	1.462126	0.001346	2021-08-26 14:37:15	10.221	0.000	0.336	2.766	3.430	3.570	0.118	0.000	0.000	19.437	0.100	
9.2500	CO209R24	500	2.372499	0.002318	2021-08-26 14:37:29	13.443	0.000	0.324	4.568	4.820	3.601	0.130	0.000	0.000	35.847	0.100	
9.7360	C1309R12	500	4.297758	0.000606	2021-08-26 14:37:40	11.358	0.000	0.315	3.383	3.962	3.575	0.123	0.001	0.000	87.500	36.238	
9.0860	O1809R26	500	1.352529	0.000758	2021-08-26 14:37:51	10.459	0.000	0.316	3.069	3.378	3.573	0.123	0.000	0.000	14.519	0.100	
9.2400	CO209R26	500	2.315927	0.000919	2021-08-26 14:38:03	12.018	0.000	0.327	3.356	4.694	3.541	0.083	0.017	0.000	30.033	0.100	
9.7230	C1309R14	500	4.278944	0.000426	2021-08-26 14:38:15	11.919	0.000	0.322	3.653	4.241	3.585	0.117	0.000	0.000	80.794	34.564	
9.0770	O1809R28	500	1.352285	0.002109	2021-08-26 14:38:25	9.913	0.000	0.319	2.570	3.354	3.556	0.113	0.000	0.000	22.231	0.100	
9.2300	CO209R28	500	2.250733	0.002291	2021-08-26 14:38:38	12.889	0.000	0.319	3.869	5.019	3.559	0.121	0.000	0.000	36.189	0.100	
9.7100	C1309R16	500	4.271222	0.000745	2021-08-26 14:38:49	11.040	0.000	0.318	3.580	3.396	3.615	0.131	0.000	0.000	89.336	37.315	
9.0680	O1809R30	500	1.266192	0.000756	2021-08-26 14:39:01	11.493	0.000	0.328	3.891	3.584	3.571	0.118	0.000	0.000	17.038	0.100	
9.6980	C1309R18	500	4.251389	0.000290	2021-08-26 14:39:13	12.665	0.000	0.326	4.376	4.299	3.542	0.122	0.000	0.000	86.049	32.698	
9.0590	O1809R32	500	1.199898	0.001246	2021-08-26 14:39:24	10.157	0.000	0.316	2.606	3.563	3.549	0.123	0.000	0.000	15.807	0.100	
9.2190	CO209R30	500	2.181312	0.000331	2021-08-26 14:39:40	15.883	0.000	0.325	6.875	4.934	3.610	0.137	0.002	0.000	40.814	0.100	
9.6860	C1309R20	500	4.202133	0.000695	2021-08-26 14:39:53	13.306	0.000	0.319	4.505	4.783	3.582	0.117	0.000	0.000	87.284	29.111	
9.0510	O1809R34	500	1.155612	0.002036	2021-08-26 14:40:04	11.104	0.000	0.317	3.480	3.534	3.643	0.130	0.001	0.000	20.031	0.100	
9.2100	CO209R32	500	2.142006	0.000734	2021-08-26 14:40:18	13.533	0.000	0.328	4.873	4.628	3.581	0.123	0.000	0.000	41.530	0.100	
9.6750	C1309R22	500	4.171550	0.000362	2021-08-26 14:40:28	10.118	0.000	0.344	3.155	2.912	3.590	0.115	0.000	0.000	81.111	27.284	
9.0420	O1809R36	500	1.117916	0.001620	2021-08-26 14:40:41	12.135	0.000	0.315	4.253	3.828	3.612	0.127	0.000	0.000	22.306	0.100	
9.6630	C1309R24	500	4.163234	0.000299	2021-08-26 14:40:52	11.080	0.000	0.322	3.165	3.906	3.568	0.119	0.000	0.000	88.437	47.828	
9.2010	CO209R34	500	2.138359	0.000371	2021-08-26 14:41:05	12.913	0.000	0.326	3.673	5.139	3.645	0.131	0.000	0.000	49.312	0.100	
9.0340	O1809R38	500	1.054720	0.001340	2021-08-26 14:41:15	9.705	0.000	0.324	2.255	3.400	3.598	0.128	0.000	0.000	22.712	0.100	
9.6520	C1309R26	500	4.136642	0.000568	2021-08-26 14:41:26	10.817	0.000	0.321	3.074	3.640	3.609	0.133	0.040	0.000	87.500	37.406	
10.8110	CO210P40	0	NaN	NaN	2021-08-26 14:41:28	0.400	0.000	0.311	0.086	0.000	0.000	0.003	0.000	0.000	0.100	0.100	
9.0260	O1809R40	0	NaN	NaN	2021-08-26 14:41:29	0.432	0.000	0.329	0.102	0.000	0.000	0.000	0.000	0.000	0.100	0.100	
9.3170	CO209R12	0	NaN	NaN	2021-08-26 14:42:14	24.786	0.000	0.317	5.030	2.237	17.202	0.000	0.000	0.000	0.100	0.100	
9.6420	C1309R28	500	4.097123	0.000421	2021-08-26 14:42:56	11.359	0.000	0.311	3.366	3.974	3.559	0.149	0.000	0.000	88.707	44.044	
10.8110	CO210P40	500	2.344454	0.001047	2021-08-26 14:43:07	10.511	0.000	0.323	1.958	4.478	3.621	0.128	0.002	0.000	100.000	100.000	
9.6310	C1309R30	511	4.076632	0.000530	2021-08-26 14:44:06	42.617	0.000	0.322	4.152	25.092	12.950	0.102	0.000	0.000	100.000	100.000	
9.0180	O1809R42	-1	-1000000.000000	-1.000000	2021-08-26 14:44:30	0.000	0.000	0.000	0.000	0.000	0.000	0.000	0.000	0.000	-1.000	-1.000	
10.6640	O1810P36	500	2.675866	0.001112	2021-08-26 14:45:00	9.080	0.000	0.322	2.089	2.854	3.635	0.179	0.000	0.000	100.000	100.000	
10.6430	O1810P34	500	2.731771	0.000356	2021-08-26 14:45:24	9.756	0.000	0.319	1.967	3.656	3.673	0.140	0.000	0.000	100.000	100.000	
10.6220	O1810P32	500	1.721375	0.106599	2021-08-26 14:45:57	18.491	0.000	0.311	2.352	12.105	3.588	0.135	0.000	0.000	100.000	100.000	
9.6210	C1309R32	-1	3.997422	0.000604	2021-08-26 14:46:04	0.000	0.000	0.000	0.000	0.000	0.000	0.000	0.000	0.000	-1.000	-1.000	
10.4880	O1810P18	500	3.156294	0.000413	2021-08-26 14:46:23	11.460	0.000	0.322	3.768	3.643	3.592	0.136	0.000	0.000	73.283	80.000	
10.2780	O1810R08	500	3.819223	0.000587	2021-08-26 14:47:47	8.964	0.000	0.323	2.078	2.897	3.546	0.119	0.000	0.000	100.000	100.000	
9.6110	C1309R34	-1	-1000000.000000	-1.000000	2021-08-26 14:47:58	0.000	0.000	0.000	0.000	0.000	0.000	0.000	0.000	0.000	-1.000	-1.000	
10.1500	O1810R30	500	2.415507	0.047089	2021-08-26 14:48:19	11.007	0.000	0.316	3.364	3.593	3.599	0.135	0.000	0.000	100.000	100.000	
11.2390	C1310P28	-1	-1000000.000000	-1.000000	2021-08-26 14:50:02	0.000	0.000	0.000	0.000	0.000	0.000	0.000	0.000	0.000	-1.000	-1.000	
10.1410	O1810R32	-1	-1000000.000000	-1.000000	2021-08-26 14:51:09	0.000	0.000	0.000	0.000	0.000	0.000	0.000	0.000	0.000	-1.000	-1.000	
10.1520	C1309P36	-1	-1000000.000000	-1.000000	2021-08-26 14:52:03	0.000	0.000	0.000	0.000	0.000	0.000	0.000	0.000	0.000	-1.000	-1.000	
10.1310	O1810R34	-1	-1000000.000000	-1.000000	2021-08-26 14:53:50	0.000	0.000	0.000	0.000	0.000	0.000	0.000	0.000	0.000	-1.000	-1.000	
10.1310	C1309P34	-1	-1000000.000000	-1.000000	2021-08-26 14:54:00	0.000	0.000	0.000	0.000	0.000	0.000	0.000	0.000	0.000	-1.000	-1.000	
9.7620	C1309R08	-1	-1000000.000000	-1.000000	2021-08-26 14:55:58	0.000	0.000	0.000	0.000	0.000	0.000	0.000	0.000	0.000	-1.000	-1.000	
10.1220	O1810R36	-1	-1000000.000000	-1.000000	2021-08-26 14:56:34	0.000	0.000	0.000	0.000	0.000	0.000	0.000	0.000	0.000	-1.000	-1.000	
9.6210	C1309R32	500	3.997422	0.000604	2021-08-26 14:58:10	13.163	0.000	0.320	4.158	4.937	3.616	0.132	0.000	0.000	100.000	100.000	
9.5520	O1809P46	-1	-1000000.000000	-1.000000	2021-08-26 14:59:12	0.000	0.000	0.000	0.000	0.000	0.000	0.000	0.000	0.000	-1.000	-1.000	
9.6110	C1309R34	0	NaN	NaN	2021-08-26 15:00:13	0.415	0.000	0.313	0.101	0.000	0.000	0.001	0.000	0.000	0.100	0.100	
9.0260	O1809R40	-1	-1000000.000000	-1.000000	2021-08-26 15:01:41	0.000	0.000	0.000	0.000	0.000	0.000	0.000	0.000	0.000	-1.000	-1.000	
9.0180	O1809R42	-1	-1000000.000000	-1.000000	2021-08-26 15:04:06	0.000	0.000	0.000	0.000	0.000	0.000	0.000	0.000	0.000	-1.000	-1.000	
