Wavelength	Line name	# of completed ringdowns	Ringdowntimes (us)	STOT	TimeStamp	Get ringdown time (s)	Step time (s)	Step time (s)	Step time(s)	Step time(s) 	Step time(s) 	Step time(s)	Step time(s)	Step time(s) 	AOM setting	Attenuator setting
10.8110	CO210P40	505	0.985611	0.009268	2021-08-19 19:54:56	25.110	0.000	0.328	1.469	14.230	8.936	0.130	0.017	0.000	100.000	100.000	
10.7870	CO210P38	500	1.523038	0.004159	2021-08-19 19:55:25	11.626	0.000	0.316	2.360	5.265	3.553	0.110	0.023	0.000	100.000	100.000	
10.7640	CO210P36	500	1.324495	0.004454	2021-08-19 19:55:54	11.247	0.000	0.313	2.401	4.888	3.534	0.091	0.019	0.000	100.000	100.000	
10.7410	CO210P34	500	1.526414	0.003986	2021-08-19 19:56:22	10.736	0.000	0.326	2.382	4.345	3.567	0.094	0.022	0.000	100.000	100.000	
11.2390	C1310P28	500	0.898217	0.010459	2021-08-19 19:56:45	9.501	0.000	0.319	1.366	4.134	3.554	0.104	0.024	0.000	100.000	100.000	
10.7190	CO210P32	500	1.546900	0.002608	2021-08-19 19:56:57	11.520	0.000	0.338	2.365	5.132	3.574	0.103	0.008	0.000	100.000	100.000	
10.6640	O1810P36	-1	-1000000.000000	-1.000000	2021-08-19 19:57:16	0.000	0.000	0.000	0.000	0.000	0.000	0.000	0.000	0.000	-1.000	-1.000	
10.6960	CO210P30	500	1.667382	0.001838	2021-08-19 19:57:26	11.448	0.000	0.313	2.367	5.044	3.603	0.101	0.020	0.000	100.000	100.000	
10.6430	O1810P34	500	1.736575	0.005033	2021-08-19 19:57:38	9.690	0.000	0.325	1.967	3.572	3.657	0.148	0.020	0.000	100.000	100.000	
10.6750	CO210P28	500	1.692912	0.003490	2021-08-19 19:57:52	11.443	0.000	0.312	2.465	4.936	3.611	0.113	0.005	0.000	100.000	100.000	
10.6220	O1810P32	500	1.749516	0.002567	2021-08-19 19:58:04	9.209	0.000	0.324	1.964	3.217	3.585	0.101	0.017	0.000	100.000	100.000	
10.6530	CO210P26	500	1.732083	0.022721	2021-08-19 19:58:19	12.037	0.000	0.317	2.862	5.177	3.566	0.095	0.021	0.000	100.000	100.000	
10.6020	O1810P30	500	1.799968	0.001887	2021-08-19 19:58:29	9.444	0.000	0.319	2.193	3.252	3.563	0.097	0.020	0.000	100.000	100.000	
10.6320	CO210P24	500	1.744651	0.026063	2021-08-19 19:58:45	11.482	0.000	0.343	2.384	5.163	3.501	0.067	0.025	0.000	100.000	100.000	
10.5820	O1810P28	500	1.677682	0.002761	2021-08-19 19:58:55	9.503	0.000	0.315	2.151	3.316	3.602	0.096	0.025	0.000	100.000	100.000	
11.2160	C1310P26	500	5.003567	0.725236	2021-08-19 19:59:05	9.695	0.000	0.327	2.194	3.475	3.570	0.109	0.019	0.000	100.000	100.000	
10.6110	CO210P22	500	1.779553	0.012884	2021-08-19 19:59:28	23.814	0.000	0.326	1.371	12.691	9.314	0.093	0.020	0.000	100.000	100.000	
10.5630	O1810P26	500	1.800138	0.001510	2021-08-19 19:59:38	9.511	0.000	0.323	2.553	2.951	3.576	0.095	0.012	0.000	100.000	100.000	
10.5910	CO210P20	500	1.792518	0.005867	2021-08-19 19:59:54	10.435	0.000	0.323	1.548	4.824	3.622	0.100	0.017	0.000	100.000	100.000	
10.5430	O1810P24	500	1.418810	0.002435	2021-08-19 20:00:03	9.848	0.000	0.319	2.367	3.440	3.600	0.105	0.017	0.000	100.000	100.000	
11.1940	C1310P24	500	0.870668	0.007436	2021-08-19 20:00:13	9.758	0.000	0.321	2.270	3.464	3.586	0.097	0.020	0.000	100.000	100.000	
10.5710	CO210P18	500	1.794626	0.016857	2021-08-19 20:00:24	10.130	0.000	0.326	1.377	4.764	3.551	0.098	0.013	0.000	100.000	100.000	
10.5250	O1810P22	500	1.846626	0.001633	2021-08-19 20:00:33	8.833	0.000	0.316	2.149	2.706	3.551	0.096	0.015	0.000	100.000	100.000	
10.5510	CO210P16	500	1.777627	0.003652	2021-08-19 20:00:49	10.554	0.000	0.318	1.351	5.165	3.597	0.103	0.020	0.000	100.000	100.000	
11.1710	C1310P22	500	0.908222	0.006236	2021-08-19 20:01:00	10.644	0.000	0.323	2.449	4.161	3.596	0.101	0.014	0.000	100.000	100.000	
10.5060	O1810P20	500	1.782400	0.001293	2021-08-19 20:01:10	9.879	0.000	0.327	2.163	3.655	3.622	0.104	0.009	0.000	100.000	100.000	
10.5320	CO210P14	500	2.365775	0.947852	2021-08-19 20:01:21	11.071	0.000	0.313	2.772	4.282	3.584	0.100	0.020	0.000	100.000	100.000	
10.4880	O1810P18	500	1.380796	0.002989	2021-08-19 20:01:31	9.951	0.000	0.327	2.578	3.304	3.622	0.100	0.020	0.000	100.000	100.000	
11.1490	C1310P20	500	0.915219	0.007752	2021-08-19 20:01:41	9.450	0.000	0.327	2.302	3.108	3.595	0.095	0.024	0.000	100.000	100.000	
10.5130	CO210P12	500	1.856278	0.001879	2021-08-19 20:01:52	11.397	0.000	0.330	2.167	5.194	3.583	0.098	0.025	0.000	100.000	100.000	
10.4710	O1810P16	500	1.861711	0.001260	2021-08-19 20:02:02	9.896	0.000	0.318	2.187	3.723	3.554	0.094	0.020	0.000	100.000	100.000	
10.4940	CO210P10	500	1.861917	0.036617	2021-08-19 20:03:26	79.050	0.000	0.325	2.828	54.993	20.793	0.096	0.015	0.000	100.000	100.000	
11.1280	C1310P18	500	0.929601	0.010148	2021-08-19 20:03:36	10.201	0.000	0.318	2.175	4.030	3.562	0.097	0.019	0.000	100.000	100.000	
10.4530	O1810P14	500	1.927659	0.001278	2021-08-19 20:03:46	9.376	0.000	0.325	2.387	2.924	3.566	0.102	0.072	0.000	100.000	100.000	
10.4760	CO210P08	500	1.898042	0.013773	2021-08-19 20:03:56	10.678	0.000	0.320	2.265	4.371	3.597	0.105	0.020	0.000	100.000	100.000	
11.1070	C1310P16	500	0.947950	0.007321	2021-08-19 20:04:07	10.179	0.000	0.322	2.183	3.961	3.587	0.102	0.025	0.000	100.000	100.000	
10.4360	O1810P12	500	1.963833	0.001440	2021-08-19 20:04:16	9.672	0.000	0.314	2.368	3.295	3.589	0.100	0.005	0.000	100.000	100.000	
10.4580	CO210P06	500	1.931811	0.013710	2021-08-19 20:04:27	10.739	0.000	0.339	1.986	4.724	3.572	0.097	0.020	0.000	100.000	100.000	
11.0860	C1310P14	500	0.965831	0.008615	2021-08-19 20:04:37	10.080	0.000	0.323	1.884	4.174	3.585	0.098	0.016	0.000	100.000	100.000	
10.4200	O1810P10	500	1.917833	0.001441	2021-08-19 20:04:47	9.433	0.000	0.315	2.194	3.185	3.617	0.104	0.018	0.000	100.000	100.000	
10.3650	CO210R04	500	1.911208	0.002516	2021-08-19 20:05:01	13.914	0.000	0.334	4.669	5.206	3.587	0.101	0.018	0.000	100.000	100.000	
10.4040	O1810P08	500	1.993565	0.004041	2021-08-19 20:05:10	9.070	0.000	0.312	1.771	3.288	3.587	0.102	0.011	0.000	100.000	100.000	
11.0650	C1310P12	500	0.978373	0.014373	2021-08-19 20:05:19	9.144	0.000	0.343	1.383	3.716	3.586	0.101	0.014	0.000	100.000	100.000	
10.3490	CO210R06	500	1.753438	0.004908	2021-08-19 20:05:30	10.666	0.000	0.331	1.981	4.637	3.601	0.096	0.019	0.000	100.000	100.000	
10.2780	O1810R08	500	2.184622	0.001684	2021-08-19 20:05:40	10.151	0.000	0.319	2.366	3.754	3.590	0.096	0.025	0.000	100.000	100.000	
10.3340	CO210R08	500	1.838000	0.001554	2021-08-19 20:05:57	12.015	0.000	0.321	2.750	5.271	3.558	0.093	0.021	0.000	100.000	100.000	
10.2650	O1810R10	500	2.140348	0.001352	2021-08-19 20:06:07	9.611	0.000	0.324	2.381	3.230	3.562	0.096	0.018	0.000	100.000	100.000	
10.3180	CO210R10	500	2.065902	0.001199	2021-08-19 20:06:24	13.260	0.000	0.324	3.962	5.278	3.578	0.100	0.018	0.000	90.000	79.189	
11.0450	C1310P10	500	0.949380	0.011912	2021-08-19 20:06:34	9.524	0.000	0.316	1.771	3.728	3.591	0.101	0.017	0.000	100.000	100.000	
10.2520	O1810R12	500	2.217037	0.001003	2021-08-19 20:06:45	11.473	0.000	0.312	3.871	3.558	3.608	0.101	0.022	0.000	90.000	91.086	
10.3030	CO210R12	500	1.772425	0.001963	2021-08-19 20:06:57	11.098	0.000	0.316	2.190	4.923	3.553	0.096	0.019	0.000	100.000	100.000	
10.2400	O1810R14	500	2.260262	0.001042	2021-08-19 20:07:11	10.838	0.000	0.329	4.176	2.661	3.560	0.096	0.016	0.000	90.000	94.833	
10.2890	CO210R14	500	2.017736	0.001169	2021-08-19 20:07:23	11.486	0.000	0.323	2.665	4.791	3.592	0.099	0.016	0.000	87.500	66.129	
10.2280	O1810R16	500	2.243061	0.001028	2021-08-19 20:07:37	11.866	0.000	0.326	4.068	3.831	3.536	0.080	0.026	0.000	90.000	90.186	
10.2740	CO210R16	500	2.034106	0.001127	2021-08-19 20:07:50	13.155	0.000	0.338	4.079	5.073	3.555	0.089	0.021	0.000	88.683	70.411	
10.2160	O1810R18	500	2.329512	0.000972	2021-08-19 20:08:02	11.564	0.000	0.325	4.146	3.395	3.587	0.101	0.011	0.000	90.000	89.149	
10.2600	CO210R18	500	2.237147	0.001164	2021-08-19 20:08:16	12.749	0.000	0.325	3.763	4.948	3.595	0.100	0.018	0.000	88.750	58.778	
10.2040	O1810R20	500	2.327123	0.001185	2021-08-19 20:08:28	11.370	0.000	0.320	3.895	3.487	3.560	0.098	0.011	0.000	90.000	91.216	
10.2470	CO210R20	500	1.141388	0.004948	2021-08-19 20:08:42	10.972	0.000	0.314	1.978	4.999	3.566	0.095	0.020	0.000	100.000	100.000	
11.0250	C1310P08	500	1.025031	0.014699	2021-08-19 20:08:52	10.205	0.000	0.321	2.153	4.031	3.588	0.096	0.016	0.000	100.000	100.000	
10.1930	O1810R22	500	2.379757	0.000971	2021-08-19 20:09:05	12.139	0.000	0.311	4.761	3.382	3.574	0.094	0.017	0.000	83.333	75.713	
10.2330	CO210R22	500	2.190593	0.001034	2021-08-19 20:09:16	11.565	0.000	0.315	2.878	4.668	3.587	0.102	0.016	0.000	85.000	75.181	
11.0050	C1310P06	500	0.955781	0.009101	2021-08-19 20:09:27	10.553	0.000	0.320	1.668	4.843	3.612	0.099	0.011	0.000	100.000	100.000	
10.1820	O1810R24	500	2.288523	0.000939	2021-08-19 20:09:39	11.859	0.000	0.325	4.062	3.764	3.590	0.096	0.021	0.000	90.000	90.437	
10.2200	CO210R24	500	2.308305	0.001031	2021-08-19 20:09:50	11.300	0.000	0.322	2.748	4.546	3.571	0.096	0.016	0.000	85.000	68.789	
10.8840	C1310R06	500	1.328547	0.006072	2021-08-19 20:10:04	13.342	0.000	0.323	4.166	5.157	3.579	0.100	0.017	0.000	100.000	100.000	
10.1710	O1810R26	500	2.382893	0.000883	2021-08-19 20:10:14	10.315	0.000	0.324	2.643	3.628	3.601	0.099	0.020	0.000	100.000	100.000	
10.2070	CO210R26	500	2.316513	0.001098	2021-08-19 20:10:27	12.230	0.000	0.319	3.762	4.415	3.614	0.099	0.021	0.000	87.500	73.863	
10.8670	C1310R08	500	1.399365	0.003242	2021-08-19 20:10:38	10.972	0.000	0.319	2.562	4.382	3.598	0.101	0.011	0.000	100.000	100.000	
10.1610	O1810R28	500	2.216438	0.001093	2021-08-19 20:10:50	12.395	0.000	0.327	5.150	3.208	3.594	0.099	0.016	0.000	90.000	82.065	
10.1950	CO210R28	500	2.368796	0.001115	2021-08-19 20:11:03	12.340	0.000	0.317	3.764	4.559	3.582	0.098	0.020	0.000	77.500	61.530	
10.8500	C1310R10	500	1.353496	0.003790	2021-08-19 20:11:14	10.659	0.000	0.323	2.577	4.040	3.592	0.100	0.027	0.000	100.000	100.000	
10.1500	O1810R30	500	2.355662	0.001701	2021-08-19 20:11:23	9.214	0.000	0.342	2.369	2.826	3.561	0.099	0.017	0.000	100.000	100.000	
10.1820	CO210R30	500	2.288604	0.001147	2021-08-19 20:11:35	12.488	0.000	0.328	3.361	5.080	3.601	0.105	0.014	0.000	87.500	71.960	
10.8330	C1310R12	500	1.457767	0.002419	2021-08-19 20:11:46	10.411	0.000	0.335	2.446	3.924	3.593	0.101	0.012	0.000	100.000	100.000	
10.1410	O1810R32	500	2.289237	0.001502	2021-08-19 20:11:56	9.628	0.000	0.318	2.379	3.207	3.607	0.104	0.014	0.000	100.000	100.000	
10.1700	CO210R32	500	2.365100	0.000956	2021-08-19 20:12:06	10.561	0.000	0.316	1.448	5.105	3.577	0.100	0.014	0.000	100.000	100.000	
10.8160	C1310R14	500	1.491426	0.001947	2021-08-19 20:12:17	10.514	0.000	0.318	2.350	4.146	3.584	0.105	0.009	0.000	100.000	100.000	
10.1310	O1810R34	500	2.350065	0.009653	2021-08-19 20:12:26	9.041	0.000	0.319	1.968	3.063	3.573	0.103	0.016	0.000	100.000	100.000	
10.1590	CO210R34	500	2.269193	0.001106	2021-08-19 20:12:41	14.582	0.000	0.322	5.966	4.514	3.609	0.143	0.029	0.000	90.000	82.113	
10.8000	C1310R16	500	1.519977	0.002366	2021-08-19 20:12:51	9.723	0.000	0.314	2.188	3.544	3.551	0.107	0.019	0.000	100.000	100.000	
10.1470	CO210R36	500	2.346171	0.000977	2021-08-19 20:13:08	12.620	0.000	0.325	3.059	5.508	3.614	0.098	0.015	0.000	87.500	73.524	
10.1220	O1810R36	0	NaN	NaN	2021-08-19 20:13:11	3.274	0.000	0.334	2.866	0.000	0.000	0.003	0.070	0.000	100.000	100.000	
10.7840	C1310R18	500	1.345031	0.002481	2021-08-19 20:13:21	10.150	0.000	0.328	2.259	3.912	3.509	0.130	0.013	0.000	100.000	100.000	
10.1360	CO210R38	500	2.248978	0.001316	2021-08-19 20:13:33	10.338	0.000	0.316	1.764	4.596	3.543	0.094	0.025	0.000	100.000	100.000	
10.7680	C1310R20	500	1.401471	0.004471	2021-08-19 20:13:45	10.375	0.000	0.339	1.862	4.520	3.546	0.089	0.020	0.000	100.000	100.000	
10.1250	CO210R40	500	2.272570	0.001712	2021-08-19 20:13:58	12.000	0.000	0.316	3.566	4.429	3.573	0.098	0.019	0.000	100.000	100.000	
10.7530	C1310R22	500	1.478494	0.005345	2021-08-19 20:14:09	10.108	0.000	0.316	1.865	4.232	3.583	0.097	0.016	0.000	100.000	100.000	
9.7530	CO209P42	500	1.010200	0.009850	2021-08-19 20:14:27	14.278	0.000	0.321	4.861	5.404	3.576	0.096	0.021	0.000	100.000	100.000	
10.7380	C1310R24	500	1.454978	0.004040	2021-08-19 20:14:38	10.286	0.000	0.323	2.162	4.096	3.590	0.095	0.020	0.000	100.000	100.000	
9.7330	CO209P40	500	0.714682	0.018957	2021-08-19 20:14:52	11.348	0.000	0.312	2.352	4.993	3.575	0.096	0.020	0.000	100.000	100.000	
10.7230	C1310R26	500	1.582304	0.003734	2021-08-19 20:15:03	10.651	0.000	0.331	1.970	4.647	3.601	0.096	0.006	0.000	100.000	100.000	
9.7140	CO209P38	500	0.819910	0.016043	2021-08-19 20:15:18	11.393	0.000	0.313	2.563	4.855	3.552	0.092	0.017	0.000	100.000	100.000	
10.7080	C1310R28	500	1.632919	0.003099	2021-08-19 20:15:28	10.250	0.000	0.326	1.365	4.874	3.586	0.088	0.012	0.000	100.000	100.000	
9.6950	CO209P36	500	0.833359	0.012468	2021-08-19 20:15:42	11.585	0.000	0.316	2.748	4.868	3.543	0.092	0.019	0.000	100.000	100.000	
10.6940	C1310R30	500	1.670680	0.008483	2021-08-19 20:15:53	10.584	0.000	0.338	1.509	5.042	3.588	0.092	0.015	0.000	100.000	100.000	
9.5520	O1809P46	-1	-1000000.000000	-1.000000	2021-08-19 20:15:56	0.000	0.000	0.000	0.000	0.000	0.000	0.000	0.000	0.000	-1.000	-1.000	
9.6750	CO209P34	500	0.680405	0.015367	2021-08-19 20:16:07	12.275	0.000	0.337	2.749	5.496	3.578	0.093	0.022	0.000	100.000	100.000	
9.5360	O1809P44	500	7.747122	0.047856	2021-08-19 20:16:19	11.696	0.000	0.321	4.487	3.170	3.592	0.105	0.020	0.000	100.000	100.000	
10.6800	C1310R32	500	1.691771	0.004727	2021-08-19 20:16:29	9.226	0.000	0.312	1.584	3.662	3.558	0.104	0.007	0.000	100.000	100.000	
9.6570	CO209P32	500	0.728380	0.011157	2021-08-19 20:16:41	12.199	0.000	0.313	3.163	5.053	3.556	0.099	0.016	0.000	100.000	100.000	
9.5190	O1809P42	500	0.508554	0.010559	2021-08-19 20:16:52	11.147	0.000	0.331	3.781	3.362	3.560	0.101	0.013	0.000	100.000	100.000	
10.6660	C1310R34	500	1.696584	0.003793	2021-08-19 20:17:01	9.163	0.000	0.311	1.754	3.474	3.526	0.067	0.031	0.000	100.000	100.000	
9.6390	CO209P30	500	2.353314	1.171416	2021-08-19 20:17:14	12.540	0.000	0.331	3.464	5.062	3.568	0.094	0.022	0.000	100.000	100.000	
9.5030	O1809P40	500	0.497840	0.005725	2021-08-19 20:17:27	12.652	0.000	0.327	5.160	3.431	3.617	0.099	0.019	0.000	95.205	100.000	
10.6520	C1310R36	500	1.726820	0.003797	2021-08-19 20:17:36	9.168	0.000	0.323	1.352	3.781	3.594	0.099	0.020	0.000	100.000	100.000	
9.6210	CO209P28	500	1.442258	1.462424	2021-08-19 20:17:48	12.101	0.000	0.325	2.979	5.111	3.566	0.103	0.017	0.000	100.000	100.000	
9.4880	O1809P38	500	0.514342	0.007364	2021-08-19 20:18:01	12.700	0.000	0.316	5.344	3.316	3.621	0.099	0.004	0.000	90.000	80.696	
10.6390	C1310R38	500	1.745637	0.003835	2021-08-19 20:18:12	10.663	0.000	0.325	1.755	4.873	3.601	0.102	0.007	0.000	100.000	100.000	
9.6040	CO209P26	500	0.591771	0.012276	2021-08-19 20:18:24	12.414	0.000	0.315	3.466	4.908	3.609	0.101	0.016	0.000	100.000	100.000	
9.4720	O1809P36	500	0.500403	0.006931	2021-08-19 20:18:38	13.725	0.000	0.320	6.660	3.053	3.586	0.097	0.009	0.000	90.000	78.418	
9.5880	CO209P24	1	0.560271	NaN	2021-08-19 20:19:34	55.592	0.000	0.337	8.278	24.064	22.910	0.003	0.000	0.000	100.000	100.000	
9.4570	O1809P34	500	0.455205	0.006759	2021-08-19 20:19:47	13.361	0.000	0.314	6.061	3.286	3.546	0.144	0.009	0.000	85.556	72.318	
10.6260	C1310R40	500	1.528973	0.009158	2021-08-19 20:19:58	10.706	0.000	0.320	1.749	4.944	3.572	0.100	0.020	0.000	100.000	100.000	
9.5690	CO209P22	500	0.536865	0.014182	2021-08-19 20:20:44	46.012	0.000	0.319	7.658	17.170	20.742	0.103	0.019	0.000	100.000	100.000	
9.4410	O1809P32	500	0.518277	0.005240	2021-08-19 20:20:58	13.237	0.000	0.317	6.079	3.094	3.625	0.104	0.018	0.000	75.505	59.843	
10.1520	C1309P36	-1	-1000000.000000	-1.000000	2021-08-19 20:21:42	0.000	0.000	0.000	0.000	0.000	0.000	0.000	0.000	0.000	-1.000	-1.000	
9.5520	CO209P20	0	NaN	NaN	2021-08-19 20:21:53	54.697	0.000	0.321	6.756	24.711	22.907	0.001	0.002	0.000	100.000	100.000	
9.4270	O1809P30	500	0.536334	0.004466	2021-08-19 20:22:10	17.895	0.000	0.308	10.102	3.783	3.563	0.136	0.004	0.000	88.351	53.348	
9.5360	CO209P18	502	1.296875	1.513326	2021-08-19 20:23:04	53.283	0.000	0.324	6.924	25.154	20.761	0.104	0.016	0.000	100.000	100.000	
9.4120	O1809P28	500	0.494398	0.005341	2021-08-19 20:23:16	11.812	0.000	0.326	4.345	3.418	3.593	0.110	0.021	0.000	90.000	45.092	
10.1310	C1309P34	-1	-1000000.000000	-1.000000	2021-08-19 20:23:26	0.000	0.000	0.000	0.000	0.000	0.000	0.000	0.000	0.000	-1.000	-1.000	
9.5200	CO209P16	2	0.486713	0.026183	2021-08-19 20:24:10	52.566	0.000	0.313	6.783	22.536	22.932	0.001	0.000	0.000	100.000	100.000	
10.1100	C1309P32	500	2.274468	0.005848	2021-08-19 20:24:19	8.637	0.000	0.320	1.468	3.207	3.501	0.138	0.004	0.000	100.000	100.000	
9.3970	O1809P26	500	0.486468	0.006509	2021-08-19 20:24:37	17.965	0.000	0.323	10.650	3.299	3.574	0.099	0.019	0.000	87.865	46.744	
10.0900	C1309P30	500	2.159026	0.006840	2021-08-19 20:24:47	9.833	0.000	0.322	1.953	3.874	3.563	0.099	0.022	0.000	100.000	100.000	
9.5040	CO209P14	500	3.476885	0.856129	2021-08-19 20:25:00	13.160	0.000	0.317	3.568	5.576	3.573	0.101	0.025	0.000	100.000	100.000	
9.3830	O1809P24	500	0.377445	0.009760	2021-08-19 20:25:16	15.988	0.000	0.325	8.581	3.376	3.581	0.100	0.025	0.000	88.311	50.015	
10.0700	C1309P28	500	2.143778	0.002484	2021-08-19 20:25:27	10.914	0.000	0.325	1.965	4.943	3.565	0.101	0.015	0.000	100.000	100.000	
9.4880	CO209P12	500	0.498043	0.011404	2021-08-19 20:25:40	12.686	0.000	0.315	3.569	5.091	3.590	0.106	0.015	0.000	100.000	100.000	
9.3690	O1809P22	500	0.454695	0.007218	2021-08-19 20:25:56	16.445	0.000	0.334	9.346	3.105	3.559	0.100	0.002	0.000	87.251	35.029	
10.0500	C1309P26	500	2.100251	0.002647	2021-08-19 20:26:08	10.984	0.000	0.340	1.969	4.941	3.608	0.105	0.021	0.000	100.000	100.000	
9.4730	CO209P10	502	3.318236	0.860951	2021-08-19 20:27:07	59.091	0.000	0.320	7.331	30.587	20.731	0.100	0.022	0.000	100.000	100.000	
9.3550	O1809P20	500	0.506701	0.005505	2021-08-19 20:27:19	12.394	0.000	0.316	4.968	3.421	3.581	0.101	0.007	0.000	81.111	33.935	
10.0310	C1309P24	500	2.002190	0.002089	2021-08-19 20:27:30	10.620	0.000	0.324	2.047	4.536	3.607	0.102	0.003	0.000	100.000	100.000	
9.4580	CO209P08	500	6.469358	0.067295	2021-08-19 20:27:43	12.736	0.000	0.324	3.161	5.451	3.630	0.144	0.025	0.000	100.000	100.000	
9.3410	O1809P18	500	0.496820	0.006087	2021-08-19 20:27:55	11.944	0.000	0.317	4.554	3.325	3.618	0.109	0.021	0.000	90.000	29.479	
10.0120	C1309P22	500	1.447271	0.011386	2021-08-19 20:28:05	10.535	0.000	0.329	2.046	4.468	3.568	0.107	0.017	0.000	100.000	100.000	
9.3540	CO209R06	500	0.497170	0.008109	2021-08-19 20:28:19	13.799	0.000	0.315	4.367	5.346	3.654	0.102	0.016	0.000	90.000	80.335	
9.3280	O1809P16	500	0.479603	0.007676	2021-08-19 20:28:32	12.104	0.000	0.319	4.457	3.600	3.614	0.101	0.012	0.000	60.000	42.363	
9.9940	C1309P20	500	1.736503	0.005170	2021-08-19 20:28:41	9.130	0.000	0.336	2.001	3.070	3.604	0.103	0.015	0.000	100.000	100.000	
9.3420	CO209R08	500	0.483699	0.010703	2021-08-19 20:28:55	13.720	0.000	0.323	4.347	5.322	3.608	0.103	0.017	0.000	90.000	95.546	
9.9750	C1309P18	500	1.644953	0.004933	2021-08-19 20:29:06	10.350	0.000	0.323	1.984	4.329	3.609	0.094	0.011	0.000	100.000	100.000	
9.3150	O1809P14	500	0.464699	0.007554	2021-08-19 20:29:20	14.425	0.000	0.324	7.263	3.152	3.569	0.096	0.020	0.000	79.514	29.729	
9.9570	C1309P16	500	1.579010	0.007387	2021-08-19 20:29:32	11.153	0.000	0.321	2.066	5.045	3.607	0.096	0.018	0.000	100.000	100.000	
9.3290	CO209R10	500	0.474047	0.007904	2021-08-19 20:29:47	15.633	0.000	0.319	6.160	5.474	3.567	0.097	0.016	0.000	78.750	62.332	
9.3020	O1809P12	500	0.448923	0.008084	2021-08-19 20:30:01	13.422	0.000	0.326	6.262	3.138	3.583	0.095	0.018	0.000	82.881	32.338	
9.9400	C1309P14	500	1.464180	0.008091	2021-08-19 20:30:11	9.843	0.000	0.325	2.069	3.750	3.585	0.096	0.017	0.000	100.000	100.000	
9.3170	CO209R12	500	0.407357	0.009396	2021-08-19 20:30:27	16.164	0.000	0.316	6.664	5.472	3.591	0.099	0.022	0.000	88.683	62.517	
9.2890	O1809P10	500	0.468899	0.005548	2021-08-19 20:30:40	13.013	0.000	0.312	5.383	3.620	3.575	0.095	0.029	0.000	77.344	29.730	
9.9230	C1309P12	500	1.445382	0.007504	2021-08-19 20:30:52	11.157	0.000	0.320	2.107	5.019	3.589	0.102	0.020	0.000	100.000	100.000	
9.2760	O1809P08	500	0.463202	0.011422	2021-08-19 20:31:07	15.289	0.000	0.315	8.067	3.195	3.592	0.099	0.022	0.000	88.733	28.073	
9.9060	C1309P10	500	1.371887	0.014354	2021-08-19 20:31:18	10.677	0.000	0.322	2.063	4.586	3.586	0.096	0.024	0.000	100.000	100.000	
9.3050	CO209R14	500	0.407364	0.011959	2021-08-19 20:31:33	14.723	0.000	0.327	5.250	5.422	3.615	0.097	0.011	0.000	70.000	70.000	
9.2640	O1809P06	500	0.474901	0.006188	2021-08-19 20:31:45	12.512	0.000	0.320	4.746	3.727	3.602	0.097	0.021	0.000	67.500	38.051	
9.2940	CO209R16	500	0.426845	0.009918	2021-08-19 20:32:01	15.049	0.000	0.318	5.884	5.134	3.603	0.098	0.013	0.000	80.508	48.189	
9.1990	O1809R04	500	0.543242	0.004532	2021-08-19 20:32:15	13.385	0.000	0.318	5.983	3.378	3.590	0.099	0.017	0.000	78.262	55.706	
9.2820	CO209R18	500	0.441617	0.007529	2021-08-19 20:32:30	14.843	0.000	0.331	5.461	5.354	3.574	0.100	0.023	0.000	66.000	55.690	
9.1870	O1809R06	500	0.538385	0.005316	2021-08-19 20:32:45	14.681	0.000	0.323	7.363	3.293	3.589	0.101	0.012	0.000	86.997	15.869	
9.2710	CO209R20	500	0.451926	0.007059	2021-08-19 20:32:58	12.857	0.000	0.332	3.485	5.354	3.579	0.095	0.013	0.000	90.000	32.767	
9.1760	O1809R08	500	0.539310	0.008473	2021-08-19 20:33:10	11.759	0.000	0.319	4.146	3.588	3.592	0.099	0.015	0.000	90.000	18.442	
9.7620	C1309R08	-1	-1000000.000000	-1.000000	2021-08-19 20:33:14	0.000	0.000	0.000	0.000	0.000	0.000	0.000	0.000	0.000	-1.000	-1.000	
9.2610	CO209R22	500	0.467442	0.009448	2021-08-19 20:33:24	12.783	0.000	0.315	3.566	5.187	3.591	0.102	0.021	0.000	90.000	28.355	
9.1660	O1809R10	500	0.478599	0.006871	2021-08-19 20:33:42	17.319	0.000	0.317	9.963	3.333	3.596	0.099	0.012	0.000	90.000	12.030	
9.7490	C1309R10	500	2.102010	1.241899	2021-08-19 20:33:52	10.651	0.000	0.315	2.274	4.335	3.613	0.095	0.019	0.000	100.000	100.000	
9.2500	CO209R24	500	0.474555	0.014647	2021-08-19 20:34:06	13.450	0.000	0.319	4.246	5.198	3.574	0.100	0.013	0.000	90.000	25.756	
9.1550	O1809R12	500	0.591954	0.004482	2021-08-19 20:34:18	11.790	0.000	0.319	4.168	3.598	3.586	0.098	0.021	0.000	57.651	0.100	
9.7360	C1309R12	500	13.444194	0.096580	2021-08-19 20:34:29	11.196	0.000	0.316	2.366	4.815	3.594	0.098	0.008	0.000	100.000	100.000	
9.2400	CO209R26	500	0.494886	0.006447	2021-08-19 20:34:44	14.858	0.000	0.324	5.467	5.380	3.572	0.095	0.018	0.000	90.000	21.192	
9.1450	O1809R14	500	0.613828	0.004343	2021-08-19 20:34:57	12.573	0.000	0.320	5.248	3.271	3.631	0.098	0.005	0.000	55.823	0.100	
9.7230	C1309R14	500	8.046494	0.064193	2021-08-19 20:35:08	11.271	0.000	0.319	2.385	4.855	3.591	0.104	0.018	0.000	100.000	100.000	
9.1340	O1809R16	500	0.584507	0.005039	2021-08-19 20:35:20	11.901	0.000	0.323	4.478	3.403	3.584	0.105	0.009	0.000	43.181	0.100	
9.7100	C1309R16	500	4.904298	0.728453	2021-08-19 20:35:32	11.547	0.000	0.317	2.379	5.142	3.589	0.099	0.021	0.000	100.000	100.000	
9.2300	CO209R28	500	0.500579	0.011412	2021-08-19 20:35:46	13.239	0.000	0.325	4.076	5.161	3.563	0.096	0.019	0.000	90.000	19.970	
9.1250	O1809R18	500	0.629051	0.003388	2021-08-19 20:35:57	11.660	0.000	0.329	3.953	3.701	3.563	0.097	0.018	0.000	45.636	0.100	
9.6980	C1309R18	500	8.626501	0.066259	2021-08-19 20:36:08	10.641	0.000	0.318	2.354	4.230	3.622	0.103	0.015	0.000	100.000	100.000	
9.2190	CO209R30	500	0.429727	0.008470	2021-08-19 20:36:25	17.064	0.000	0.334	7.756	5.267	3.586	0.098	0.024	0.000	90.000	28.387	
9.1150	O1809R20	500	0.629207	0.004549	2021-08-19 20:36:37	11.758	0.000	0.339	4.147	3.564	3.586	0.103	0.018	0.000	44.955	0.100	
9.6860	C1309R20	500	8.423127	0.059851	2021-08-19 20:36:47	9.944	0.000	0.318	2.262	3.639	3.602	0.104	0.020	0.000	100.000	100.000	
9.2100	CO209R32	500	0.526878	0.005762	2021-08-19 20:37:01	13.861	0.000	0.317	4.463	5.407	3.554	0.096	0.023	0.000	90.000	18.793	
9.1050	O1809R22	500	0.621255	0.004362	2021-08-19 20:37:15	13.572	0.000	0.327	5.678	3.865	3.594	0.103	0.006	0.000	39.147	0.100	
9.6750	C1309R22	500	15.284191	0.151917	2021-08-19 20:37:27	11.555	0.000	0.324	2.380	5.137	3.601	0.099	0.015	0.000	100.000	100.000	
9.2010	CO209R34	500	0.525827	0.007217	2021-08-19 20:37:41	13.744	0.000	0.318	4.453	5.259	3.603	0.099	0.012	0.000	90.000	18.265	
9.0950	O1809R24	500	0.621858	0.004105	2021-08-19 20:37:53	12.485	0.000	0.314	5.048	3.414	3.590	0.102	0.017	0.000	38.915	0.100	
9.6630	C1309R24	500	10.274443	0.122952	2021-08-19 20:38:04	10.755	0.000	0.321	2.356	4.397	3.577	0.097	0.005	0.000	100.000	100.000	
9.5880	CO209P24	3	0.555790	0.011743	2021-08-19 20:39:10	65.895	0.000	0.332	9.259	33.389	22.910	0.004	0.000	0.000	100.000	100.000	
9.0860	O1809R26	500	0.612247	0.004224	2021-08-19 20:39:23	12.690	0.000	0.316	5.149	3.570	3.520	0.133	0.002	0.000	30.522	0.100	
9.6520	C1309R26	500	14.729946	0.140765	2021-08-19 20:39:33	9.801	0.000	0.320	2.281	3.529	3.551	0.101	0.018	0.000	100.000	100.000	
9.5520	CO209P20	3	0.514644	0.005086	2021-08-19 20:40:29	55.925	0.000	0.318	7.220	25.486	22.898	0.003	0.000	0.000	100.000	100.000	
9.0770	O1809R28	500	0.612023	0.004781	2021-08-19 20:40:41	12.538	0.000	0.314	4.670	3.843	3.558	0.141	0.011	0.000	35.895	0.100	
9.6420	C1309R28	0	NaN	NaN	2021-08-19 20:40:44	0.427	0.000	0.326	0.100	0.000	0.000	0.001	0.000	0.000	0.100	0.100	
9.5200	CO209P16	500	2.488976	1.084802	2021-08-19 20:41:35	53.086	0.000	0.326	6.527	25.386	20.711	0.128	0.008	0.000	100.000	100.000	
9.0680	O1809R30	500	0.594984	0.003891	2021-08-19 20:41:47	11.619	0.000	0.323	4.068	3.541	3.557	0.108	0.021	0.000	27.944	0.100	
9.5880	CO209P24	0	NaN	NaN	2021-08-19 20:42:52	62.459	0.000	0.325	7.999	31.225	22.909	0.002	0.000	0.000	100.000	100.000	
9.0590	O1809R32	500	0.587330	0.004885	2021-08-19 20:43:03	11.494	0.000	0.327	3.866	3.603	3.545	0.142	0.011	0.000	28.070	0.100	
9.6310	C1309R30	0	NaN	NaN	2021-08-19 20:43:09	6.020	0.000	0.320	5.699	0.000	0.000	0.001	0.000	0.000	100.000	100.000	
9.0510	O1809R34	500	0.571839	0.004226	2021-08-19 20:43:30	12.753	0.000	0.314	5.146	3.625	3.534	0.120	0.014	0.000	32.360	0.100	
9.0420	O1809R36	500	0.556882	0.004153	2021-08-19 20:43:56	11.825	0.000	0.324	4.164	3.692	3.534	0.093	0.019	0.000	33.140	0.100	
9.0340	O1809R38	500	0.431863	0.007777	2021-08-19 20:44:22	12.173	0.000	0.313	4.645	3.517	3.581	0.100	0.016	0.000	52.204	0.100	
9.0260	O1809R40	500	0.549914	0.007638	2021-08-19 20:44:50	13.525	0.000	0.326	6.065	3.427	3.591	0.096	0.019	0.000	90.000	13.907	
9.6210	C1309R32	0	NaN	NaN	2021-08-19 20:45:01	5.966	0.000	0.314	5.651	0.000	0.000	0.002	0.000	0.000	100.000	100.000	
9.6110	C1309R34	0	NaN	NaN	2021-08-19 20:46:59	0.422	0.000	0.320	0.102	0.000	0.000	0.000	0.000	0.000	0.100	0.100	
9.0180	O1809R42	-1	-1000000.000000	-1.000000	2021-08-19 20:47:43	0.000	0.000	0.000	0.000	0.000	0.000	0.000	0.000	0.000	-1.000	-1.000	
10.6640	O1810P36	500	1.703200	0.005602	2021-08-19 20:48:12	8.418	0.000	0.331	1.360	3.054	3.539	0.129	0.005	0.000	100.000	100.000	
10.1520	C1309P36	-1	-1000000.000000	-1.000000	2021-08-19 20:49:11	0.000	0.000	0.000	0.000	0.000	0.000	0.000	0.000	0.000	-1.000	-1.000	
10.1220	O1810R36	-1	-1000000.000000	-1.000000	2021-08-19 20:50:56	0.000	0.000	0.000	0.000	0.000	0.000	0.000	0.000	0.000	-1.000	-1.000	
10.1310	C1309P34	-1	-1000000.000000	-1.000000	2021-08-19 20:51:16	0.000	0.000	0.000	0.000	0.000	0.000	0.000	0.000	0.000	-1.000	-1.000	
9.5520	O1809P46	0	NaN	NaN	2021-08-19 20:51:35	5.901	0.000	0.336	5.563	0.000	0.000	0.001	0.000	0.000	100.000	100.000	
9.7620	C1309R08	-1	-1000000.000000	-1.000000	2021-08-19 20:53:23	0.000	0.000	0.000	0.000	0.000	0.000	0.000	0.000	0.000	-1.000	-1.000	
9.0180	O1809R42	-1	-1000000.000000	-1.000000	2021-08-19 20:54:10	0.000	0.000	0.000	0.000	0.000	0.000	0.000	0.000	0.000	-1.000	-1.000	
9.6420	C1309R28	500	13.779529	0.151525	2021-08-19 20:55:09	31.945	0.000	0.314	5.144	5.623	20.719	0.131	0.013	0.000	100.000	100.000	
9.6310	C1309R30	0	NaN	NaN	2021-08-19 20:56:52	6.810	0.000	0.332	6.476	0.000	0.000	0.001	0.000	0.000	100.000	100.000	
9.6210	C1309R32	0	NaN	NaN	2021-08-19 20:58:32	6.870	0.000	0.324	6.546	0.000	0.000	0.000	0.000	0.000	100.000	100.000	
9.6110	C1309R34	0	NaN	NaN	2021-08-19 21:00:05	0.428	0.000	0.328	0.100	0.000	0.000	0.000	0.000	0.000	0.100	0.100	
