Wavelength	Line name	# of completed ringdowns	Ringdowntimes (us)	STOT	TimeStamp	Get ringdown time (s)	Step time (s)	Step time (s)	Step time(s)	Step time(s) 	Step time(s) 	Step time(s)	Step time(s)	Step time(s) 	AOM setting	Attenuator setting
10.8110	CO210P40	500	2.364150	0.001223	2021-08-19 02:58:35	10.012	0.000	0.340	1.386	4.579	3.541	0.153	0.012	0.000	100.000	100.000	
10.7870	CO210P38	500	2.399918	0.000429	2021-08-19 02:59:04	11.560	0.000	0.320	3.053	4.510	3.573	0.098	0.006	0.000	85.000	48.004	
10.7640	CO210P36	500	2.456109	0.001301	2021-08-19 02:59:34	11.126	0.000	0.319	2.745	4.334	3.606	0.101	0.020	0.000	85.000	75.619	
10.7410	CO210P34	500	2.509529	0.000360	2021-08-19 03:00:03	11.493	0.000	0.328	2.762	4.684	3.603	0.095	0.020	0.000	85.000	79.790	
10.7190	CO210P32	500	2.553389	0.000344	2021-08-19 03:00:32	12.065	0.000	0.334	3.492	4.566	3.560	0.097	0.015	0.000	87.500	54.703	
11.2390	C1310P28	500	1.626628	0.002666	2021-08-19 03:00:44	10.436	0.000	0.316	2.563	3.858	3.590	0.101	0.009	0.000	100.000	100.000	
10.6960	CO210P30	500	2.608406	0.000582	2021-08-19 03:00:59	12.539	0.000	0.325	3.671	4.849	3.581	0.093	0.020	0.000	87.500	51.835	
10.6640	O1810P36	-1	2.687812	0.001525	2021-08-19 03:01:13	0.000	0.000	0.000	0.000	0.000	0.000	0.000	0.000	0.000	-1.000	-1.000	
10.6750	CO210P28	500	2.665177	0.000506	2021-08-19 03:01:28	12.201	0.000	0.318	3.459	4.763	3.550	0.091	0.021	0.000	87.500	65.026	
10.6530	CO210P26	500	2.703219	0.001908	2021-08-19 03:01:57	10.595	0.000	0.313	1.948	4.678	3.548	0.091	0.019	0.000	100.000	100.000	
10.6320	CO210P24	500	2.823905	0.004805	2021-08-19 03:02:26	10.987	0.000	0.334	2.678	4.304	3.559	0.093	0.019	0.000	100.000	100.000	
10.6430	O1810P34	500	2.737952	0.000867	2021-08-19 03:02:47	9.091	0.000	0.326	1.953	3.075	3.602	0.112	0.022	0.000	100.000	100.000	
10.6110	CO210P22	500	2.817520	0.002468	2021-08-19 03:02:59	11.277	0.000	0.314	2.249	5.008	3.596	0.092	0.019	0.000	90.000	97.316	
10.6220	O1810P32	500	2.783042	0.001203	2021-08-19 03:03:10	8.542	0.000	0.316	1.861	2.640	3.608	0.099	0.018	0.000	100.000	100.000	
11.2160	C1310P26	500	1.666850	0.000871	2021-08-19 03:03:20	9.644	0.000	0.320	1.785	3.835	3.589	0.095	0.021	0.000	100.000	100.000	
10.5910	CO210P20	500	2.879626	0.001578	2021-08-19 03:03:30	10.549	0.000	0.321	1.765	4.775	3.586	0.096	0.005	0.000	100.000	100.000	
10.6020	O1810P30	500	2.845258	0.000997	2021-08-19 03:03:41	10.385	0.000	0.324	3.457	2.881	3.605	0.097	0.022	0.000	93.525	100.000	
10.5710	CO210P18	500	2.856777	0.004170	2021-08-19 03:03:58	12.419	0.000	0.332	1.360	7.059	3.567	0.092	0.009	0.000	100.000	100.000	
10.5820	O1810P28	500	2.894687	0.000477	2021-08-19 03:04:10	12.060	0.000	0.322	4.352	3.676	3.591	0.097	0.022	0.000	84.074	71.463	
10.5510	CO210P16	500	2.974560	0.000779	2021-08-19 03:04:26	14.571	0.000	0.319	5.545	5.016	3.578	0.104	0.009	0.000	90.000	71.702	
10.5630	O1810P26	500	2.959132	0.000392	2021-08-19 03:04:39	12.976	0.000	0.326	5.262	3.677	3.599	0.099	0.014	0.000	83.672	65.051	
10.5320	CO210P14	500	2.979275	0.003087	2021-08-19 03:04:52	11.166	0.000	0.321	1.849	5.290	3.591	0.094	0.021	0.000	100.000	100.000	
10.5430	O1810P24	500	2.998429	0.000875	2021-08-19 03:05:05	10.807	0.000	0.336	3.489	3.304	3.568	0.088	0.021	0.000	90.000	58.554	
10.5130	CO210P12	500	3.080685	0.000348	2021-08-19 03:05:18	10.742	0.000	0.337	2.161	4.528	3.597	0.097	0.022	0.000	80.000	83.349	
10.5250	O1810P22	500	3.054254	0.000398	2021-08-19 03:05:28	9.859	0.000	0.308	2.393	3.499	3.561	0.089	0.008	0.000	90.000	74.267	
11.1940	C1310P24	500	1.699571	0.001805	2021-08-19 03:05:39	10.978	0.000	0.325	2.255	4.620	3.592	0.105	0.081	0.000	100.000	100.000	
10.4940	CO210P10	500	3.142565	0.001295	2021-08-19 03:05:52	12.420	0.000	0.332	3.465	4.929	3.581	0.099	0.014	0.000	90.000	81.931	
10.5060	O1810P20	500	3.101616	0.000549	2021-08-19 03:06:01	9.021	0.000	0.320	2.248	2.731	3.601	0.104	0.017	0.000	80.000	78.906	
10.4760	CO210P08	511	3.212104	0.009892	2021-08-19 03:06:30	24.234	0.000	0.315	1.794	13.484	8.527	0.099	0.015	0.000	100.000	100.000	
11.1710	C1310P22	500	1.738247	0.002706	2021-08-19 03:06:42	11.988	0.000	0.315	4.678	3.372	3.505	0.094	0.026	0.000	90.000	73.095	
10.4880	O1810P18	500	3.161589	0.000526	2021-08-19 03:06:53	11.488	0.000	0.323	4.163	3.265	3.620	0.101	0.016	0.000	84.074	59.111	
10.4580	CO210P06	500	3.252131	0.001031	2021-08-19 03:07:05	11.815	0.000	0.324	2.789	4.978	3.610	0.104	0.010	0.000	76.667	60.120	
10.4710	O1810P16	500	3.227067	0.000701	2021-08-19 03:07:17	10.392	0.000	0.323	2.700	3.701	3.552	0.095	0.021	0.000	85.000	70.280	
10.3650	CO210R04	513	3.530603	0.000656	2021-08-19 03:07:50	30.035	0.000	0.324	6.169	15.067	8.356	0.101	0.018	0.000	85.556	73.269	
11.1490	C1310P20	500	1.764772	0.002606	2021-08-19 03:08:02	11.395	0.000	0.323	3.690	3.711	3.549	0.112	0.011	0.000	89.424	54.926	
10.4530	O1810P14	500	3.266481	0.000942	2021-08-19 03:08:12	10.738	0.000	0.343	3.761	2.910	3.601	0.110	0.013	0.000	83.333	75.996	
10.3490	CO210R06	500	3.583948	0.000608	2021-08-19 03:08:26	13.752	0.000	0.312	4.987	4.710	3.624	0.098	0.021	0.000	88.999	59.973	
10.4360	O1810P12	500	3.317436	0.000463	2021-08-19 03:08:37	10.354	0.000	0.326	3.559	2.806	3.550	0.095	0.019	0.000	88.701	80.469	
10.3340	CO210R08	500	3.626108	0.000335	2021-08-19 03:08:51	11.127	0.000	0.315	2.560	4.530	3.594	0.107	0.022	0.000	74.691	50.001	
10.4200	O1810P10	500	3.365504	0.001381	2021-08-19 03:09:02	9.883	0.000	0.326	3.062	2.768	3.609	0.101	0.016	0.000	85.000	73.741	
10.3180	CO210R10	500	3.693668	0.000315	2021-08-19 03:09:17	11.819	0.000	0.317	3.456	4.327	3.614	0.094	0.012	0.000	89.219	30.660	
10.4040	O1810P08	500	3.414728	0.000451	2021-08-19 03:09:27	9.773	0.000	0.317	2.384	3.418	3.558	0.090	0.007	0.000	100.000	100.000	
10.3030	CO210R12	500	3.749575	0.000388	2021-08-19 03:09:46	15.092	0.000	0.316	3.712	7.381	3.575	0.093	0.015	0.000	81.111	36.200	
10.2780	O1810R08	0	NaN	NaN	2021-08-19 03:09:48	0.437	0.000	0.333	0.102	0.000	0.000	0.002	0.000	0.000	0.100	0.100	
10.2890	CO210R14	500	3.787982	0.000465	2021-08-19 03:10:21	16.657	0.000	0.321	7.765	4.865	3.551	0.143	0.011	0.000	86.564	29.887	
11.1280	C1310P18	500	1.798456	0.000673	2021-08-19 03:10:31	10.065	0.000	0.323	2.748	3.283	3.596	0.098	0.017	0.000	100.000	100.000	
10.2650	O1810R10	500	3.872621	0.000808	2021-08-19 03:10:42	10.675	0.000	0.320	3.363	3.306	3.579	0.104	0.003	0.000	90.000	56.287	
10.2740	CO210R16	500	3.837740	0.000474	2021-08-19 03:11:00	18.124	0.000	0.322	9.671	4.467	3.546	0.098	0.020	0.000	88.241	29.960	
10.2520	O1810R12	500	3.909839	0.000450	2021-08-19 03:11:11	10.318	0.000	0.337	3.167	3.129	3.572	0.100	0.014	0.000	85.000	68.468	
10.2600	CO210R18	500	3.888119	0.000353	2021-08-19 03:11:25	11.367	0.000	0.317	2.760	4.596	3.571	0.096	0.028	0.000	76.667	28.492	
10.2400	O1810R14	500	3.963362	0.000697	2021-08-19 03:11:36	10.378	0.000	0.321	2.992	3.362	3.561	0.110	0.034	0.000	90.000	71.671	
10.2470	CO210R20	500	3.906346	0.000359	2021-08-19 03:11:52	12.216	0.000	0.318	3.384	4.813	3.579	0.099	0.023	0.000	70.625	37.271	
10.2280	O1810R16	500	3.993685	0.000376	2021-08-19 03:12:02	9.964	0.000	0.314	2.770	3.159	3.607	0.099	0.016	0.000	85.000	57.915	
10.2330	CO210R22	500	3.987463	0.000403	2021-08-19 03:12:19	12.557	0.000	0.312	3.651	4.906	3.584	0.094	0.010	0.000	76.511	32.176	
10.2160	O1810R18	500	4.041130	0.000819	2021-08-19 03:12:29	9.521	0.000	0.324	1.864	3.646	3.574	0.100	0.013	0.000	90.000	52.526	
11.1070	C1310P16	500	1.828887	0.000558	2021-08-19 03:12:40	11.457	0.000	0.327	2.777	4.672	3.565	0.097	0.019	0.000	100.000	100.000	
10.2040	O1810R20	500	4.084711	0.000296	2021-08-19 03:12:52	11.206	0.000	0.340	3.463	3.668	3.609	0.098	0.027	0.000	85.000	50.118	
11.0860	C1310P14	500	1.866782	0.000382	2021-08-19 03:13:02	10.662	0.000	0.318	2.980	3.631	3.615	0.097	0.022	0.000	94.428	99.920	
10.2200	CO210R24	500	4.027020	0.000379	2021-08-19 03:13:15	12.369	0.000	0.333	3.367	4.956	3.600	0.097	0.017	0.000	66.019	36.528	
10.1930	O1810R22	500	4.099623	0.000638	2021-08-19 03:13:25	10.616	0.000	0.326	3.102	3.478	3.603	0.092	0.015	0.000	87.500	40.647	
11.0650	C1310P12	500	1.892696	0.000989	2021-08-19 03:13:40	12.720	0.000	0.331	5.992	2.696	3.591	0.095	0.016	0.000	90.000	76.333	
10.2070	CO210R26	500	4.055686	0.000423	2021-08-19 03:13:54	13.573	0.000	0.343	5.149	4.368	3.602	0.093	0.018	0.000	85.995	33.595	
11.0450	C1310P10	500	1.916901	0.001087	2021-08-19 03:14:06	11.208	0.000	0.314	2.665	4.510	3.606	0.093	0.020	0.000	100.000	100.000	
10.1820	O1810R24	500	4.145062	0.000333	2021-08-19 03:14:16	10.051	0.000	0.341	2.364	3.656	3.577	0.093	0.019	0.000	90.000	45.431	
10.1950	CO210R28	500	4.092055	0.001035	2021-08-19 03:14:29	13.427	0.000	0.319	5.161	4.255	3.590	0.091	0.011	0.000	90.000	24.367	
10.1710	O1810R26	500	4.174066	0.000384	2021-08-19 03:14:41	10.266	0.000	0.330	3.282	2.935	3.603	0.096	0.019	0.000	90.000	56.483	
10.1820	CO210R30	500	4.149386	0.000558	2021-08-19 03:14:57	12.431	0.000	0.338	3.075	5.326	3.580	0.094	0.017	0.000	67.500	39.686	
10.1610	O1810R28	500	4.202752	0.000660	2021-08-19 03:15:08	10.365	0.000	0.327	2.962	3.414	3.557	0.088	0.018	0.000	87.500	42.293	
10.1700	CO210R32	500	4.176613	0.000367	2021-08-19 03:15:25	14.359	0.000	0.329	5.342	5.010	3.566	0.096	0.017	0.000	90.000	33.846	
10.1500	O1810R30	500	4.238999	0.000405	2021-08-19 03:15:36	10.683	0.000	0.324	3.363	3.289	3.596	0.097	0.013	0.000	87.500	69.344	
10.1590	CO210R34	500	4.214408	0.000330	2021-08-19 03:15:52	11.859	0.000	0.316	3.364	4.495	3.578	0.096	0.010	0.000	80.370	35.636	
10.1410	O1810R32	0	NaN	NaN	2021-08-19 03:16:16	24.238	0.000	0.323	2.194	4.507	17.212	0.003	0.000	0.000	0.100	0.100	
11.0250	C1310P08	500	1.970250	0.000473	2021-08-19 03:16:29	13.342	0.000	0.342	4.047	5.278	3.535	0.124	0.015	0.000	89.549	78.047	
10.1310	O1810R34	0	NaN	NaN	2021-08-19 03:16:32	2.408	0.000	0.327	2.079	0.000	0.000	0.001	0.000	0.000	100.000	100.000	
10.1470	CO210R36	500	4.252439	0.000438	2021-08-19 03:16:45	12.885	0.000	0.323	4.079	4.830	3.519	0.129	0.006	0.000	64.400	44.635	
10.1220	O1810R36	500	4.322668	0.001405	2021-08-19 03:16:55	8.705	0.000	0.325	1.948	2.698	3.602	0.110	0.022	0.000	100.000	100.000	
10.1360	CO210R38	500	4.266094	0.000616	2021-08-19 03:17:16	14.815	0.000	0.334	5.965	4.803	3.599	0.096	0.019	0.000	87.763	39.285	
11.0050	C1310P06	500	1.987774	0.000889	2021-08-19 03:17:45	11.208	0.000	0.324	2.685	4.501	3.579	0.095	0.024	0.000	100.000	100.000	
10.1250	CO210R40	500	4.308271	0.000378	2021-08-19 03:17:58	13.022	0.000	0.320	4.247	4.793	3.550	0.087	0.024	0.000	90.000	63.575	
10.8840	C1310R06	500	2.208596	0.001168	2021-08-19 03:18:56	57.618	0.000	0.325	7.624	28.787	20.770	0.092	0.020	0.000	100.000	100.000	
9.7530	CO209P42	500	4.406836	0.000305	2021-08-19 03:19:13	16.460	0.000	0.325	8.047	4.401	3.578	0.087	0.023	0.000	90.000	33.582	
10.8670	C1310R08	500	2.245467	0.000901	2021-08-19 03:19:24	11.279	0.000	0.319	2.647	4.600	3.601	0.099	0.014	0.000	100.000	100.000	
9.5520	O1809P46	-1	-1000000.000000	-1.000000	2021-08-19 03:19:39	0.000	0.000	0.000	0.000	0.000	0.000	0.000	0.000	0.000	-1.000	-1.000	
9.7330	CO209P40	500	4.383866	0.000404	2021-08-19 03:19:39	13.187	0.000	0.313	4.062	5.120	3.578	0.098	0.017	0.000	69.244	20.439	
10.8500	C1310R10	500	2.273541	0.000387	2021-08-19 03:19:54	14.648	0.000	0.328	6.264	4.322	3.618	0.094	0.022	0.000	90.000	76.623	
9.5360	O1809P44	500	3.889135	0.000616	2021-08-19 03:20:06	12.528	0.000	0.321	5.568	2.928	3.591	0.101	0.018	0.000	88.750	26.380	
10.8330	C1310R12	500	2.313157	0.000972	2021-08-19 03:20:19	12.022	0.000	0.317	4.546	3.446	3.593	0.095	0.025	0.000	90.000	72.932	
9.5190	O1809P42	500	3.851904	0.000457	2021-08-19 03:20:36	17.464	0.000	0.333	10.079	3.319	3.620	0.098	0.015	0.000	90.000	12.316	
10.8160	C1310R14	500	2.342798	0.003363	2021-08-19 03:20:48	11.674	0.000	0.318	2.769	4.886	3.595	0.101	0.004	0.000	85.000	76.350	
9.7140	CO209P38	500	4.340349	0.000312	2021-08-19 03:20:59	11.288	0.000	0.321	3.060	4.192	3.593	0.102	0.019	0.000	87.500	23.216	
9.5030	O1809P40	500	3.770687	0.000322	2021-08-19 03:21:11	11.408	0.000	0.323	3.563	3.815	3.591	0.099	0.018	0.000	58.527	0.100	
10.8000	C1310R16	500	2.376338	0.000673	2021-08-19 03:21:24	12.531	0.000	0.312	4.952	3.534	3.605	0.101	0.028	0.000	89.826	73.212	
9.4880	O1809P38	500	3.725362	0.000343	2021-08-19 03:21:35	11.430	0.000	0.322	3.762	3.672	3.557	0.095	0.022	0.000	47.215	0.100	
10.7840	C1310R18	500	2.388683	0.004157	2021-08-19 03:21:46	11.090	0.000	0.324	3.648	3.406	3.595	0.093	0.023	0.000	90.000	87.094	
9.6950	CO209P36	500	4.330896	0.000450	2021-08-19 03:21:59	12.855	0.000	0.321	3.860	4.967	3.590	0.097	0.020	0.000	89.375	17.947	
9.4720	O1809P36	500	3.640991	0.000414	2021-08-19 03:22:10	10.134	0.000	0.321	3.284	2.861	3.551	0.090	0.026	0.000	42.606	0.100	
10.7680	C1310R20	500	2.441211	0.000623	2021-08-19 03:22:23	12.628	0.000	0.329	3.563	5.047	3.575	0.094	0.019	0.000	88.750	78.557	
9.4570	O1809P34	500	3.565888	0.000523	2021-08-19 03:22:35	12.446	0.000	0.326	4.993	3.417	3.599	0.095	0.016	0.000	45.486	0.100	
10.7530	C1310R22	500	2.467689	0.001055	2021-08-19 03:22:46	10.746	0.000	0.333	3.179	3.515	3.600	0.098	0.020	0.000	100.000	100.000	
9.6750	CO209P34	500	4.290748	0.000459	2021-08-19 03:23:07	21.527	0.000	0.336	12.470	5.026	3.580	0.094	0.022	0.000	90.000	11.168	
9.4410	O1809P32	500	3.513607	0.000381	2021-08-19 03:23:19	10.910	0.000	0.328	3.259	3.599	3.605	0.096	0.023	0.000	37.380	0.100	
10.7380	C1310R24	500	2.498972	0.000717	2021-08-19 03:23:31	12.001	0.000	0.316	2.769	5.199	3.612	0.097	0.007	0.000	100.000	100.000	
9.4270	O1809P30	500	3.441109	0.000383	2021-08-19 03:23:42	11.552	0.000	0.319	4.058	3.532	3.536	0.089	0.018	0.000	35.316	0.100	
10.7230	C1310R26	500	2.541953	0.001972	2021-08-19 03:23:55	12.310	0.000	0.312	3.269	5.044	3.574	0.091	0.020	0.000	87.332	77.042	
9.6570	CO209P32	500	4.252581	0.000627	2021-08-19 03:24:09	13.545	0.000	0.320	4.470	5.073	3.570	0.092	0.019	0.000	89.375	14.759	
9.4120	O1809P28	500	3.340867	0.000367	2021-08-19 03:24:19	9.859	0.000	0.338	2.581	3.234	3.596	0.096	0.015	0.000	32.263	0.100	
10.7080	C1310R28	500	2.581981	0.001681	2021-08-19 03:24:30	10.825	0.000	0.323	2.965	3.830	3.600	0.101	0.006	0.000	100.000	100.000	
9.3970	O1809P26	500	3.266911	0.000346	2021-08-19 03:24:42	12.084	0.000	0.314	4.361	3.691	3.600	0.095	0.023	0.000	33.351	0.100	
10.6940	C1310R30	500	2.597186	0.000818	2021-08-19 03:24:53	10.839	0.000	0.311	2.965	3.863	3.589	0.096	0.015	0.000	100.000	100.000	
9.6390	CO209P30	500	4.216393	0.000309	2021-08-19 03:25:09	15.571	0.000	0.335	6.648	4.876	3.595	0.098	0.019	0.000	89.995	11.174	
9.3830	O1809P24	500	3.178042	0.000391	2021-08-19 03:25:19	10.132	0.000	0.314	2.363	3.740	3.600	0.096	0.019	0.000	26.738	0.100	
10.6800	C1310R32	500	2.640774	0.001572	2021-08-19 03:25:30	10.664	0.000	0.321	2.977	3.643	3.600	0.098	0.024	0.000	100.000	100.000	
9.3690	O1809P22	500	3.107627	0.000622	2021-08-19 03:25:41	11.279	0.000	0.323	4.269	3.000	3.574	0.098	0.016	0.000	29.809	0.100	
10.6660	C1310R34	500	2.668669	0.000662	2021-08-19 03:25:52	10.685	0.000	0.342	2.764	3.916	3.553	0.092	0.018	0.000	100.000	100.000	
9.6210	CO209P28	500	4.175122	0.000343	2021-08-19 03:26:09	17.194	0.000	0.311	7.768	5.448	3.558	0.093	0.016	0.000	89.999	11.316	
9.3550	O1809P20	500	3.032944	0.000345	2021-08-19 03:26:19	9.229	0.000	0.340	2.181	2.987	3.604	0.092	0.025	0.000	25.237	0.100	
10.6520	C1310R36	500	2.712649	0.001578	2021-08-19 03:26:30	11.386	0.000	0.323	2.293	5.050	3.599	0.094	0.027	0.000	100.000	100.000	
9.3410	O1809P18	500	2.954544	0.000396	2021-08-19 03:26:41	11.082	0.000	0.323	3.263	3.705	3.625	0.141	0.025	0.000	23.684	0.100	
9.6040	CO209P26	500	4.130662	0.000431	2021-08-19 03:26:54	12.437	0.000	0.322	3.349	5.057	3.582	0.103	0.024	0.000	69.457	0.100	
10.6390	C1310R38	500	2.733806	0.000853	2021-08-19 03:27:05	11.005	0.000	0.314	2.676	4.322	3.585	0.102	0.007	0.000	100.000	100.000	
9.3280	O1809P16	500	2.879793	0.000537	2021-08-19 03:27:16	11.085	0.000	0.344	3.354	3.718	3.557	0.089	0.022	0.000	25.795	0.100	
9.5880	CO209P24	500	4.072884	0.000317	2021-08-19 03:27:31	14.368	0.000	0.326	4.946	5.404	3.578	0.095	0.017	0.000	68.308	0.100	
9.3150	O1809P14	500	2.809531	0.000503	2021-08-19 03:27:41	10.230	0.000	0.324	3.263	2.946	3.584	0.096	0.016	0.000	26.713	0.100	
10.6260	C1310R40	500	2.774449	0.002048	2021-08-19 03:27:52	10.775	0.000	0.334	2.260	4.455	3.605	0.099	0.022	0.000	100.000	100.000	
9.3020	O1809P12	500	2.740423	0.000660	2021-08-19 03:28:05	12.359	0.000	0.319	5.269	3.063	3.596	0.098	0.014	0.000	29.729	0.100	
9.5690	CO209P22	500	4.026582	0.000374	2021-08-19 03:28:17	12.235	0.000	0.323	2.863	5.406	3.531	0.093	0.018	0.000	72.116	0.100	
9.2890	O1809P10	500	2.660292	0.000403	2021-08-19 03:28:30	11.077	0.000	0.319	3.366	3.682	3.598	0.097	0.015	0.000	26.326	0.100	
9.5520	CO209P20	500	3.965243	0.000549	2021-08-19 03:28:44	13.256	0.000	0.317	4.167	5.109	3.552	0.095	0.016	0.000	62.965	0.100	
9.2760	O1809P08	500	2.561952	0.000869	2021-08-19 03:28:54	9.928	0.000	0.329	2.246	3.641	3.594	0.096	0.022	0.000	27.599	0.100	
9.5360	CO209P18	500	3.896714	0.000414	2021-08-19 03:29:08	11.542	0.000	0.327	2.962	4.608	3.548	0.090	0.007	0.000	66.965	0.100	
9.2640	O1809P06	500	2.508367	0.000508	2021-08-19 03:29:19	10.038	0.000	0.314	2.269	3.742	3.603	0.096	0.014	0.000	30.540	0.100	
9.5200	CO209P16	500	3.856098	0.000360	2021-08-19 03:29:34	12.622	0.000	0.325	3.171	5.422	3.590	0.095	0.020	0.000	62.640	0.100	
9.1990	O1809R04	500	2.063125	0.000537	2021-08-19 03:29:45	10.706	0.000	0.325	3.179	3.544	3.553	0.088	0.018	0.000	58.773	0.100	
10.1520	C1309P36	-1	-1000000.000000	-1.000000	2021-08-19 03:29:56	0.000	0.000	0.000	0.000	0.000	0.000	0.000	0.000	0.000	-1.000	-1.000	
9.5040	CO209P14	500	3.775970	0.000343	2021-08-19 03:29:59	11.642	0.000	0.327	3.148	4.457	3.595	0.098	0.017	0.000	58.162	0.100	
9.1870	O1809R06	500	1.939029	0.000455	2021-08-19 03:30:11	12.229	0.000	0.318	4.065	4.173	3.566	0.088	0.021	0.000	34.280	0.100	
9.4880	CO209P12	500	3.704743	0.000654	2021-08-19 03:30:24	12.646	0.000	0.326	3.985	4.633	3.583	0.100	0.019	0.000	46.542	0.100	
9.1760	O1809R08	500	1.937973	0.000383	2021-08-19 03:30:34	9.590	0.000	0.324	1.948	3.600	3.605	0.096	0.018	0.000	31.555	0.100	
9.4730	CO209P10	500	3.653477	0.000414	2021-08-19 03:30:51	13.042	0.000	0.315	4.046	4.966	3.602	0.097	0.016	0.000	61.956	0.100	
9.1660	O1809R10	500	1.850085	0.000456	2021-08-19 03:31:01	9.863	0.000	0.339	2.264	3.610	3.552	0.088	0.010	0.000	19.662	0.100	
9.4580	CO209P08	500	3.586858	0.000349	2021-08-19 03:31:18	13.419	0.000	0.343	4.344	5.044	3.590	0.093	0.006	0.000	51.654	0.100	
9.1550	O1809R12	500	1.776171	0.000556	2021-08-19 03:31:28	9.679	0.000	0.336	2.262	3.364	3.603	0.095	0.019	0.000	17.324	0.100	
9.3540	CO209R06	500	3.039878	0.000338	2021-08-19 03:31:45	13.565	0.000	0.326	4.464	5.087	3.578	0.092	0.019	0.000	46.369	0.100	
10.1310	C1309P34	-1	-1000000.000000	-1.000000	2021-08-19 03:31:54	0.000	0.000	0.000	0.000	0.000	0.000	0.000	0.000	0.000	-1.000	-1.000	
9.1450	O1809R14	500	1.712029	0.000972	2021-08-19 03:31:56	10.654	0.000	0.328	2.352	4.280	3.579	0.095	0.019	0.000	21.711	0.100	
9.3420	CO209R08	500	2.954962	0.000360	2021-08-19 03:32:11	13.677	0.000	0.318	4.673	4.950	3.618	0.097	0.022	0.000	52.594	0.100	
10.1100	C1309P32	500	4.352138	0.001000	2021-08-19 03:32:21	10.216	0.000	0.319	2.263	3.957	3.567	0.089	0.021	0.000	100.000	100.000	
9.1340	O1809R16	500	1.649469	0.000760	2021-08-19 03:32:33	11.300	0.000	0.313	3.885	3.413	3.577	0.097	0.014	0.000	17.477	0.100	
10.0900	C1309P30	500	4.409523	0.000909	2021-08-19 03:32:43	10.526	0.000	0.311	2.361	4.139	3.596	0.105	0.015	0.000	100.000	100.000	
9.3290	CO209R10	500	2.904840	0.000481	2021-08-19 03:32:57	13.382	0.000	0.317	5.069	4.309	3.578	0.091	0.017	0.000	44.123	0.100	
10.0700	C1309P28	500	4.446732	0.000403	2021-08-19 03:33:09	11.606	0.000	0.329	3.060	4.518	3.580	0.101	0.018	0.000	100.000	100.000	
9.1250	O1809R18	500	1.529988	0.001570	2021-08-19 03:33:20	10.583	0.000	0.318	3.148	3.442	3.562	0.093	0.020	0.000	22.032	0.100	
9.3170	CO209R12	500	2.753034	0.001002	2021-08-19 03:33:34	14.053	0.000	0.325	5.347	4.690	3.583	0.097	0.012	0.000	46.671	0.100	
10.0500	C1309P26	500	4.496139	0.001048	2021-08-19 03:33:47	13.156	0.000	0.333	4.663	4.454	3.597	0.098	0.011	0.000	89.625	83.841	
9.1150	O1809R20	500	1.528355	0.000573	2021-08-19 03:33:58	10.502	0.000	0.321	3.162	3.328	3.582	0.096	0.013	0.000	22.107	0.100	
9.3050	CO209R14	500	2.754458	0.000615	2021-08-19 03:34:14	15.553	0.000	0.322	6.884	4.680	3.557	0.088	0.021	0.000	44.238	0.100	
10.0310	C1309P24	500	4.532730	0.000466	2021-08-19 03:34:25	11.442	0.000	0.333	4.078	3.377	3.542	0.089	0.023	0.000	90.000	62.646	
9.1050	O1809R22	500	1.467339	0.000797	2021-08-19 03:34:37	11.408	0.000	0.319	3.669	3.706	3.600	0.097	0.016	0.000	20.657	0.100	
9.2940	CO209R16	500	2.661360	0.000519	2021-08-19 03:34:50	13.501	0.000	0.324	4.561	4.929	3.581	0.092	0.015	0.000	37.419	0.100	
10.0120	C1309P22	500	4.541001	0.000529	2021-08-19 03:35:01	10.828	0.000	0.311	3.394	3.470	3.544	0.094	0.015	0.000	90.000	99.173	
9.0950	O1809R24	500	1.466161	0.001524	2021-08-19 03:35:13	11.635	0.000	0.315	3.483	4.173	3.566	0.097	0.000	0.000	16.628	0.100	
9.2820	CO209R18	500	2.604748	0.000371	2021-08-19 03:35:26	12.982	0.000	0.324	3.562	5.381	3.602	0.095	0.017	0.000	47.720	0.100	
9.9940	C1309P20	500	4.612167	0.001096	2021-08-19 03:35:38	12.006	0.000	0.325	3.972	4.008	3.592	0.096	0.012	0.000	89.322	73.934	
9.0860	O1809R26	500	1.357709	0.000738	2021-08-19 03:35:49	10.330	0.000	0.331	2.989	3.314	3.584	0.097	0.014	0.000	14.523	0.100	
9.2710	CO209R20	500	2.549797	0.000540	2021-08-19 03:36:02	12.644	0.000	0.328	3.845	4.779	3.582	0.095	0.015	0.000	33.635	0.100	
9.9750	C1309P18	500	4.621966	0.001158	2021-08-19 03:36:15	13.061	0.000	0.339	3.959	5.080	3.572	0.089	0.021	0.000	89.097	80.246	
9.0770	O1809R28	500	1.357462	0.002329	2021-08-19 03:36:30	15.172	0.000	0.312	7.670	3.490	3.577	0.095	0.027	0.000	18.463	0.100	
9.9570	C1309P16	500	4.635922	0.001330	2021-08-19 03:36:42	11.232	0.000	0.329	2.960	4.236	3.590	0.095	0.023	0.000	100.000	100.000	
9.2610	CO209R22	500	2.498172	0.001352	2021-08-19 03:36:56	14.749	0.000	0.314	5.259	5.470	3.592	0.097	0.017	0.000	38.309	0.100	
9.9400	C1309P14	500	4.655495	0.001329	2021-08-19 03:37:06	10.216	0.000	0.319	2.663	3.528	3.591	0.097	0.018	0.000	100.000	100.000	
9.0680	O1809R30	500	1.268501	0.000807	2021-08-19 03:37:18	11.390	0.000	0.327	3.649	3.693	3.614	0.094	0.013	0.000	14.639	0.100	
9.9230	C1309P12	500	4.639502	0.000995	2021-08-19 03:37:29	11.319	0.000	0.349	3.258	4.025	3.579	0.088	0.019	0.000	87.500	75.276	
9.2500	CO209R24	500	2.408402	0.001924	2021-08-19 03:37:43	13.664	0.000	0.329	5.002	4.657	3.577	0.098	0.001	0.000	33.948	0.100	
9.9060	C1309P10	500	4.627530	0.000876	2021-08-19 03:37:55	11.865	0.000	0.316	3.463	4.383	3.590	0.098	0.016	0.000	100.000	100.000	
9.0590	O1809R32	500	1.201404	0.001319	2021-08-19 03:38:06	11.183	0.000	0.331	3.457	3.723	3.569	0.087	0.016	0.000	14.782	0.100	
9.2400	CO209R26	500	2.348924	0.000868	2021-08-19 03:38:18	11.184	0.000	0.323	2.555	4.598	3.593	0.094	0.021	0.000	28.048	0.100	
9.0510	O1809R34	500	1.160986	0.002003	2021-08-19 03:38:30	9.520	0.000	0.316	1.970	3.585	3.535	0.088	0.027	0.000	17.681	0.100	
9.2300	CO209R28	500	2.279473	0.002066	2021-08-19 03:38:44	13.062	0.000	0.324	3.473	5.585	3.568	0.091	0.021	0.000	33.922	0.100	
9.0420	O1809R36	500	1.119251	0.001604	2021-08-19 03:38:56	11.007	0.000	0.321	3.469	3.501	3.601	0.097	0.019	0.000	18.605	0.100	
9.2190	CO209R30	500	2.189513	0.000372	2021-08-19 03:39:11	13.995	0.000	0.326	4.969	5.014	3.573	0.094	0.019	0.000	43.301	0.100	
9.0340	O1809R38	500	1.056709	0.001143	2021-08-19 03:39:22	10.500	0.000	0.316	2.853	3.691	3.533	0.093	0.014	0.000	21.645	0.100	
9.2100	CO209R32	500	2.163450	0.000763	2021-08-19 03:39:37	13.226	0.000	0.324	4.649	4.590	3.552	0.095	0.016	0.000	41.785	0.100	
9.0260	O1809R40	500	1.027489	0.001344	2021-08-19 03:39:50	12.334	0.000	0.318	4.670	3.634	3.592	0.090	0.030	0.000	37.009	0.100	
9.7620	C1309R08	-1	-1000000.000000	-1.000000	2021-08-19 03:39:55	0.000	0.000	0.000	0.000	0.000	0.000	0.000	0.000	0.000	-1.000	-1.000	
9.2010	CO209R34	500	2.163574	0.000439	2021-08-19 03:40:05	12.863	0.000	0.323	3.772	5.109	3.547	0.091	0.020	0.000	38.739	0.100	
9.7490	C1309R10	500	4.391181	0.000442	2021-08-19 03:41:02	12.295	0.000	0.317	3.661	4.625	3.577	0.095	0.019	0.000	89.252	64.191	
9.7360	C1309R12	500	4.361939	0.000952	2021-08-19 03:41:26	10.802	0.000	0.337	3.070	3.752	3.549	0.085	0.010	0.000	100.000	100.000	
9.7230	C1309R14	500	4.345021	0.000606	2021-08-19 03:41:52	12.566	0.000	0.313	4.368	4.134	3.587	0.139	0.025	0.000	89.665	69.071	
9.7100	C1309R16	500	4.328326	0.000801	2021-08-19 03:42:18	12.885	0.000	0.333	3.884	4.961	3.591	0.095	0.021	0.000	89.668	54.758	
9.0180	O1809R42	-1	-1000000.000000	-1.000000	2021-08-19 03:42:26	0.000	0.000	0.000	0.000	0.000	0.000	0.000	0.000	0.000	-1.000	-1.000	
9.6980	C1309R18	500	4.317892	0.000806	2021-08-19 03:42:50	11.552	0.000	0.327	4.247	3.370	3.513	0.061	0.034	0.000	89.844	82.156	
9.6860	C1309R20	500	4.277584	0.001401	2021-08-19 03:43:15	12.003	0.000	0.323	4.061	3.941	3.565	0.094	0.019	0.000	89.668	63.690	
9.6750	C1309R22	500	4.257149	0.000882	2021-08-19 03:43:41	11.347	0.000	0.316	2.977	4.322	3.626	0.090	0.015	0.000	88.750	36.619	
9.6630	C1309R24	500	4.242819	0.000487	2021-08-19 03:44:07	13.774	0.000	0.332	3.874	5.896	3.568	0.094	0.010	0.000	89.609	66.321	
10.6640	O1810P36	500	2.687812	0.001525	2021-08-19 03:44:17	9.014	0.000	0.334	1.860	3.141	3.559	0.099	0.019	0.000	100.000	100.000	
9.6520	C1309R26	500	4.218958	0.000370	2021-08-19 03:44:31	13.051	0.000	0.324	4.559	4.471	3.583	0.098	0.016	0.000	89.844	71.427	
10.2780	O1810R08	500	3.828010	0.000493	2021-08-19 03:44:42	10.677	0.000	0.331	3.384	3.297	3.559	0.093	0.012	0.000	95.294	100.000	
10.1410	O1810R32	500	4.265089	0.000372	2021-08-19 03:46:26	10.148	0.000	0.312	2.962	3.214	3.550	0.092	0.019	0.000	100.000	100.000	
10.1310	O1810R34	500	4.295984	0.001113	2021-08-19 03:46:50	9.500	0.000	0.319	1.980	3.536	3.551	0.090	0.024	0.000	100.000	100.000	
9.6420	C1309R28	500	4.204370	0.000869	2021-08-19 03:47:03	12.412	0.000	0.309	3.446	5.004	3.550	0.085	0.018	0.000	90.000	58.713	
9.6310	C1309R30	-1	-1000000.000000	-1.000000	2021-08-19 03:49:04	0.000	0.000	0.000	0.000	0.000	0.000	0.000	0.000	0.000	-1.000	-1.000	
9.5520	O1809P46	-1	-1000000.000000	-1.000000	2021-08-19 03:49:37	0.000	0.000	0.000	0.000	0.000	0.000	0.000	0.000	0.000	-1.000	-1.000	
9.6210	C1309R32	-1	-1000000.000000	-1.000000	2021-08-19 03:51:09	0.000	0.000	0.000	0.000	0.000	0.000	0.000	0.000	0.000	-1.000	-1.000	
9.0180	O1809R42	-1	-1000000.000000	-1.000000	2021-08-19 03:52:18	0.000	0.000	0.000	0.000	0.000	0.000	0.000	0.000	0.000	-1.000	-1.000	
9.6110	C1309R34	-1	-1000000.000000	-1.000000	2021-08-19 03:52:59	0.000	0.000	0.000	0.000	0.000	0.000	0.000	0.000	0.000	-1.000	-1.000	
10.1520	C1309P36	-1	-1000000.000000	-1.000000	2021-08-19 03:54:36	0.000	0.000	0.000	0.000	0.000	0.000	0.000	0.000	0.000	-1.000	-1.000	
10.1310	C1309P34	-1	-1000000.000000	-1.000000	2021-08-19 03:56:10	0.000	0.000	0.000	0.000	0.000	0.000	0.000	0.000	0.000	-1.000	-1.000	
9.7620	C1309R08	-1	-1000000.000000	-1.000000	2021-08-19 03:57:46	0.000	0.000	0.000	0.000	0.000	0.000	0.000	0.000	0.000	-1.000	-1.000	
9.6310	C1309R30	-1	-1000000.000000	-1.000000	2021-08-19 03:59:20	0.000	0.000	0.000	0.000	0.000	0.000	0.000	0.000	0.000	-1.000	-1.000	
9.6210	C1309R32	0	NaN	NaN	2021-08-19 04:01:35	42.475	0.000	0.323	4.245	20.678	17.226	0.003	0.000	0.000	0.100	0.100	
9.6110	C1309R34	-1	-1000000.000000	-1.000000	2021-08-19 04:03:09	0.000	0.000	0.000	0.000	0.000	0.000	0.000	0.000	0.000	-1.000	-1.000	
