Wavelength	Line name	# of completed ringdowns	Ringdowntimes (us)	STOT	TimeStamp	Get ringdown time (s)	Step time (s)	Step time (s)	Step time(s)	Step time(s) 	Step time(s) 	Step time(s)	Step time(s)	Step time(s) 	AOM setting	Attenuator setting
10.8110	CO210P40	500	1.961211	0.000391	2021-08-26 20:51:04	13.465	0.000	0.321	4.272	5.112	3.604	0.155	0.000	0.000	88.683	66.762	
10.7870	CO210P38	500	2.037559	0.000605	2021-08-26 20:52:04	42.247	0.000	0.327	1.966	23.428	16.414	0.112	0.000	0.000	100.000	100.000	
10.7640	CO210P36	500	2.041554	0.002652	2021-08-26 20:52:33	11.801	0.000	0.319	2.356	5.335	3.634	0.157	0.000	0.000	100.000	100.000	
11.2390	C1310P28	-1	-1000000.000000	-1.000000	2021-08-26 20:52:53	0.000	0.000	0.000	0.000	0.000	0.000	0.000	0.000	0.000	-1.000	-1.000	
10.7410	CO210P34	500	2.088636	0.001127	2021-08-26 20:53:05	13.619	0.000	0.324	4.264	5.346	3.562	0.123	0.000	0.000	90.000	82.497	
10.6640	O1810P36	-1	2.298354	0.001461	2021-08-26 20:53:35	0.000	0.000	0.000	0.000	0.000	0.000	0.000	0.000	0.000	-1.000	-1.000	
11.2160	C1310P26	500	1.349713	0.002349	2021-08-26 20:53:35	10.487	0.000	0.344	2.198	4.198	3.616	0.131	0.000	0.000	100.000	100.000	
10.7190	CO210P32	500	2.117301	0.000580	2021-08-26 20:53:46	11.334	0.000	0.324	2.369	4.981	3.542	0.118	0.000	0.000	100.000	100.000	
11.1940	C1310P24	500	1.338106	0.001255	2021-08-26 20:53:58	11.028	0.000	0.317	2.963	4.027	3.598	0.123	0.000	0.000	100.000	100.000	
10.6960	CO210P30	500	2.246999	0.000612	2021-08-26 20:54:10	11.106	0.000	0.328	2.364	4.670	3.627	0.117	0.000	0.000	100.000	100.000	
11.1710	C1310P22	520	1.421023	0.005364	2021-08-26 20:55:08	55.665	0.000	0.325	6.830	29.390	18.998	0.121	0.000	0.000	94.015	100.000	
10.6750	CO210P28	500	2.303678	0.001335	2021-08-26 20:55:20	11.621	0.000	0.342	2.361	5.221	3.570	0.127	0.000	0.000	100.000	100.000	
11.1490	C1310P20	500	1.436826	0.003941	2021-08-26 20:55:34	11.896	0.000	0.328	2.961	4.943	3.554	0.110	0.000	0.000	90.000	84.392	
10.6530	CO210P26	500	2.321981	0.002248	2021-08-26 20:55:45	10.787	0.000	0.339	2.070	4.660	3.591	0.126	0.000	0.000	100.000	100.000	
11.1280	C1310P18	500	1.475791	0.000423	2021-08-26 20:55:59	11.137	0.000	0.324	2.868	4.243	3.587	0.114	0.000	0.000	100.000	100.000	
10.6320	CO210P24	500	2.356764	0.007355	2021-08-26 20:56:11	11.561	0.000	0.318	2.353	5.203	3.567	0.119	0.000	0.000	100.000	100.000	
10.6430	O1810P34	-1	2.355047	0.000470	2021-08-26 20:56:15	0.000	0.000	0.000	0.000	0.000	0.000	0.000	0.000	0.000	-1.000	-1.000	
11.1070	C1310P16	500	1.489677	0.001675	2021-08-26 20:56:23	10.597	0.000	0.322	2.488	4.124	3.552	0.110	0.000	0.000	100.000	100.000	
10.6110	CO210P22	500	2.410720	0.003165	2021-08-26 20:56:34	10.273	0.000	0.321	1.363	4.947	3.532	0.108	0.000	0.000	100.000	100.000	
10.6220	O1810P32	0	NaN	NaN	2021-08-26 20:56:37	0.460	0.000	0.326	0.132	0.000	0.000	0.002	0.000	0.000	0.100	0.100	
11.0860	C1310P14	500	1.530042	0.000422	2021-08-26 20:56:46	10.461	0.000	0.319	2.382	4.029	3.568	0.161	0.000	0.000	91.959	97.176	
10.5910	CO210P20	500	2.462656	0.003607	2021-08-26 20:56:59	10.427	0.000	0.312	1.582	4.851	3.574	0.107	0.000	0.000	100.000	100.000	
10.6020	O1810P30	500	2.441866	0.001090	2021-08-26 20:57:10	11.256	0.000	0.317	3.780	3.424	3.607	0.127	0.000	0.000	90.000	97.249	
10.5710	CO210P18	500	2.438904	0.004893	2021-08-26 20:57:21	10.934	0.000	0.321	1.463	5.442	3.588	0.121	0.000	0.000	100.000	100.000	
11.0650	C1310P12	500	1.542738	0.001167	2021-08-26 20:57:33	11.294	0.000	0.313	2.151	5.119	3.583	0.127	0.000	0.000	100.000	100.000	
10.5820	O1810P28	500	2.456653	0.000796	2021-08-26 20:57:43	9.866	0.000	0.316	2.150	3.725	3.563	0.112	0.000	0.000	100.000	100.000	
10.5510	CO210P16	500	2.437584	0.001746	2021-08-26 20:57:53	10.672	0.000	0.316	1.479	5.212	3.555	0.109	0.000	0.000	100.000	100.000	
11.0450	C1310P10	500	1.522792	0.002745	2021-08-26 20:58:04	10.078	0.000	0.314	2.049	4.047	3.558	0.109	0.000	0.000	100.000	100.000	
10.5630	O1810P26	500	2.489982	0.000522	2021-08-26 20:58:15	11.317	0.000	0.321	4.070	3.233	3.578	0.115	0.000	0.000	90.000	82.268	
10.5320	CO210P14	500	2.447205	0.006011	2021-08-26 20:58:26	11.068	0.000	0.324	2.165	4.887	3.578	0.113	0.000	0.000	100.000	100.000	
10.5430	O1810P24	500	2.420651	0.001120	2021-08-26 20:58:38	11.597	0.000	0.322	3.969	3.652	3.541	0.112	0.000	0.000	88.845	81.638	
11.0250	C1310P08	500	1.601548	0.000800	2021-08-26 20:58:50	11.385	0.000	0.311	2.767	4.640	3.558	0.108	0.000	0.000	100.000	100.000	
10.5250	O1810P22	500	2.417348	0.000414	2021-08-26 20:59:00	10.575	0.000	0.313	3.048	3.530	3.566	0.118	0.000	0.000	85.000	79.184	
10.5130	CO210P12	500	2.525609	0.001186	2021-08-26 20:59:12	11.814	0.000	0.318	2.270	5.577	3.541	0.108	0.000	0.000	100.000	100.000	
10.5060	O1810P20	500	2.479413	0.000735	2021-08-26 20:59:22	9.675	0.000	0.332	2.946	2.671	3.603	0.122	0.000	0.000	80.629	90.000	
11.0050	C1310P06	500	1.593706	0.003740	2021-08-26 20:59:34	11.813	0.000	0.347	2.302	5.461	3.578	0.124	0.000	0.000	100.000	100.000	
10.4880	O1810P18	500	2.565696	0.000595	2021-08-26 20:59:47	12.312	0.000	0.343	4.784	3.470	3.593	0.121	0.000	0.000	84.074	70.828	
10.4940	CO210P10	500	2.567248	0.002614	2021-08-26 20:59:58	11.108	0.000	0.317	1.850	5.215	3.606	0.120	0.000	0.000	100.000	100.000	
10.8840	C1310R06	500	1.835968	0.001153	2021-08-26 21:00:10	12.347	0.000	0.327	4.963	3.373	3.575	0.109	0.000	0.000	100.000	100.000	
10.4710	O1810P16	500	2.638186	0.000941	2021-08-26 21:00:22	11.883	0.000	0.317	4.153	3.759	3.542	0.112	0.000	0.000	90.000	77.726	
10.4760	CO210P08	500	2.635968	0.003212	2021-08-26 21:00:33	10.861	0.000	0.327	1.755	5.128	3.542	0.108	0.000	0.000	100.000	100.000	
10.8670	C1310R08	500	1.885385	0.001187	2021-08-26 21:00:45	11.427	0.000	0.316	2.363	5.147	3.497	0.085	0.017	0.000	99.279	100.000	
10.4530	O1810P14	500	2.682169	0.001226	2021-08-26 21:00:56	10.751	0.000	0.315	4.147	2.622	3.566	0.101	0.000	0.000	90.000	86.914	
10.4580	CO210P06	0	NaN	NaN	2021-08-26 21:00:58	0.413	0.000	0.326	0.084	0.000	0.000	0.002	0.000	0.000	0.100	0.100	
10.8500	C1310R10	500	1.907168	0.001384	2021-08-26 21:01:08	11.104	0.000	0.316	2.664	4.446	3.519	0.158	0.000	0.000	100.000	100.000	
10.3650	CO210R04	500	2.736188	0.000471	2021-08-26 21:01:26	15.456	0.000	0.317	6.969	4.432	3.612	0.126	0.000	0.000	90.000	75.657	
10.4360	O1810P12	500	2.722078	0.000368	2021-08-26 21:01:38	12.001	0.000	0.318	4.465	3.499	3.599	0.120	0.000	0.000	90.000	94.602	
10.3490	CO210R06	500	2.625177	0.000553	2021-08-26 21:01:49	10.646	0.000	0.324	1.764	4.845	3.591	0.122	0.000	0.000	100.000	100.000	
10.8330	C1310R12	500	1.964064	0.002469	2021-08-26 21:01:59	10.017	0.000	0.326	2.172	3.798	3.601	0.120	0.000	0.000	100.000	100.000	
10.4200	O1810P10	500	2.752036	0.001789	2021-08-26 21:02:11	11.733	0.000	0.319	4.368	3.393	3.539	0.113	0.000	0.000	90.000	81.657	
10.3340	CO210R08	500	2.701416	0.000494	2021-08-26 21:02:21	10.569	0.000	0.326	1.896	4.660	3.574	0.114	0.000	0.000	77.037	62.563	
10.8160	C1310R14	500	2.005015	0.002943	2021-08-26 21:02:33	11.752	0.000	0.326	4.269	3.474	3.562	0.120	0.000	0.000	91.893	100.000	
10.4040	O1810P08	500	2.795927	0.000604	2021-08-26 21:02:42	8.954	0.000	0.320	1.756	3.176	3.584	0.119	0.000	0.000	100.000	100.000	
10.3180	CO210R10	500	2.942309	0.000421	2021-08-26 21:02:56	13.217	0.000	0.318	3.976	5.221	3.580	0.122	0.000	0.000	81.111	47.038	
10.8000	C1310R16	500	2.029999	0.001307	2021-08-26 21:03:08	11.891	0.000	0.326	3.164	4.709	3.568	0.123	0.000	0.000	88.610	93.814	
10.3030	CO210R12	500	2.922858	0.000365	2021-08-26 21:03:21	11.687	0.000	0.317	2.865	4.836	3.563	0.106	0.000	0.000	85.000	50.044	
10.7840	C1310R18	500	1.902154	0.005448	2021-08-26 21:03:36	13.670	0.000	0.316	4.668	4.986	3.576	0.123	0.000	0.000	89.844	80.895	
10.2890	CO210R14	500	2.933927	0.000316	2021-08-26 21:03:51	14.595	0.000	0.317	5.768	4.850	3.549	0.111	0.000	0.000	86.997	36.057	
10.7680	C1310R20	500	2.033081	0.000316	2021-08-26 21:04:03	11.914	0.000	0.317	3.551	4.282	3.640	0.124	0.000	0.000	88.750	77.537	
10.2740	CO210R16	500	3.049943	0.000284	2021-08-26 21:04:18	11.894	0.000	0.326	2.861	5.069	3.541	0.076	0.020	0.000	60.000	66.537	
10.7530	C1310R22	500	2.034462	0.001693	2021-08-26 21:04:29	10.661	0.000	0.322	2.263	4.424	3.556	0.096	0.000	0.000	100.000	100.000	
10.2780	O1810R08	0	NaN	NaN	2021-08-26 21:04:31	0.428	0.000	0.324	0.101	0.000	0.000	0.002	0.000	0.000	0.100	0.100	
10.2600	CO210R18	500	3.120986	0.000360	2021-08-26 21:04:42	12.519	0.000	0.323	2.983	5.527	3.545	0.139	0.000	0.000	85.000	39.720	
10.7380	C1310R24	500	2.033765	0.000925	2021-08-26 21:04:52	9.739	0.000	0.319	2.262	3.507	3.548	0.104	0.000	0.000	100.000	100.000	
10.2470	CO210R20	500	2.882372	0.000428	2021-08-26 21:05:11	13.199	0.000	0.336	3.667	5.532	3.550	0.113	0.000	0.000	89.097	45.721	
10.2650	O1810R10	500	3.109281	0.000925	2021-08-26 21:05:22	11.273	0.000	0.316	4.562	2.684	3.587	0.124	0.000	0.000	90.000	86.314	
10.2330	CO210R22	500	3.125972	0.000383	2021-08-26 21:05:34	11.459	0.000	0.318	2.761	4.704	3.565	0.110	0.001	0.000	87.006	48.112	
10.2520	O1810R12	500	3.089639	0.000411	2021-08-26 21:05:45	11.261	0.000	0.318	3.950	3.316	3.554	0.121	0.001	0.000	82.895	70.580	
10.7230	C1310R26	500	2.150858	0.003100	2021-08-26 21:05:57	11.781	0.000	0.325	3.061	4.715	3.561	0.119	0.000	0.000	100.000	100.000	
10.2400	O1810R14	500	3.108863	0.000543	2021-08-26 21:06:08	11.178	0.000	0.336	3.861	3.258	3.596	0.127	0.000	0.000	87.500	68.842	
10.7080	C1310R28	500	2.211138	0.001478	2021-08-26 21:06:19	10.721	0.000	0.329	1.856	4.844	3.575	0.116	0.000	0.000	100.000	100.000	
10.2200	CO210R24	500	3.127251	0.000419	2021-08-26 21:06:31	11.451	0.000	0.315	2.965	4.508	3.549	0.115	0.000	0.000	82.017	57.663	
10.2280	O1810R16	500	3.128092	0.000349	2021-08-26 21:06:42	10.791	0.000	0.332	3.468	3.319	3.555	0.117	0.000	0.000	87.500	68.452	
10.6940	C1310R30	500	2.241209	0.000882	2021-08-26 21:06:52	10.042	0.000	0.325	1.871	4.128	3.596	0.121	0.000	0.000	100.000	100.000	
10.2070	CO210R26	500	3.185680	0.000275	2021-08-26 21:07:05	12.938	0.000	0.317	3.965	4.957	3.582	0.115	0.000	0.000	86.049	46.076	
10.2160	O1810R18	500	3.178892	0.000795	2021-08-26 21:07:16	11.001	0.000	0.315	3.653	3.341	3.572	0.119	0.000	0.000	77.508	76.506	
10.6800	C1310R32	500	2.246654	0.002570	2021-08-26 21:07:26	9.838	0.000	0.312	1.582	4.147	3.634	0.163	0.000	0.000	100.000	100.000	
10.1950	CO210R28	500	3.241568	0.001060	2021-08-26 21:07:42	15.364	0.000	0.328	6.164	5.164	3.583	0.125	0.000	0.000	84.967	39.479	
10.2040	O1810R20	500	3.234178	0.000202	2021-08-26 21:07:54	11.965	0.000	0.333	4.275	3.647	3.583	0.126	0.000	0.000	85.556	73.050	
10.1820	CO210R30	500	3.275853	0.000620	2021-08-26 21:08:07	12.988	0.000	0.323	3.468	5.523	3.557	0.116	0.000	0.000	85.781	56.378	
10.1930	O1810R22	500	3.276182	0.000654	2021-08-26 21:08:17	10.134	0.000	0.327	3.461	2.664	3.559	0.123	0.000	0.000	76.667	61.133	
10.6660	C1310R34	500	2.284685	0.000616	2021-08-26 21:08:28	10.626	0.000	0.323	1.867	4.726	3.591	0.118	0.000	0.000	100.000	100.000	
10.1700	CO210R32	500	3.307367	0.000573	2021-08-26 21:08:43	14.938	0.000	0.342	5.962	4.979	3.549	0.107	0.000	0.000	87.034	59.469	
10.1820	O1810R24	500	3.268005	0.000308	2021-08-26 21:08:53	10.348	0.000	0.322	2.849	3.470	3.590	0.117	0.000	0.000	85.000	63.400	
10.6520	C1310R36	500	2.324897	0.002378	2021-08-26 21:09:04	10.367	0.000	0.320	1.762	4.622	3.553	0.109	0.000	0.000	100.000	100.000	
10.1590	CO210R34	500	3.290245	0.000284	2021-08-26 21:09:16	11.911	0.000	0.315	3.462	4.413	3.597	0.123	0.000	0.000	87.500	50.263	
10.1710	O1810R26	500	3.324558	0.000278	2021-08-26 21:09:27	11.343	0.000	0.317	3.760	3.565	3.583	0.117	0.000	0.000	83.333	77.889	
10.6390	C1310R38	500	2.345692	0.001296	2021-08-26 21:09:38	10.576	0.000	0.318	1.763	4.806	3.570	0.119	0.000	0.000	100.000	100.000	
10.1470	CO210R36	500	3.311375	0.000364	2021-08-26 21:09:50	11.771	0.000	0.318	2.780	5.006	3.554	0.111	0.000	0.000	76.667	65.945	
10.1610	O1810R28	500	3.309580	0.000823	2021-08-26 21:10:01	11.034	0.000	0.343	3.576	3.450	3.554	0.110	0.000	0.000	87.500	57.228	
10.6260	C1310R40	500	2.350388	0.003393	2021-08-26 21:10:11	10.111	0.000	0.340	1.984	4.096	3.574	0.116	0.000	0.000	100.000	100.000	
10.1360	CO210R38	500	3.261558	0.000342	2021-08-26 21:10:24	12.658	0.000	0.317	3.167	5.480	3.576	0.118	0.000	0.000	90.000	77.692	
10.1500	O1810R30	500	3.307476	0.000444	2021-08-26 21:10:34	10.074	0.000	0.315	2.549	3.509	3.581	0.120	0.000	0.000	100.000	100.000	
10.1250	CO210R40	500	3.238213	0.000475	2021-08-26 21:10:51	12.340	0.000	0.326	3.462	4.842	3.593	0.117	0.000	0.000	100.000	100.000	
10.1410	O1810R32	500	3.262768	0.000249	2021-08-26 21:11:03	11.971	0.000	0.319	4.561	3.418	3.563	0.110	0.000	0.000	90.008	100.000	
9.7530	CO209P42	500	3.020427	0.000452	2021-08-26 21:11:23	17.800	0.000	0.323	8.848	4.985	3.526	0.118	0.000	0.000	90.000	73.273	
9.7330	CO209P40	500	2.778900	0.000454	2021-08-26 21:11:52	11.734	0.000	0.316	2.761	4.992	3.557	0.108	0.000	0.000	90.000	64.592	
9.7140	CO209P38	500	2.848631	0.000290	2021-08-26 21:12:22	13.815	0.000	0.316	4.280	5.558	3.549	0.112	0.000	0.000	84.074	45.966	
10.1520	C1309P36	-1	-1000000.000000	-1.000000	2021-08-26 21:12:25	0.000	0.000	0.000	0.000	0.000	0.000	0.000	0.000	0.000	-1.000	-1.000	
9.6950	CO209P36	500	2.751445	0.001282	2021-08-26 21:12:51	12.372	0.000	0.315	3.647	4.738	3.552	0.119	0.000	0.000	60.000	62.282	
9.6750	CO209P34	500	2.367755	0.000347	2021-08-26 21:13:21	12.491	0.000	0.313	3.459	5.072	3.535	0.111	0.000	0.000	87.500	40.620	
9.6570	CO209P32	500	2.730191	0.000674	2021-08-26 21:13:53	15.199	0.000	0.313	5.962	5.202	3.605	0.117	0.000	0.000	84.661	26.060	
10.1310	O1810R34	-1	-1000000.000000	-1.000000	2021-08-26 21:14:01	0.000	0.000	0.000	0.000	0.000	0.000	0.000	0.000	0.000	-1.000	-1.000	
9.6390	CO209P30	500	2.631583	0.000308	2021-08-26 21:14:23	13.327	0.000	0.313	3.661	5.655	3.577	0.121	0.000	0.000	88.750	23.911	
10.1310	C1309P34	-1	-1000000.000000	-1.000000	2021-08-26 21:14:45	0.000	0.000	0.000	0.000	0.000	0.000	0.000	0.000	0.000	-1.000	-1.000	
9.6210	CO209P28	500	2.637559	0.000263	2021-08-26 21:14:51	11.657	0.000	0.323	2.473	5.168	3.573	0.120	0.000	0.000	80.000	18.593	
10.1100	C1309P32	500	3.366641	0.001286	2021-08-26 21:15:08	9.821	0.000	0.323	2.144	3.630	3.604	0.120	0.000	0.000	100.000	100.000	
9.6040	CO209P26	500	2.603983	0.000283	2021-08-26 21:15:21	13.140	0.000	0.311	4.372	4.839	3.515	0.081	0.022	0.000	90.000	17.686	
10.0900	C1309P30	500	3.296353	0.000532	2021-08-26 21:15:32	11.382	0.000	0.316	2.262	5.196	3.513	0.095	0.000	0.000	100.000	100.000	
9.5880	CO209P24	500	2.591225	0.000413	2021-08-26 21:15:53	18.363	0.000	0.327	9.275	5.068	3.575	0.118	0.000	0.000	89.050	13.369	
10.0700	C1309P28	500	3.435819	0.000483	2021-08-26 21:16:05	11.059	0.000	0.313	2.845	4.184	3.600	0.117	0.000	0.000	100.000	100.000	
9.5690	CO209P22	500	2.523693	0.000550	2021-08-26 21:16:19	13.909	0.000	0.330	4.845	5.081	3.547	0.106	0.000	0.000	90.000	16.063	
10.0500	C1309P26	500	3.472746	0.000780	2021-08-26 21:16:31	11.002	0.000	0.322	3.161	3.809	3.593	0.118	0.000	0.000	100.000	100.000	
10.1220	O1810R36	-1	-1000000.000000	-1.000000	2021-08-26 21:16:49	0.000	0.000	0.000	0.000	0.000	0.000	0.000	0.000	0.000	-1.000	-1.000	
9.5520	CO209P20	500	2.530338	0.000435	2021-08-26 21:16:49	16.373	0.000	0.313	8.069	4.310	3.570	0.110	0.000	0.000	90.000	13.264	
9.5520	O1809P46	-1	-1000000.000000	-1.000000	2021-08-26 21:17:02	0.000	0.000	0.000	0.000	0.000	0.000	0.000	0.000	0.000	-1.000	-1.000	
10.0310	C1309P24	500	3.408121	0.000570	2021-08-26 21:17:03	14.044	0.000	0.320	4.967	5.095	3.553	0.108	0.000	0.000	90.000	71.267	
9.5360	CO209P18	500	2.404701	0.000670	2021-08-26 21:17:18	14.866	0.000	0.322	5.463	5.392	3.571	0.118	0.000	0.000	90.000	14.971	
9.5360	O1809P44	500	2.378843	0.000859	2021-08-26 21:17:30	11.364	0.000	0.314	4.047	3.312	3.576	0.116	0.000	0.000	90.000	33.242	
10.0120	C1309P22	500	3.356244	0.000243	2021-08-26 21:17:43	12.807	0.000	0.319	4.660	4.174	3.545	0.108	0.000	0.000	90.000	66.832	
9.5190	O1809P42	500	2.424977	0.000458	2021-08-26 21:17:57	13.911	0.000	0.318	6.063	3.851	3.569	0.110	0.000	0.000	89.375	27.387	
9.5200	CO209P16	500	2.413204	0.000277	2021-08-26 21:18:28	30.643	0.000	0.325	21.579	5.036	3.586	0.117	0.000	0.000	90.000	11.192	
9.5030	O1809P40	0	NaN	NaN	2021-08-26 21:19:07	39.008	0.000	0.317	12.029	3.742	22.916	0.003	0.000	0.000	90.000	14.852	
9.4880	O1809P38	-1	2.272758	0.000299	2021-08-26 21:19:16	0.000	0.000	0.000	0.000	0.000	0.000	0.000	0.000	0.000	-1.000	-1.000	
9.9940	C1309P20	500	3.378795	0.001937	2021-08-26 21:19:18	11.136	0.000	0.315	2.881	4.266	3.532	0.141	0.000	0.000	100.000	100.000	
9.5040	CO209P14	500	2.318555	0.000443	2021-08-26 21:19:34	15.703	0.000	0.325	6.947	4.774	3.547	0.111	0.000	0.000	90.000	12.466	
9.4720	O1809P36	500	2.327606	0.000297	2021-08-26 21:19:45	10.783	0.000	0.312	3.346	3.453	3.550	0.122	0.000	0.000	67.691	0.100	
9.9750	C1309P18	500	3.362398	0.001901	2021-08-26 21:19:58	12.553	0.000	0.320	4.770	3.799	3.549	0.115	0.000	0.000	90.000	84.899	
9.4570	O1809P34	500	2.221587	0.000941	2021-08-26 21:20:09	11.161	0.000	0.321	3.859	3.333	3.534	0.114	0.000	0.000	68.975	0.100	
9.4880	CO209P12	500	2.280748	0.000796	2021-08-26 21:20:22	13.299	0.000	0.317	4.363	4.933	3.571	0.115	0.000	0.000	74.229	0.100	
9.4410	O1809P32	500	2.249112	0.000264	2021-08-26 21:20:33	10.491	0.000	0.327	3.545	2.948	3.562	0.109	0.000	0.000	62.253	0.100	
9.9570	C1309P16	500	3.370443	0.000680	2021-08-26 21:20:44	11.131	0.000	0.310	3.061	4.089	3.557	0.114	0.000	0.000	100.000	100.000	
9.4270	O1809P30	500	2.255668	0.000328	2021-08-26 21:20:56	11.438	0.000	0.319	3.748	3.642	3.608	0.120	0.000	0.000	59.145	0.100	
9.4730	CO209P10	500	2.285018	0.000276	2021-08-26 21:21:10	14.479	0.000	0.325	6.168	4.285	3.579	0.121	0.000	0.000	90.000	13.092	
9.4120	O1809P28	500	2.178607	0.000376	2021-08-26 21:21:21	10.532	0.000	0.328	2.650	3.852	3.583	0.119	0.000	0.000	50.685	0.100	
9.9400	C1309P14	500	3.326601	0.001041	2021-08-26 21:21:32	11.063	0.000	0.318	2.746	4.327	3.557	0.115	0.000	0.000	100.000	100.000	
9.4580	CO209P08	500	2.243419	0.000304	2021-08-26 21:21:47	14.530	0.000	0.327	5.167	5.350	3.572	0.113	0.000	0.000	89.844	12.443	
9.3970	O1809P26	500	2.147199	0.000256	2021-08-26 21:21:59	11.491	0.000	0.333	3.668	3.808	3.554	0.126	0.000	0.000	48.446	0.100	
9.9230	C1309P12	500	3.263982	0.001340	2021-08-26 21:22:10	11.204	0.000	0.319	2.686	4.477	3.601	0.121	0.000	0.000	100.000	100.000	
9.3540	CO209R06	500	2.060560	0.000366	2021-08-26 21:22:23	13.020	0.000	0.318	4.360	4.551	3.630	0.161	0.000	0.000	63.988	0.100	
9.3830	O1809P24	500	1.981170	0.000412	2021-08-26 21:22:35	12.153	0.000	0.322	4.585	3.521	3.598	0.128	0.000	0.000	43.274	0.100	
9.9060	C1309P10	500	3.388811	0.001559	2021-08-26 21:22:47	12.098	0.000	0.326	2.966	5.143	3.546	0.116	0.000	0.000	100.000	100.000	
9.3690	O1809P22	500	2.062007	0.000770	2021-08-26 21:23:00	12.834	0.000	0.326	4.951	3.851	3.587	0.118	0.000	0.000	46.173	0.100	
9.3420	CO209R08	500	2.011794	0.000297	2021-08-26 21:23:14	13.019	0.000	0.327	3.964	5.023	3.587	0.119	0.000	0.000	72.858	0.100	
9.3550	O1809P20	500	2.059251	0.000382	2021-08-26 21:23:25	11.030	0.000	0.316	3.347	3.704	3.554	0.109	0.000	0.000	38.562	0.100	
9.3290	CO209R10	500	1.969597	0.000633	2021-08-26 21:23:40	12.514	0.000	0.313	4.047	4.439	3.597	0.117	0.000	0.000	57.965	0.100	
9.3410	O1809P18	500	2.005833	0.000267	2021-08-26 21:23:51	10.812	0.000	0.326	3.966	2.826	3.575	0.118	0.000	0.000	41.751	0.100	
9.3170	CO209R12	500	1.790545	0.004101	2021-08-26 21:24:05	11.557	0.000	0.318	2.250	5.291	3.575	0.123	0.000	0.000	90.000	1.269	
9.3280	O1809P16	500	1.929660	0.000524	2021-08-26 21:24:17	11.930	0.000	0.327	4.560	3.324	3.599	0.120	0.000	0.000	44.513	0.100	
9.3050	CO209R14	500	1.791988	0.000940	2021-08-26 21:24:30	12.645	0.000	0.323	3.861	4.806	3.544	0.110	0.000	0.000	67.244	0.100	
9.3150	O1809P14	500	1.922277	0.000698	2021-08-26 21:24:44	12.726	0.000	0.316	5.064	3.661	3.564	0.120	0.000	0.000	41.350	0.100	
9.7620	C1309R08	-1	-1000000.000000	-1.000000	2021-08-26 21:24:46	0.000	0.000	0.000	0.000	0.000	0.000	0.000	0.000	0.000	-1.000	-1.000	
9.2940	CO209R16	500	1.771403	0.000673	2021-08-26 21:24:57	13.554	0.000	0.312	4.661	4.865	3.589	0.127	0.000	0.000	54.978	0.100	
9.7490	C1309R10	500	2.914172	0.000684	2021-08-26 21:25:08	10.468	0.000	0.312	2.670	3.840	3.539	0.105	0.000	0.000	100.000	100.000	
9.3020	O1809P12	500	1.787570	0.000826	2021-08-26 21:25:23	14.721	0.000	0.341	7.065	3.678	3.528	0.109	0.000	0.000	45.292	0.100	
9.7360	C1309R12	500	2.684226	0.001585	2021-08-26 21:25:34	11.448	0.000	0.315	2.646	4.796	3.573	0.118	0.000	0.000	100.000	100.000	
9.2890	O1809P10	500	1.854998	0.000559	2021-08-26 21:25:45	10.971	0.000	0.336	3.446	3.586	3.506	0.082	0.015	0.000	34.166	0.100	
9.2820	CO209R18	500	1.797244	0.000577	2021-08-26 21:25:59	13.510	0.000	0.325	4.062	5.458	3.560	0.104	0.000	0.000	61.694	0.100	
9.2760	O1809P08	500	1.811490	0.001252	2021-08-26 21:26:12	12.693	0.000	0.311	4.988	3.739	3.546	0.108	0.000	0.000	40.635	0.100	
9.7230	C1309R14	500	2.858231	0.001714	2021-08-26 21:26:23	11.479	0.000	0.338	2.665	4.791	3.565	0.119	0.000	0.000	100.000	100.000	
9.2640	O1809P06	500	1.742014	0.000422	2021-08-26 21:26:37	12.431	0.000	0.339	5.367	3.035	3.574	0.115	0.000	0.000	45.590	0.100	
9.7100	C1309R16	500	2.814241	0.002437	2021-08-26 21:26:47	10.498	0.000	0.325	2.662	3.816	3.579	0.116	0.000	0.000	100.000	100.000	
9.2710	CO209R20	500	1.788266	0.000415	2021-08-26 21:27:03	15.053	0.000	0.326	6.466	4.606	3.546	0.108	0.000	0.000	43.440	0.100	
9.1990	O1809R04	500	1.533729	0.001366	2021-08-26 21:27:15	12.238	0.000	0.327	4.565	3.644	3.583	0.119	0.000	0.000	90.000	14.153	
9.6980	C1309R18	500	2.762793	0.000651	2021-08-26 21:27:27	11.598	0.000	0.325	2.553	5.078	3.534	0.108	0.000	0.000	100.000	100.000	
9.1870	O1809R06	500	1.499288	0.001081	2021-08-26 21:27:40	13.196	0.000	0.315	5.578	3.614	3.573	0.115	0.000	0.000	55.899	0.100	
9.6860	C1309R20	500	2.542421	0.002817	2021-08-26 21:27:51	10.705	0.000	0.325	2.765	3.932	3.570	0.112	0.000	0.000	100.000	100.000	
9.1760	O1809R08	500	1.453701	0.000397	2021-08-26 21:28:02	11.624	0.000	0.322	3.862	3.762	3.561	0.116	0.000	0.000	31.753	0.100	
9.2610	CO209R22	500	1.766398	0.002297	2021-08-26 21:28:16	13.923	0.000	0.312	4.584	5.358	3.558	0.110	0.000	0.000	52.875	0.100	
9.1660	O1809R10	500	1.387226	0.000435	2021-08-26 21:28:28	11.504	0.000	0.317	4.047	3.440	3.580	0.120	0.000	0.000	27.359	0.100	
9.6750	C1309R22	500	2.374165	0.000765	2021-08-26 21:28:39	10.440	0.000	0.326	2.650	3.752	3.594	0.118	0.000	0.000	100.000	100.000	
9.2500	CO209R24	500	1.716515	0.003736	2021-08-26 21:28:53	13.900	0.000	0.342	5.063	4.798	3.581	0.115	0.000	0.000	48.216	0.100	
9.1550	O1809R12	500	1.366168	0.000477	2021-08-26 21:29:02	9.669	0.000	0.315	2.354	3.342	3.552	0.106	0.000	0.000	26.056	0.100	
9.6630	C1309R24	500	2.667908	0.000839	2021-08-26 21:29:13	10.793	0.000	0.324	2.753	4.018	3.577	0.121	0.000	0.000	100.000	100.000	
9.1450	O1809R14	500	1.333197	0.001217	2021-08-26 21:29:26	12.762	0.000	0.319	4.762	3.991	3.573	0.118	0.000	0.000	29.081	0.100	
9.6520	C1309R26	500	2.648561	0.000763	2021-08-26 21:29:38	11.303	0.000	0.322	2.564	4.779	3.528	0.110	0.000	0.000	100.000	100.000	
9.1340	O1809R16	500	1.289980	0.001084	2021-08-26 21:29:50	11.887	0.000	0.321	4.192	3.677	3.579	0.117	0.000	0.000	23.196	0.100	
9.2400	CO209R26	500	1.691232	0.001564	2021-08-26 21:30:03	13.173	0.000	0.316	4.563	4.583	3.594	0.118	0.000	0.000	40.154	0.100	
9.1250	O1809R18	500	1.243546	0.002358	2021-08-26 21:30:14	10.707	0.000	0.327	3.368	3.319	3.570	0.122	0.000	0.000	27.016	0.100	
9.6420	C1309R28	500	2.578134	0.001212	2021-08-26 21:30:26	11.547	0.000	0.324	2.648	4.863	3.591	0.121	0.000	0.000	100.000	100.000	
9.1150	O1809R20	500	1.241499	0.000687	2021-08-26 21:30:38	11.940	0.000	0.318	4.183	3.780	3.552	0.107	0.000	0.000	24.154	0.100	
9.2300	CO209R28	500	1.658196	0.003797	2021-08-26 21:30:53	15.316	0.000	0.313	5.967	5.349	3.569	0.118	0.000	0.000	48.399	0.100	
9.1050	O1809R22	500	1.187192	0.001223	2021-08-26 21:31:05	11.662	0.000	0.319	4.161	3.491	3.575	0.117	0.000	0.000	26.722	0.100	
9.2190	CO209R30	500	1.419685	0.000436	2021-08-26 21:31:21	14.510	0.000	0.322	5.074	5.411	3.589	0.114	0.000	0.000	64.671	0.100	
9.0950	O1809R24	500	1.184820	0.001790	2021-08-26 21:31:33	11.129	0.000	0.326	3.243	3.850	3.587	0.122	0.000	0.000	26.174	0.100	
9.2100	CO209R32	500	1.581811	0.000891	2021-08-26 21:31:49	13.444	0.000	0.323	5.049	4.426	3.536	0.109	0.000	0.000	53.960	0.100	
9.0860	O1809R26	500	1.143073	0.000665	2021-08-26 21:31:58	9.560	0.000	0.323	2.281	3.262	3.578	0.115	0.000	0.000	17.663	0.100	
9.2010	CO209R34	500	1.578943	0.000591	2021-08-26 21:32:17	12.396	0.000	0.316	2.964	5.432	3.565	0.118	0.000	0.000	59.452	0.100	
9.0770	O1809R28	500	1.093016	0.002308	2021-08-26 21:32:27	9.518	0.000	0.325	2.251	3.298	3.535	0.109	0.000	0.000	20.854	0.100	
9.6310	C1309R30	0	NaN	NaN	2021-08-26 21:34:12	105.280	0.000	0.319	7.482	74.586	22.891	0.002	0.000	0.000	100.000	100.000	
9.0680	O1809R30	500	1.074464	0.000874	2021-08-26 21:34:24	10.905	0.000	0.325	3.155	3.748	3.522	0.155	0.000	0.000	17.157	0.100	
10.4580	CO210P06	500	2.678022	0.001587	2021-08-26 21:34:35	11.780	0.000	0.311	2.362	5.410	3.575	0.121	0.000	0.000	100.000	100.000	
9.0590	O1809R32	500	1.019738	0.001574	2021-08-26 21:34:50	10.894	0.000	0.324	3.163	3.751	3.542	0.114	0.000	0.000	17.905	0.100	
9.0510	O1809R34	500	0.987194	0.002144	2021-08-26 21:35:14	9.991	0.000	0.327	2.682	3.358	3.521	0.103	0.000	0.000	21.697	0.100	
9.0420	O1809R36	500	0.956378	0.002147	2021-08-26 21:35:39	11.482	0.000	0.311	3.966	3.555	3.544	0.106	0.000	0.000	24.752	0.100	
9.6210	C1309R32	-1	2.517003	0.003127	2021-08-26 21:35:59	0.000	0.000	0.000	0.000	0.000	0.000	0.000	0.000	0.000	-1.000	-1.000	
9.0340	O1809R38	500	0.906565	0.001442	2021-08-26 21:36:05	10.820	0.000	0.326	3.182	3.681	3.527	0.103	0.000	0.000	26.908	0.100	
9.0260	O1809R40	500	0.896941	0.001336	2021-08-26 21:36:31	12.175	0.000	0.321	4.460	3.730	3.552	0.111	0.000	0.000	55.029	0.100	
9.6110	C1309R34	-1	2.560235	0.003225	2021-08-26 21:37:53	0.000	0.000	0.000	0.000	0.000	0.000	0.000	0.000	0.000	-1.000	-1.000	
9.0180	O1809R42	-1	-1000000.000000	-1.000000	2021-08-26 21:39:24	0.000	0.000	0.000	0.000	0.000	0.000	0.000	0.000	0.000	-1.000	-1.000	
11.2390	C1310P28	-1	-1000000.000000	-1.000000	2021-08-26 21:40:05	0.000	0.000	0.000	0.000	0.000	0.000	0.000	0.000	0.000	-1.000	-1.000	
10.6640	O1810P36	500	2.298354	0.001461	2021-08-26 21:40:23	9.518	0.000	0.315	2.369	3.098	3.588	0.137	0.011	0.000	100.000	100.000	
10.6430	O1810P34	500	2.355047	0.000470	2021-08-26 21:40:47	9.617	0.000	0.313	1.949	3.729	3.523	0.103	0.000	0.000	100.000	100.000	
10.6220	O1810P32	500	2.396912	0.000910	2021-08-26 21:41:14	10.249	0.000	0.331	3.578	2.675	3.553	0.112	0.000	0.000	90.000	99.011	
10.1520	C1309P36	-1	-1000000.000000	-1.000000	2021-08-26 21:42:00	0.000	0.000	0.000	0.000	0.000	0.000	0.000	0.000	0.000	-1.000	-1.000	
10.2780	O1810R08	500	3.101806	0.000651	2021-08-26 21:42:02	8.798	0.000	0.324	2.252	2.566	3.542	0.114	0.000	0.000	100.000	100.000	
10.1310	C1309P34	-1	-1000000.000000	-1.000000	2021-08-26 21:43:56	0.000	0.000	0.000	0.000	0.000	0.000	0.000	0.000	0.000	-1.000	-1.000	
10.1310	O1810R34	-1	-1000000.000000	-1.000000	2021-08-26 21:44:56	0.000	0.000	0.000	0.000	0.000	0.000	0.000	0.000	0.000	-1.000	-1.000	
9.7620	C1309R08	-1	-1000000.000000	-1.000000	2021-08-26 21:45:50	0.000	0.000	0.000	0.000	0.000	0.000	0.000	0.000	0.000	-1.000	-1.000	
9.6310	C1309R30	500	2.583127	0.000474	2021-08-26 21:46:15	14.106	0.000	0.312	4.961	5.124	3.585	0.123	0.000	0.000	100.000	100.000	
10.1220	O1810R36	-1	-1000000.000000	-1.000000	2021-08-26 21:47:42	0.000	0.000	0.000	0.000	0.000	0.000	0.000	0.000	0.000	-1.000	-1.000	
9.6210	C1309R32	500	2.517003	0.003127	2021-08-26 21:49:58	96.288	0.000	0.314	8.307	66.848	20.697	0.122	0.000	0.000	100.000	100.000	
9.5520	O1809P46	-1	-1000000.000000	-1.000000	2021-08-26 21:50:14	0.000	0.000	0.000	0.000	0.000	0.000	0.000	0.000	0.000	-1.000	-1.000	
9.5030	O1809P40	500	2.257931	0.000610	2021-08-26 21:50:37	12.537	0.000	0.321	5.945	2.626	3.535	0.109	0.000	0.000	90.000	13.728	
9.4880	O1809P38	500	2.272758	0.000299	2021-08-26 21:51:26	34.446	0.000	0.315	27.878	2.610	3.530	0.112	0.000	0.000	79.462	0.100	
9.6110	C1309R34	500	2.560235	0.003225	2021-08-26 21:51:59	12.378	0.000	0.325	3.888	4.459	3.588	0.117	0.001	0.000	100.000	100.000	
9.0180	O1809R42	-1	-1000000.000000	-1.000000	2021-08-26 21:53:57	0.000	0.000	0.000	0.000	0.000	0.000	0.000	0.000	0.000	-1.000	-1.000	
