Wavelength	Line name	# of completed ringdowns	Ringdowntimes (us)	STOT	TimeStamp	Get ringdown time (s)	Step time (s)	Step time (s)	Step time(s)	Step time(s) 	Step time(s) 	Step time(s)	Step time(s)	Step time(s) 	AOM setting	Attenuator setting
10.8110	CO210P40	-1	1.298676	0.003200	2021-08-15 18:52:25	0.000	0.000	0.000	0.000	0.000	0.000	0.000	0.000	0.000	-1.000	-1.000	
10.7870	CO210P38	500	1.503531	0.000827	2021-08-15 18:52:54	13.734	0.000	0.332	2.374	7.376	3.534	0.119	0.000	0.000	100.000	100.000	
10.7640	CO210P36	500	1.514885	0.003729	2021-08-15 18:53:23	10.924	0.000	0.313	2.349	4.609	3.556	0.096	0.000	0.000	100.000	100.000	
10.7410	CO210P34	500	1.598910	0.001062	2021-08-15 18:53:52	10.575	0.000	0.325	2.373	4.209	3.568	0.099	0.000	0.000	100.000	100.000	
10.6640	O1810P36	-1	1.925745	0.001430	2021-08-15 18:55:05	0.000	0.000	0.000	0.000	0.000	0.000	0.000	0.000	0.000	-1.000	-1.000	
10.7190	CO210P32	511	1.650871	0.001279	2021-08-15 18:55:31	81.818	0.000	0.323	4.706	56.575	20.127	0.087	0.000	0.000	100.000	100.000	
10.6430	O1810P34	500	1.985631	0.001537	2021-08-15 18:55:41	9.340	0.000	0.318	1.954	3.387	3.566	0.114	0.000	0.000	100.000	100.000	
11.2390	C1310P28	500	0.836711	0.002767	2021-08-15 18:55:50	9.114	0.000	0.327	1.388	3.701	3.575	0.121	0.000	0.000	100.000	100.000	
10.6960	CO210P30	500	1.834097	0.000819	2021-08-15 18:56:01	10.689	0.000	0.316	2.392	4.256	3.607	0.117	0.000	0.000	100.000	100.000	
10.6220	O1810P32	500	2.029627	0.001193	2021-08-15 18:56:10	8.950	0.000	0.315	2.056	2.872	3.586	0.121	0.000	0.000	100.000	100.000	
10.6750	CO210P28	500	1.903862	0.001189	2021-08-15 18:56:26	11.206	0.000	0.335	2.360	4.837	3.557	0.117	0.000	0.000	100.000	100.000	
10.6020	O1810P30	500	2.089040	0.001376	2021-08-15 18:56:36	10.082	0.000	0.314	2.181	3.899	3.572	0.115	0.000	0.000	100.000	100.000	
10.6530	CO210P26	500	1.948460	0.002182	2021-08-15 18:56:51	11.420	0.000	0.326	2.361	5.044	3.570	0.118	0.000	0.000	100.000	100.000	
10.5820	O1810P28	500	2.081085	0.001391	2021-08-15 18:57:01	9.875	0.000	0.328	2.185	3.665	3.577	0.120	0.000	0.000	100.000	100.000	
10.6320	CO210P24	500	2.001447	0.003097	2021-08-15 18:57:19	11.711	0.000	0.325	2.360	5.348	3.562	0.114	0.000	0.000	100.000	100.000	
10.5630	O1810P26	500	2.156102	0.000629	2021-08-15 18:57:30	11.142	0.000	0.315	3.279	3.817	3.611	0.119	0.000	0.000	90.000	90.000	
11.2160	C1310P26	-1	0.702598	0.010612	2021-08-15 18:57:51	0.000	0.000	0.000	0.000	0.000	0.000	0.000	0.000	0.000	-1.000	-1.000	
10.6110	CO210P22	500	2.063651	0.004670	2021-08-15 18:58:20	47.597	0.000	0.319	3.060	24.547	19.548	0.122	0.000	0.000	100.000	100.000	
10.5430	O1810P24	500	2.003691	0.001455	2021-08-15 18:58:32	11.109	0.000	0.321	4.169	2.945	3.559	0.115	0.000	0.000	90.000	90.714	
10.5910	CO210P20	500	2.106799	0.002129	2021-08-15 18:58:45	10.022	0.000	0.341	1.668	4.330	3.567	0.115	0.000	0.000	100.000	100.000	
10.5250	O1810P22	500	2.218431	0.000452	2021-08-15 18:58:58	11.990	0.000	0.318	4.665	3.381	3.520	0.105	0.000	0.000	90.000	92.425	
10.5710	CO210P18	500	2.091646	0.006094	2021-08-15 18:59:09	10.826	0.000	0.317	1.561	5.334	3.512	0.102	0.001	0.000	100.000	100.000	
10.5060	O1810P20	500	2.103186	0.001181	2021-08-15 18:59:22	10.517	0.000	0.318	4.097	2.412	3.578	0.112	0.000	0.000	88.770	88.075	
10.5510	CO210P16	500	2.148568	0.001774	2021-08-15 18:59:34	10.749	0.000	0.312	1.562	5.176	3.582	0.115	0.000	0.000	100.000	100.000	
10.4880	O1810P18	500	2.054591	0.001085	2021-08-15 18:59:47	11.137	0.000	0.317	3.366	3.832	3.517	0.105	0.000	0.000	90.000	90.000	
11.1940	C1310P24	500	0.510479	0.009540	2021-08-15 18:59:56	9.224	0.000	0.343	2.097	3.139	3.538	0.105	0.000	0.000	100.000	100.000	
10.5320	CO210P14	500	2.154546	0.004571	2021-08-15 19:00:07	11.210	0.000	0.327	2.469	4.781	3.525	0.108	0.000	0.000	100.000	100.000	
10.4710	O1810P16	500	2.268915	0.001285	2021-08-15 19:00:17	9.809	0.000	0.323	2.961	2.902	3.518	0.104	0.000	0.000	90.000	89.688	
11.1710	C1310P22	500	0.874473	0.013929	2021-08-15 19:00:27	9.886	0.000	0.326	2.248	3.575	3.614	0.121	0.002	0.000	100.000	100.000	
10.5130	CO210P12	500	2.209722	0.001193	2021-08-15 19:00:40	12.215	0.000	0.314	2.783	5.412	3.587	0.118	0.000	0.000	100.000	100.000	
10.4530	O1810P14	500	2.280628	0.001769	2021-08-15 19:00:51	11.392	0.000	0.327	3.964	3.380	3.602	0.119	0.000	0.000	90.000	91.940	
11.1490	C1310P20	500	0.881939	0.004741	2021-08-15 19:01:03	10.255	0.000	0.325	2.154	4.116	3.557	0.102	0.000	0.000	100.000	100.000	
10.4940	CO210P10	500	2.241343	0.002775	2021-08-15 19:01:13	9.414	0.000	0.321	1.368	4.097	3.525	0.103	0.000	0.000	100.000	100.000	
10.4360	O1810P12	500	2.296155	0.000536	2021-08-15 19:01:25	11.360	0.000	0.315	3.674	3.679	3.573	0.118	0.002	0.000	94.674	100.000	
10.4760	CO210P08	500	2.255175	0.005474	2021-08-15 19:01:39	11.117	0.000	0.316	2.017	5.088	3.584	0.112	0.000	0.000	100.000	100.000	
10.4200	O1810P10	500	2.286117	0.002509	2021-08-15 19:01:51	11.699	0.000	0.326	3.778	3.825	3.653	0.117	0.000	0.000	90.000	98.833	
10.4580	CO210P06	500	2.285631	0.003102	2021-08-15 19:02:03	10.200	0.000	0.315	1.884	4.307	3.575	0.119	0.000	0.000	100.000	100.000	
10.4040	O1810P08	500	2.299698	0.000719	2021-08-15 19:02:14	8.936	0.000	0.316	1.774	3.178	3.560	0.107	0.000	0.000	100.000	100.000	
10.3650	CO210R04	500	2.130408	0.000979	2021-08-15 19:02:32	12.584	0.000	0.320	4.177	4.456	3.528	0.103	0.000	0.000	100.000	100.000	
10.2780	O1810R08	500	2.327795	0.001038	2021-08-15 19:02:42	10.193	0.000	0.333	2.349	3.829	3.563	0.119	0.001	0.000	100.000	100.000	
10.3490	CO210R06	500	1.959144	0.000645	2021-08-15 19:02:57	10.974	0.000	0.322	1.868	5.080	3.585	0.118	0.000	0.000	100.000	100.000	
10.2650	O1810R10	500	2.317234	0.001744	2021-08-15 19:03:07	9.701	0.000	0.325	2.365	3.304	3.589	0.117	0.000	0.000	100.000	100.000	
11.1280	C1310P18	500	0.868803	0.001563	2021-08-15 19:03:17	9.725	0.000	0.325	2.163	3.550	3.566	0.119	0.000	0.000	100.000	100.000	
10.3340	CO210R08	500	2.023106	0.000729	2021-08-15 19:03:29	11.747	0.000	0.322	2.569	5.168	3.568	0.122	0.000	0.000	90.000	71.193	
10.2520	O1810R12	500	2.337247	0.000726	2021-08-15 19:03:40	11.449	0.000	0.313	3.752	3.748	3.526	0.109	0.000	0.000	90.000	87.962	
10.3180	CO210R10	500	2.277970	0.000600	2021-08-15 19:03:57	13.746	0.000	0.325	4.668	5.080	3.559	0.114	0.000	0.000	89.375	66.628	
10.2400	O1810R14	500	2.376324	0.001112	2021-08-15 19:04:07	10.738	0.000	0.325	4.060	2.628	3.610	0.116	0.000	0.000	90.000	89.910	
10.3030	CO210R12	500	2.187759	0.000367	2021-08-15 19:04:22	11.419	0.000	0.330	2.692	4.759	3.527	0.110	0.000	0.000	90.000	74.400	
10.2280	O1810R16	500	2.336166	0.000584	2021-08-15 19:04:33	11.334	0.000	0.312	3.653	3.777	3.526	0.047	0.019	0.000	90.000	91.136	
10.2890	CO210R14	500	2.203556	0.000408	2021-08-15 19:04:49	13.074	0.000	0.321	3.762	5.399	3.493	0.098	0.000	0.000	84.074	54.516	
10.2160	O1810R18	500	2.412357	0.001594	2021-08-15 19:05:01	11.854	0.000	0.310	4.462	3.385	3.581	0.115	0.000	0.000	90.000	92.392	
10.2740	CO210R16	500	2.276550	0.000552	2021-08-15 19:05:17	13.422	0.000	0.323	4.364	5.098	3.525	0.111	0.000	0.000	87.366	54.420	
10.2040	O1810R20	500	2.356768	0.000310	2021-08-15 19:05:29	11.832	0.000	0.320	4.447	3.403	3.547	0.115	0.000	0.000	90.000	80.052	
11.1070	C1310P16	523	0.908432	0.005965	2021-08-15 19:06:10	41.470	0.000	0.326	4.037	17.403	19.582	0.121	0.000	0.000	100.000	100.000	
10.2600	CO210R18	500	2.371560	0.000513	2021-08-15 19:06:24	13.795	0.000	0.318	4.360	5.436	3.564	0.116	0.000	0.000	88.750	49.080	
10.1930	O1810R22	500	2.412119	0.001164	2021-08-15 19:06:38	14.067	0.000	0.323	6.665	3.350	3.577	0.152	0.000	0.000	88.683	72.070	
11.0860	C1310P14	500	0.908134	0.001125	2021-08-15 19:06:50	11.147	0.000	0.337	1.855	5.238	3.595	0.120	0.000	0.000	100.000	100.000	
10.2470	CO210R20	500	1.851389	0.001021	2021-08-15 19:07:02	11.871	0.000	0.313	2.763	5.080	3.592	0.121	0.000	0.000	90.000	77.296	
10.1820	O1810R24	500	2.333088	0.000570	2021-08-15 19:07:13	11.666	0.000	0.325	3.868	3.802	3.553	0.117	0.000	0.000	90.000	90.734	
11.0650	C1310P12	500	0.830703	0.002020	2021-08-15 19:07:22	8.227	0.000	0.316	1.563	2.617	3.615	0.115	0.000	0.000	100.000	100.000	
10.2330	CO210R22	500	2.349820	0.000544	2021-08-15 19:07:34	12.510	0.000	0.317	3.768	4.727	3.580	0.118	0.000	0.000	87.500	61.585	
10.1710	O1810R26	500	2.388971	0.000571	2021-08-15 19:07:45	10.232	0.000	0.329	2.299	3.963	3.535	0.105	0.000	0.000	100.000	100.000	
10.2200	CO210R24	500	2.385425	0.000984	2021-08-15 19:08:00	11.291	0.000	0.321	2.867	4.422	3.563	0.117	0.000	0.000	84.013	58.696	
10.1610	O1810R28	500	2.272338	0.001662	2021-08-15 19:08:12	12.219	0.000	0.323	4.460	3.746	3.574	0.116	0.000	0.000	90.000	93.879	
10.2070	CO210R26	500	2.359282	0.000347	2021-08-15 19:08:26	12.342	0.000	0.324	3.682	4.668	3.552	0.115	0.000	0.000	88.750	67.820	
11.0450	C1310P10	500	0.649937	0.009429	2021-08-15 19:08:36	9.429	0.000	0.320	1.776	3.629	3.587	0.116	0.000	0.000	100.000	100.000	
10.1500	O1810R30	500	2.309923	0.000643	2021-08-15 19:08:46	10.139	0.000	0.326	2.378	3.725	3.593	0.116	0.000	0.000	100.000	100.000	
10.1950	CO210R28	500	2.419568	0.002217	2021-08-15 19:08:59	12.797	0.000	0.334	4.162	4.632	3.552	0.117	0.000	0.000	81.562	59.347	
10.1410	O1810R32	500	2.213348	0.000479	2021-08-15 19:09:09	9.179	0.000	0.321	1.962	3.184	3.594	0.118	0.000	0.000	100.000	100.000	
10.1820	CO210R30	500	2.347094	0.000984	2021-08-15 19:09:26	12.345	0.000	0.312	2.867	5.469	3.579	0.118	0.000	0.000	85.000	64.832	
10.1310	O1810R34	500	2.249716	0.003136	2021-08-15 19:09:35	8.936	0.000	0.320	1.764	3.141	3.595	0.115	0.000	0.000	100.000	100.000	
10.1700	CO210R32	500	2.373906	0.000891	2021-08-15 19:09:54	12.308	0.000	0.322	3.367	4.929	3.573	0.117	0.000	0.000	90.000	78.946	
10.1590	CO210R34	500	2.242043	0.000419	2021-08-15 19:10:24	12.612	0.000	0.327	4.159	4.450	3.559	0.117	0.000	0.000	89.111	74.790	
10.1470	CO210R36	500	2.292695	0.000729	2021-08-15 19:10:54	11.545	0.000	0.316	2.064	5.525	3.533	0.106	0.000	0.000	80.000	80.000	
11.0250	C1310P08	500	0.878444	0.003779	2021-08-15 19:11:03	9.007	0.000	0.322	1.847	3.216	3.518	0.104	0.000	0.000	100.000	100.000	
10.1220	O1810R36	0	NaN	NaN	2021-08-15 19:11:06	0.457	0.000	0.323	0.132	0.000	0.000	0.001	0.000	0.000	0.100	0.100	
10.1360	CO210R38	500	2.161614	0.000384	2021-08-15 19:11:17	11.314	0.000	0.315	2.080	5.264	3.518	0.135	0.000	0.000	100.000	100.000	
10.1250	CO210R40	500	2.136866	0.000952	2021-08-15 19:11:47	11.587	0.000	0.327	3.546	4.056	3.553	0.106	0.000	0.000	100.000	100.000	
9.7530	CO209P42	500	1.266622	0.001985	2021-08-15 19:12:21	17.162	0.000	0.314	4.408	8.761	3.571	0.109	0.000	0.000	100.000	100.000	
9.7330	CO209P40	500	0.935808	0.003023	2021-08-15 19:12:50	11.235	0.000	0.311	2.367	4.881	3.573	0.104	0.000	0.000	100.000	100.000	
9.7140	CO209P38	500	1.140602	0.005621	2021-08-15 19:13:19	12.103	0.000	0.315	2.653	5.460	3.565	0.110	0.000	0.000	100.000	100.000	
11.0050	C1310P06	500	0.920810	0.004233	2021-08-15 19:13:42	10.199	0.000	0.340	1.377	4.803	3.572	0.107	0.000	0.000	100.000	100.000	
9.6950	CO209P36	500	1.056904	0.007503	2021-08-15 19:13:54	11.676	0.000	0.317	2.762	4.910	3.585	0.102	0.000	0.000	100.000	100.000	
9.5520	O1809P46	-1	-1000000.000000	-1.000000	2021-08-15 19:14:06	0.000	0.000	0.000	0.000	0.000	0.000	0.000	0.000	0.000	-1.000	-1.000	
10.8840	C1310R06	500	1.213296	0.001239	2021-08-15 19:14:49	52.513	0.000	0.320	8.301	23.030	20.754	0.107	0.000	0.000	100.000	100.000	
9.5360	O1809P44	500	0.723970	0.011148	2021-08-15 19:15:00	11.028	0.000	0.322	3.878	3.122	3.587	0.118	0.000	0.000	100.000	100.000	
9.6750	CO209P34	500	0.833808	0.006731	2021-08-15 19:15:12	11.229	0.000	0.314	2.817	4.438	3.552	0.107	0.000	0.000	100.000	100.000	
10.8670	C1310R08	500	1.302117	0.001737	2021-08-15 19:15:21	9.634	0.000	0.330	2.046	3.548	3.603	0.108	0.000	0.000	100.000	100.000	
9.5190	O1809P42	500	0.703473	0.006615	2021-08-15 19:15:33	11.321	0.000	0.328	3.784	3.516	3.575	0.116	0.000	0.000	100.000	100.000	
9.6570	CO209P32	500	0.959103	0.003437	2021-08-15 19:15:45	12.348	0.000	0.313	3.168	5.193	3.559	0.115	0.000	0.000	100.000	100.000	
10.8500	C1310R10	500	1.321501	0.002408	2021-08-15 19:16:31	45.337	0.000	0.326	2.815	21.341	20.740	0.115	0.000	0.000	100.000	100.000	
9.5030	O1809P40	500	0.683833	0.006837	2021-08-15 19:16:44	13.408	0.000	0.319	6.145	3.294	3.548	0.102	0.000	0.000	90.000	76.502	
10.8330	C1310R12	500	1.400513	0.003843	2021-08-15 19:16:55	10.246	0.000	0.330	2.278	3.966	3.555	0.116	0.000	0.000	100.000	100.000	
9.6390	CO209P30	500	0.821363	0.007102	2021-08-15 19:17:07	12.284	0.000	0.324	3.147	5.138	3.559	0.116	0.000	0.000	100.000	100.000	
10.8160	C1310R14	500	1.448822	0.010311	2021-08-15 19:17:18	10.448	0.000	0.329	2.260	4.149	3.596	0.115	0.000	0.000	100.000	100.000	
9.4880	O1809P38	500	0.705713	0.003990	2021-08-15 19:17:34	16.166	0.000	0.325	8.661	3.503	3.563	0.113	0.000	0.000	88.814	63.840	
10.8000	C1310R16	500	1.486477	0.003163	2021-08-15 19:17:43	9.385	0.000	0.328	1.748	3.621	3.571	0.117	0.000	0.000	100.000	100.000	
9.6210	CO209P28	500	0.823166	0.009930	2021-08-15 19:17:55	11.167	0.000	0.323	2.991	4.161	3.578	0.114	0.000	0.000	100.000	100.000	
9.4720	O1809P36	500	0.695326	0.004168	2021-08-15 19:18:10	15.541	0.000	0.318	8.455	3.079	3.576	0.112	0.000	0.000	88.311	56.541	
10.7840	C1310R18	500	1.354824	0.009974	2021-08-15 19:18:21	10.130	0.000	0.316	1.862	4.328	3.521	0.102	0.000	0.000	100.000	100.000	
9.6040	CO209P26	500	0.800163	0.002260	2021-08-15 19:18:33	12.304	0.000	0.322	3.568	4.755	3.548	0.110	0.000	0.000	100.000	100.000	
9.4570	O1809P34	500	0.645220	0.013187	2021-08-15 19:18:51	18.025	0.000	0.323	10.785	3.253	3.550	0.113	0.000	0.000	88.681	51.493	
10.7680	C1310R20	500	1.500292	0.001410	2021-08-15 19:19:02	10.293	0.000	0.319	1.850	4.477	3.547	0.099	0.000	0.000	100.000	100.000	
9.5880	CO209P24	500	0.761505	0.007995	2021-08-15 19:19:15	13.525	0.000	0.318	4.760	4.806	3.538	0.102	0.000	0.000	100.000	100.000	
9.4410	O1809P32	500	0.705595	0.004300	2021-08-15 19:19:27	11.778	0.000	0.321	4.381	3.417	3.543	0.117	0.000	0.000	90.000	40.210	
10.7530	C1310R22	500	1.536385	0.003137	2021-08-15 19:19:37	9.255	0.000	0.314	2.068	3.230	3.540	0.103	0.000	0.000	100.000	100.000	
9.5690	CO209P22	500	0.724952	0.006368	2021-08-15 19:20:30	52.905	0.000	0.326	7.323	24.374	20.774	0.109	0.000	0.000	100.000	100.000	
9.4270	O1809P30	500	0.726276	0.006304	2021-08-15 19:20:43	12.502	0.000	0.325	4.861	3.676	3.536	0.104	0.000	0.000	85.000	40.333	
10.7380	C1310R24	500	1.536453	0.001806	2021-08-15 19:20:54	11.015	0.000	0.311	1.951	5.047	3.590	0.115	0.000	0.000	100.000	100.000	
9.5520	CO209P20	500	0.715246	0.014484	2021-08-15 19:21:08	13.704	0.000	0.326	4.059	5.618	3.586	0.115	0.000	0.000	100.000	100.000	
9.4120	O1809P28	500	0.695061	0.005479	2021-08-15 19:21:20	12.306	0.000	0.323	4.762	3.529	3.580	0.112	0.000	0.000	85.000	32.039	
10.7230	C1310R26	500	1.697101	0.004601	2021-08-15 19:21:30	9.989	0.000	0.315	2.044	3.954	3.560	0.115	0.000	0.000	100.000	100.000	
9.5360	CO209P18	500	0.698456	0.005670	2021-08-15 19:22:25	54.617	0.000	0.331	7.706	25.628	20.799	0.153	0.000	0.000	100.000	100.000	
9.3970	O1809P26	500	0.682486	0.008049	2021-08-15 19:22:38	12.932	0.000	0.318	5.560	3.433	3.510	0.112	0.000	0.000	88.750	34.268	
10.7080	C1310R28	500	1.781370	0.002494	2021-08-15 19:22:48	10.231	0.000	0.317	2.065	4.233	3.506	0.110	0.000	0.000	100.000	100.000	
9.5200	CO209P16	500	0.674533	0.009338	2021-08-15 19:23:02	14.009	0.000	0.327	4.299	5.750	3.530	0.103	0.000	0.000	100.000	100.000	
9.3830	O1809P24	500	0.589645	0.002530	2021-08-15 19:23:14	11.682	0.000	0.339	4.348	3.311	3.568	0.115	0.000	0.000	90.000	34.850	
10.6940	C1310R30	500	1.828488	0.000910	2021-08-15 19:23:24	9.534	0.000	0.315	1.965	3.548	3.592	0.114	0.000	0.000	100.000	100.000	
9.5040	CO209P14	500	0.655102	0.007280	2021-08-15 19:23:37	12.900	0.000	0.325	3.863	5.047	3.551	0.113	0.000	0.000	100.000	100.000	
9.3690	O1809P22	500	0.653710	0.002739	2021-08-15 19:23:52	15.087	0.000	0.343	7.649	3.418	3.564	0.112	0.000	0.000	87.747	24.556	
10.6800	C1310R32	500	1.881155	0.001678	2021-08-15 19:24:03	10.782	0.000	0.331	2.082	4.728	3.536	0.104	0.000	0.000	100.000	100.000	
9.4880	CO209P12	500	0.690395	0.012971	2021-08-15 19:24:17	14.129	0.000	0.324	4.666	5.458	3.566	0.115	0.000	0.000	90.000	75.381	
10.6660	C1310R34	500	1.902297	0.000876	2021-08-15 19:24:27	9.780	0.000	0.320	1.753	4.013	3.578	0.117	0.000	0.000	100.000	100.000	
9.3550	O1809P20	500	0.703528	0.004446	2021-08-15 19:24:40	12.140	0.000	0.325	4.971	3.211	3.532	0.102	0.000	0.000	90.000	21.660	
10.6520	C1310R36	500	1.960564	0.003901	2021-08-15 19:24:49	9.258	0.000	0.326	2.088	3.235	3.509	0.100	0.000	0.000	100.000	100.000	
9.4730	CO209P10	500	0.657347	0.010059	2021-08-15 19:25:04	14.475	0.000	0.317	4.745	5.724	3.573	0.116	0.000	0.000	100.000	100.000	
9.3410	O1809P18	500	0.692610	0.003973	2021-08-15 19:25:16	12.377	0.000	0.318	4.664	3.705	3.577	0.113	0.000	0.000	90.000	19.850	
10.6390	C1310R38	500	1.991154	0.001705	2021-08-15 19:25:28	11.374	0.000	0.325	2.176	5.225	3.541	0.106	0.000	0.000	100.000	100.000	
9.3280	O1809P16	500	0.680027	0.003996	2021-08-15 19:25:40	12.467	0.000	0.313	4.845	3.659	3.536	0.113	0.000	0.000	90.000	18.340	
10.6260	C1310R40	500	1.941003	0.004343	2021-08-15 19:25:49	9.236	0.000	0.319	2.171	3.111	3.535	0.100	0.000	0.000	100.000	100.000	
9.4580	CO209P08	500	0.624550	0.016921	2021-08-15 19:26:02	12.021	0.000	0.319	3.063	4.957	3.569	0.114	0.000	0.000	100.000	100.000	
9.3150	O1809P14	500	0.673317	0.006589	2021-08-15 19:26:15	13.532	0.000	0.332	6.149	3.334	3.601	0.115	0.000	0.000	89.375	18.828	
9.3540	CO209R06	500	0.703836	0.003044	2021-08-15 19:26:29	13.380	0.000	0.316	3.779	5.589	3.581	0.115	0.000	0.000	90.000	47.900	
9.3020	O1809P12	500	0.659214	0.001949	2021-08-15 19:26:43	12.854	0.000	0.325	5.360	3.496	3.559	0.114	0.000	0.000	89.375	19.438	
9.3420	CO209R08	500	0.693211	0.000909	2021-08-15 19:26:58	14.422	0.000	0.325	5.162	5.236	3.584	0.115	0.000	0.000	84.074	51.739	
9.2890	O1809P10	500	0.676397	0.003925	2021-08-15 19:27:10	12.024	0.000	0.330	4.383	3.670	3.541	0.100	0.000	0.000	90.000	18.690	
9.3290	CO209R10	500	0.683760	0.001273	2021-08-15 19:27:28	16.490	0.000	0.320	7.092	5.399	3.564	0.115	0.000	0.000	86.211	45.781	
9.2760	O1809P08	500	0.664678	0.004517	2021-08-15 19:27:40	11.815	0.000	0.332	4.264	3.516	3.590	0.112	0.000	0.000	90.000	20.188	
10.1520	C1309P36	-1	-1000000.000000	-1.000000	2021-08-15 19:27:50	0.000	0.000	0.000	0.000	0.000	0.000	0.000	0.000	0.000	-1.000	-1.000	
9.3170	CO209R12	500	0.650977	0.006726	2021-08-15 19:28:02	19.494	0.000	0.325	5.057	4.696	9.313	0.103	0.000	0.000	77.344	36.076	
9.2640	O1809P06	500	0.687179	0.002060	2021-08-15 19:28:16	13.822	0.000	0.319	6.166	3.634	3.584	0.118	0.000	0.000	89.688	21.054	
9.3050	CO209R14	500	0.654309	0.005189	2021-08-15 19:28:31	14.364	0.000	0.322	5.463	4.874	3.592	0.112	0.000	0.000	80.508	31.776	
9.1990	O1809R04	500	0.785512	0.004786	2021-08-15 19:28:44	12.636	0.000	0.324	5.150	3.475	3.573	0.113	0.000	0.000	89.375	32.342	
9.2940	CO209R16	500	0.651946	0.003401	2021-08-15 19:28:58	12.556	0.000	0.315	3.465	5.069	3.592	0.115	0.000	0.000	90.000	26.372	
9.1870	O1809R06	500	0.795768	0.002297	2021-08-15 19:29:10	10.674	0.000	0.329	3.176	3.499	3.572	0.098	0.000	0.000	77.402	0.100	
9.2820	CO209R18	500	0.666560	0.003670	2021-08-15 19:29:26	14.487	0.000	0.319	5.752	4.779	3.536	0.099	0.000	0.000	76.893	28.093	
9.1760	O1809R08	500	0.813763	0.004660	2021-08-15 19:29:36	10.176	0.000	0.323	2.469	3.704	3.569	0.112	0.000	0.000	90.000	0.266	
10.1310	C1309P34	-1	-1000000.000000	-1.000000	2021-08-15 19:29:46	0.000	0.000	0.000	0.000	0.000	0.000	0.000	0.000	0.000	-1.000	-1.000	
9.2710	CO209R20	500	0.671642	0.001941	2021-08-15 19:29:53	13.156	0.000	0.321	3.664	5.483	3.573	0.113	0.000	0.000	90.000	18.419	
9.1660	O1809R10	500	0.806439	0.001720	2021-08-15 19:30:05	12.288	0.000	0.327	4.868	3.412	3.566	0.116	0.000	0.000	45.233	0.100	
9.2610	CO209R22	500	0.693493	0.008066	2021-08-15 19:30:20	13.027	0.000	0.325	3.861	5.150	3.576	0.115	0.000	0.000	90.000	17.045	
9.1550	O1809R12	500	0.866243	0.001732	2021-08-15 19:30:32	12.348	0.000	0.316	4.659	3.665	3.594	0.114	0.000	0.000	40.033	0.100	
9.2500	CO209R24	500	0.699806	0.009440	2021-08-15 19:30:46	13.025	0.000	0.326	3.962	5.055	3.565	0.117	0.000	0.000	90.000	16.432	
9.1450	O1809R14	500	0.879605	0.001288	2021-08-15 19:30:58	11.856	0.000	0.320	4.581	3.318	3.537	0.101	0.000	0.000	40.303	0.100	
9.2400	CO209R26	500	0.726252	0.002943	2021-08-15 19:31:15	14.999	0.000	0.326	5.865	5.173	3.535	0.099	0.000	0.000	90.000	13.765	
9.1340	O1809R16	500	0.852883	0.002288	2021-08-15 19:31:26	10.716	0.000	0.323	3.375	3.337	3.566	0.114	0.000	0.000	29.999	0.100	
9.2300	CO209R28	500	0.734453	0.011854	2021-08-15 19:31:44	14.760	0.000	0.325	5.360	5.378	3.584	0.113	0.000	0.000	90.000	13.308	
9.1250	O1809R18	500	0.868793	0.003328	2021-08-15 19:31:56	12.546	0.000	0.319	4.860	3.681	3.574	0.112	0.000	0.000	34.250	0.100	
10.1100	C1309P32	500	1.966627	0.004118	2021-08-15 19:32:06	9.086	0.000	0.330	2.249	2.800	3.588	0.119	0.000	0.000	100.000	100.000	
9.2190	CO209R30	500	0.662869	0.002814	2021-08-15 19:32:23	17.465	0.000	0.319	8.169	5.269	3.590	0.118	0.000	0.000	86.997	16.916	
10.0900	C1309P30	500	1.498471	0.003848	2021-08-15 19:32:34	10.514	0.000	0.319	2.163	4.323	3.592	0.116	0.000	0.000	100.000	100.000	
9.1150	O1809R20	500	0.867015	0.000683	2021-08-15 19:32:47	12.913	0.000	0.320	5.269	3.638	3.569	0.117	0.000	0.000	34.125	0.100	
10.0700	C1309P28	500	2.162347	0.000899	2021-08-15 19:32:57	9.774	0.000	0.325	2.363	3.460	3.522	0.105	0.000	0.000	100.000	100.000	
9.2100	CO209R32	500	0.775919	0.003276	2021-08-15 19:33:14	16.490	0.000	0.330	7.062	5.396	3.586	0.117	0.000	0.000	90.000	12.283	
9.1050	O1809R22	500	0.853612	0.002363	2021-08-15 19:33:26	12.113	0.000	0.327	4.347	3.731	3.593	0.115	0.000	0.000	32.371	0.100	
10.0500	C1309P26	500	2.165459	0.002902	2021-08-15 19:33:36	9.954	0.000	0.326	2.398	3.513	3.603	0.115	0.000	0.000	100.000	100.000	
9.2010	CO209R34	500	0.782378	0.000975	2021-08-15 19:33:49	13.464	0.000	0.313	4.252	5.182	3.599	0.119	0.000	0.000	90.000	19.210	
9.0950	O1809R24	0	NaN	NaN	2021-08-15 19:34:13	23.852	0.000	0.324	4.078	2.248	17.199	0.002	0.000	0.000	0.100	0.100	
10.0310	C1309P24	500	2.090778	0.002411	2021-08-15 19:34:24	10.372	0.000	0.317	2.372	4.037	3.517	0.128	0.000	0.000	100.000	100.000	
9.0860	O1809R26	500	0.829749	0.001214	2021-08-15 19:34:37	12.566	0.000	0.313	4.985	3.583	3.563	0.120	0.000	0.000	25.786	0.100	
10.0120	C1309P22	500	1.809290	0.001131	2021-08-15 19:34:48	11.322	0.000	0.327	2.283	5.037	3.559	0.116	0.000	0.000	100.000	100.000	
10.8110	CO210P40	500	1.298676	0.003200	2021-08-15 19:34:59	10.368	0.000	0.327	1.366	4.994	3.564	0.116	0.000	0.000	100.000	100.000	
9.0770	O1809R28	500	0.830562	0.004285	2021-08-15 19:35:11	11.974	0.000	0.344	4.276	3.682	3.559	0.112	0.000	0.000	25.915	0.100	
9.9940	C1309P20	500	1.814978	0.005061	2021-08-15 19:35:21	10.774	0.000	0.316	2.347	4.423	3.573	0.115	0.000	0.000	100.000	100.000	
9.0680	O1809R30	500	0.799455	0.001250	2021-08-15 19:35:35	12.526	0.000	0.324	5.063	3.456	3.564	0.118	0.000	0.000	22.687	0.100	
9.9750	C1309P18	500	1.703233	0.005042	2021-08-15 19:35:45	10.185	0.000	0.320	2.365	3.814	3.570	0.116	0.000	0.000	100.000	100.000	
9.0590	O1809R32	500	0.781583	0.002453	2021-08-15 19:35:59	12.496	0.000	0.333	4.951	3.507	3.589	0.116	0.000	0.000	22.320	0.100	
9.9570	C1309P16	500	1.667854	0.003036	2021-08-15 19:36:10	11.392	0.000	0.335	2.368	5.033	3.540	0.115	0.000	0.000	100.000	100.000	
9.0510	O1809R34	500	0.766776	0.003235	2021-08-15 19:36:24	13.139	0.000	0.324	5.469	3.717	3.523	0.105	0.000	0.000	25.147	0.100	
9.9400	C1309P14	500	1.567190	0.006496	2021-08-15 19:36:38	14.192	0.000	0.317	2.306	7.866	3.584	0.119	0.000	0.000	100.000	100.000	
9.0420	O1809R36	500	0.750495	0.002975	2021-08-15 19:36:52	13.930	0.000	0.313	6.262	3.601	3.602	0.151	0.000	0.000	25.764	0.100	
9.9230	C1309P12	500	1.565956	0.005962	2021-08-15 19:37:03	10.298	0.000	0.339	2.385	3.872	3.580	0.121	0.000	0.000	100.000	100.000	
9.0340	O1809R38	500	0.691617	0.001340	2021-08-15 19:37:16	11.117	0.000	0.316	3.775	3.340	3.569	0.116	0.000	0.000	31.740	0.100	
9.9060	C1309P10	500	1.540042	0.003777	2021-08-15 19:37:27	10.950	0.000	0.314	2.369	4.628	3.534	0.105	0.000	0.000	100.000	100.000	
9.0260	O1809R40	500	0.720150	0.002124	2021-08-15 19:37:39	11.223	0.000	0.318	3.779	3.447	3.566	0.112	0.000	0.000	50.000	0.100	
9.7620	C1309R08	-1	-1000000.000000	-1.000000	2021-08-15 19:39:29	0.000	0.000	0.000	0.000	0.000	0.000	0.000	0.000	0.000	-1.000	-1.000	
9.7490	C1309R10	500	1.185745	0.002319	2021-08-15 19:39:50	10.063	0.000	0.314	2.346	3.699	3.587	0.116	0.000	0.000	100.000	100.000	
9.0180	O1809R42	-1	-1000000.000000	-1.000000	2021-08-15 19:40:19	0.000	0.000	0.000	0.000	0.000	0.000	0.000	0.000	0.000	-1.000	-1.000	
9.7360	C1309R12	1	0.947566	0.004523	2021-08-15 19:40:47	42.139	0.000	0.339	4.620	14.295	22.882	0.002	0.000	0.000	100.000	100.000	
9.7230	C1309R14	500	1.069751	0.010871	2021-08-15 19:41:09	11.156	0.000	0.312	2.260	4.850	3.564	0.169	0.000	0.000	100.000	100.000	
9.7100	C1309R16	500	1.158506	0.010987	2021-08-15 19:41:35	10.910	0.000	0.315	2.463	4.503	3.522	0.106	0.000	0.000	100.000	100.000	
9.6980	C1309R18	500	1.092044	0.004767	2021-08-15 19:42:00	10.356	0.000	0.322	2.361	4.027	3.537	0.110	0.000	0.000	100.000	100.000	
9.6860	C1309R20	500	0.952698	0.019713	2021-08-15 19:42:24	10.151	0.000	0.327	2.396	3.896	3.470	0.044	0.017	0.000	100.000	100.000	
10.6640	O1810P36	500	1.925745	0.001430	2021-08-15 19:43:04	8.395	0.000	0.329	1.362	3.066	3.540	0.098	0.000	0.000	100.000	100.000	
10.1220	O1810R36	500	2.089225	0.002637	2021-08-15 19:44:50	9.166	0.000	0.336	2.277	2.877	3.581	0.094	0.000	0.000	100.000	100.000	
9.6750	C1309R22	500	0.842214	0.017449	2021-08-15 19:45:10	10.125	0.000	0.317	2.353	3.813	3.539	0.104	0.000	0.000	100.000	100.000	
9.6630	C1309R24	500	0.971138	0.002892	2021-08-15 19:45:33	10.573	0.000	0.317	2.366	4.205	3.572	0.113	0.000	0.000	100.000	100.000	
9.6520	C1309R26	500	0.901209	0.004186	2021-08-15 19:45:59	11.559	0.000	0.314	2.363	5.193	3.574	0.114	0.000	0.000	100.000	100.000	
9.5520	O1809P46	-1	-1000000.000000	-1.000000	2021-08-15 19:47:22	0.000	0.000	0.000	0.000	0.000	0.000	0.000	0.000	0.000	-1.000	-1.000	
9.0950	O1809R24	500	0.807969	0.000575	2021-08-15 19:47:48	12.297	0.000	0.319	4.482	3.816	3.573	0.108	0.000	0.000	39.687	0.100	
9.6420	C1309R28	500	0.844153	0.021077	2021-08-15 19:48:29	9.582	0.000	0.334	2.360	3.204	3.573	0.110	0.000	0.000	100.000	100.000	
9.0180	O1809R42	-1	-1000000.000000	-1.000000	2021-08-15 19:50:26	0.000	0.000	0.000	0.000	0.000	0.000	0.000	0.000	0.000	-1.000	-1.000	
9.6310	C1309R30	-1	-1000000.000000	-1.000000	2021-08-15 19:50:34	0.000	0.000	0.000	0.000	0.000	0.000	0.000	0.000	0.000	-1.000	-1.000	
9.6210	C1309R32	-1	-1000000.000000	-1.000000	2021-08-15 19:52:07	0.000	0.000	0.000	0.000	0.000	0.000	0.000	0.000	0.000	-1.000	-1.000	
9.6110	C1309R34	-1	-1000000.000000	-1.000000	2021-08-15 19:53:41	0.000	0.000	0.000	0.000	0.000	0.000	0.000	0.000	0.000	-1.000	-1.000	
11.2160	C1310P26	500	0.702598	0.010612	2021-08-15 19:55:35	11.438	0.000	0.330	2.165	5.183	3.606	0.154	0.000	0.000	100.000	100.000	
10.1520	C1309P36	-1	-1000000.000000	-1.000000	2021-08-15 19:57:16	0.000	0.000	0.000	0.000	0.000	0.000	0.000	0.000	0.000	-1.000	-1.000	
10.1310	C1309P34	-1	-1000000.000000	-1.000000	2021-08-15 19:58:50	0.000	0.000	0.000	0.000	0.000	0.000	0.000	0.000	0.000	-1.000	-1.000	
9.7620	C1309R08	-1	-1000000.000000	-1.000000	2021-08-15 20:00:25	0.000	0.000	0.000	0.000	0.000	0.000	0.000	0.000	0.000	-1.000	-1.000	
9.7360	C1309R12	500	0.947566	0.004523	2021-08-15 20:00:55	10.003	0.000	0.319	2.350	3.645	3.577	0.112	0.000	0.000	100.000	100.000	
9.6310	C1309R30	-1	-1000000.000000	-1.000000	2021-08-15 20:02:30	0.000	0.000	0.000	0.000	0.000	0.000	0.000	0.000	0.000	-1.000	-1.000	
9.6210	C1309R32	0	NaN	NaN	2021-08-15 20:04:10	6.901	0.000	0.314	6.584	0.000	0.000	0.003	0.000	0.000	100.000	100.000	
9.6110	C1309R34	0	NaN	NaN	2021-08-15 20:04:59	6.366	0.000	0.318	6.048	0.000	0.000	0.000	0.000	0.000	100.000	100.000	
