Wavelength	Line name	# of completed ringdowns	Ringdowntimes (us)	STOT	TimeStamp	Get ringdown time (s)	Step time (s)	Step time (s)	Step time(s)	Step time(s) 	Step time(s) 	Step time(s)	Step time(s)	Step time(s) 	AOM setting	Attenuator setting
10.8110	CO210P40	-1	-1000000.000000	-1.000000	2021-08-15 18:52:25	0.000	0.000	0.000	0.000	0.000	0.000	0.000	0.000	0.000	-1.000	-1.000	
10.7870	CO210P38	500	1.480143	0.001532	2021-08-15 18:52:54	13.734	0.000	0.332	2.374	7.376	3.534	0.119	0.000	0.000	100.000	100.000	
10.7640	CO210P36	500	1.476101	0.003190	2021-08-15 18:53:23	10.924	0.000	0.313	2.349	4.609	3.556	0.096	0.000	0.000	100.000	100.000	
10.7410	CO210P34	500	1.560141	0.002764	2021-08-15 18:53:52	10.575	0.000	0.325	2.373	4.209	3.568	0.099	0.000	0.000	100.000	100.000	
10.6640	O1810P36	-1	-1000000.000000	-1.000000	2021-08-15 18:55:05	0.000	0.000	0.000	0.000	0.000	0.000	0.000	0.000	0.000	-1.000	-1.000	
10.7190	CO210P32	511	1.620718	0.002705	2021-08-15 18:55:31	81.818	0.000	0.323	4.706	56.575	20.127	0.087	0.000	0.000	100.000	100.000	
10.6430	O1810P34	500	1.960943	0.002705	2021-08-15 18:55:41	9.340	0.000	0.318	1.954	3.387	3.566	0.114	0.000	0.000	100.000	100.000	
11.2390	C1310P28	500	0.791458	0.011703	2021-08-15 18:55:50	9.114	0.000	0.327	1.388	3.701	3.575	0.121	0.000	0.000	100.000	100.000	
10.6960	CO210P30	500	1.805926	0.001434	2021-08-15 18:56:01	10.689	0.000	0.316	2.392	4.256	3.607	0.117	0.000	0.000	100.000	100.000	
10.6220	O1810P32	500	2.005125	0.001302	2021-08-15 18:56:10	8.950	0.000	0.315	2.056	2.872	3.586	0.121	0.000	0.000	100.000	100.000	
10.6750	CO210P28	500	1.871547	0.002373	2021-08-15 18:56:26	11.206	0.000	0.335	2.360	4.837	3.557	0.117	0.000	0.000	100.000	100.000	
10.6020	O1810P30	500	2.064700	0.000780	2021-08-15 18:56:36	10.082	0.000	0.314	2.181	3.899	3.572	0.115	0.000	0.000	100.000	100.000	
10.6530	CO210P26	500	1.928399	0.004763	2021-08-15 18:56:51	11.420	0.000	0.326	2.361	5.044	3.570	0.118	0.000	0.000	100.000	100.000	
10.5820	O1810P28	500	2.054253	0.000930	2021-08-15 18:57:01	9.875	0.000	0.328	2.185	3.665	3.577	0.120	0.000	0.000	100.000	100.000	
10.6320	CO210P24	500	1.981661	0.004290	2021-08-15 18:57:19	11.711	0.000	0.325	2.360	5.348	3.562	0.114	0.000	0.000	100.000	100.000	
10.5630	O1810P26	500	2.127775	0.000693	2021-08-15 18:57:30	11.142	0.000	0.315	3.279	3.817	3.611	0.119	0.000	0.000	90.000	90.000	
11.2160	C1310P26	-1	-1000000.000000	-1.000000	2021-08-15 18:57:51	0.000	0.000	0.000	0.000	0.000	0.000	0.000	0.000	0.000	-1.000	-1.000	
10.6110	CO210P22	500	2.039187	0.009693	2021-08-15 18:58:20	47.597	0.000	0.319	3.060	24.547	19.548	0.122	0.000	0.000	100.000	100.000	
10.5430	O1810P24	500	1.978543	0.000681	2021-08-15 18:58:32	11.109	0.000	0.321	4.169	2.945	3.559	0.115	0.000	0.000	90.000	90.714	
10.5910	CO210P20	500	2.075787	0.002226	2021-08-15 18:58:45	10.022	0.000	0.341	1.668	4.330	3.567	0.115	0.000	0.000	100.000	100.000	
10.5250	O1810P22	500	2.193698	0.000704	2021-08-15 18:58:58	11.990	0.000	0.318	4.665	3.381	3.520	0.105	0.000	0.000	90.000	92.425	
10.5710	CO210P18	500	2.074927	0.004875	2021-08-15 18:59:09	10.826	0.000	0.317	1.561	5.334	3.512	0.102	0.001	0.000	100.000	100.000	
10.5060	O1810P20	500	2.076490	0.000734	2021-08-15 18:59:22	10.517	0.000	0.318	4.097	2.412	3.578	0.112	0.000	0.000	88.770	88.075	
10.5510	CO210P16	500	2.129795	0.001272	2021-08-15 18:59:34	10.749	0.000	0.312	1.562	5.176	3.582	0.115	0.000	0.000	100.000	100.000	
10.4880	O1810P18	500	2.026070	0.000648	2021-08-15 18:59:47	11.137	0.000	0.317	3.366	3.832	3.517	0.105	0.000	0.000	90.000	90.000	
11.1940	C1310P24	500	20.645037	0.293824	2021-08-15 18:59:56	9.224	0.000	0.343	2.097	3.139	3.538	0.105	0.000	0.000	100.000	100.000	
10.5320	CO210P14	500	2.129063	0.006034	2021-08-15 19:00:07	11.210	0.000	0.327	2.469	4.781	3.525	0.108	0.000	0.000	100.000	100.000	
10.4710	O1810P16	500	2.240999	0.000646	2021-08-15 19:00:17	9.809	0.000	0.323	2.961	2.902	3.518	0.104	0.000	0.000	90.000	89.688	
11.1710	C1310P22	500	0.820729	0.003783	2021-08-15 19:00:27	9.886	0.000	0.326	2.248	3.575	3.614	0.121	0.002	0.000	100.000	100.000	
10.5130	CO210P12	500	2.198921	0.000821	2021-08-15 19:00:40	12.215	0.000	0.314	2.783	5.412	3.587	0.118	0.000	0.000	100.000	100.000	
10.4530	O1810P14	500	2.258121	0.000705	2021-08-15 19:00:51	11.392	0.000	0.327	3.964	3.380	3.602	0.119	0.000	0.000	90.000	91.940	
11.1490	C1310P20	500	0.837234	0.004835	2021-08-15 19:01:03	10.255	0.000	0.325	2.154	4.116	3.557	0.102	0.000	0.000	100.000	100.000	
10.4940	CO210P10	500	2.217703	0.004036	2021-08-15 19:01:13	9.414	0.000	0.321	1.368	4.097	3.525	0.103	0.000	0.000	100.000	100.000	
10.4360	O1810P12	500	2.273617	0.000635	2021-08-15 19:01:25	11.360	0.000	0.315	3.674	3.679	3.573	0.118	0.002	0.000	94.674	100.000	
10.4760	CO210P08	500	2.246273	0.005316	2021-08-15 19:01:39	11.117	0.000	0.316	2.017	5.088	3.584	0.112	0.000	0.000	100.000	100.000	
10.4200	O1810P10	500	2.262012	0.000575	2021-08-15 19:01:51	11.699	0.000	0.326	3.778	3.825	3.653	0.117	0.000	0.000	90.000	98.833	
10.4580	CO210P06	500	2.263752	0.002368	2021-08-15 19:02:03	10.200	0.000	0.315	1.884	4.307	3.575	0.119	0.000	0.000	100.000	100.000	
10.4040	O1810P08	500	2.275552	0.001292	2021-08-15 19:02:14	8.936	0.000	0.316	1.774	3.178	3.560	0.107	0.000	0.000	100.000	100.000	
10.3650	CO210R04	500	2.116277	0.001059	2021-08-15 19:02:32	12.584	0.000	0.320	4.177	4.456	3.528	0.103	0.000	0.000	100.000	100.000	
10.2780	O1810R08	500	2.307352	0.000814	2021-08-15 19:02:42	10.193	0.000	0.333	2.349	3.829	3.563	0.119	0.001	0.000	100.000	100.000	
10.3490	CO210R06	500	1.930848	0.001509	2021-08-15 19:02:57	10.974	0.000	0.322	1.868	5.080	3.585	0.118	0.000	0.000	100.000	100.000	
10.2650	O1810R10	500	2.297162	0.000689	2021-08-15 19:03:07	9.701	0.000	0.325	2.365	3.304	3.589	0.117	0.000	0.000	100.000	100.000	
11.1280	C1310P18	500	0.820715	0.008021	2021-08-15 19:03:17	9.725	0.000	0.325	2.163	3.550	3.566	0.119	0.000	0.000	100.000	100.000	
10.3340	CO210R08	500	2.004981	0.000739	2021-08-15 19:03:29	11.747	0.000	0.322	2.569	5.168	3.568	0.122	0.000	0.000	90.000	71.193	
10.2520	O1810R12	500	2.317071	0.000572	2021-08-15 19:03:40	11.449	0.000	0.313	3.752	3.748	3.526	0.109	0.000	0.000	90.000	87.962	
10.3180	CO210R10	500	2.253843	0.000654	2021-08-15 19:03:57	13.746	0.000	0.325	4.668	5.080	3.559	0.114	0.000	0.000	89.375	66.628	
10.2400	O1810R14	500	2.349989	0.000600	2021-08-15 19:04:07	10.738	0.000	0.325	4.060	2.628	3.610	0.116	0.000	0.000	90.000	89.910	
10.3030	CO210R12	500	2.168200	0.000701	2021-08-15 19:04:22	11.419	0.000	0.330	2.692	4.759	3.527	0.110	0.000	0.000	90.000	74.400	
10.2280	O1810R16	500	2.313585	0.000621	2021-08-15 19:04:33	11.334	0.000	0.312	3.653	3.777	3.526	0.047	0.019	0.000	90.000	91.136	
10.2890	CO210R14	500	2.178348	0.000730	2021-08-15 19:04:49	13.074	0.000	0.321	3.762	5.399	3.493	0.098	0.000	0.000	84.074	54.516	
10.2160	O1810R18	500	2.387524	0.000594	2021-08-15 19:05:01	11.854	0.000	0.310	4.462	3.385	3.581	0.115	0.000	0.000	90.000	92.392	
10.2740	CO210R16	500	2.256276	0.000662	2021-08-15 19:05:17	13.422	0.000	0.323	4.364	5.098	3.525	0.111	0.000	0.000	87.366	54.420	
10.2040	O1810R20	500	2.332373	0.000634	2021-08-15 19:05:29	11.832	0.000	0.320	4.447	3.403	3.547	0.115	0.000	0.000	90.000	80.052	
11.1070	C1310P16	523	0.860910	0.004320	2021-08-15 19:06:10	41.470	0.000	0.326	4.037	17.403	19.582	0.121	0.000	0.000	100.000	100.000	
10.2600	CO210R18	500	2.345855	0.000656	2021-08-15 19:06:24	13.795	0.000	0.318	4.360	5.436	3.564	0.116	0.000	0.000	88.750	49.080	
10.1930	O1810R22	500	2.394841	0.000613	2021-08-15 19:06:38	14.067	0.000	0.323	6.665	3.350	3.577	0.152	0.000	0.000	88.683	72.070	
11.0860	C1310P14	500	0.863559	0.005537	2021-08-15 19:06:50	11.147	0.000	0.337	1.855	5.238	3.595	0.120	0.000	0.000	100.000	100.000	
10.2470	CO210R20	500	1.824276	0.000800	2021-08-15 19:07:02	11.871	0.000	0.313	2.763	5.080	3.592	0.121	0.000	0.000	90.000	77.296	
10.1820	O1810R24	500	2.308345	0.000586	2021-08-15 19:07:13	11.666	0.000	0.325	3.868	3.802	3.553	0.117	0.000	0.000	90.000	90.734	
11.0650	C1310P12	500	0.793303	0.016632	2021-08-15 19:07:22	8.227	0.000	0.316	1.563	2.617	3.615	0.115	0.000	0.000	100.000	100.000	
10.2330	CO210R22	500	2.323632	0.000729	2021-08-15 19:07:34	12.510	0.000	0.317	3.768	4.727	3.580	0.118	0.000	0.000	87.500	61.585	
10.1710	O1810R26	500	2.368996	0.000654	2021-08-15 19:07:45	10.232	0.000	0.329	2.299	3.963	3.535	0.105	0.000	0.000	100.000	100.000	
10.2200	CO210R24	500	2.363022	0.000704	2021-08-15 19:08:00	11.291	0.000	0.321	2.867	4.422	3.563	0.117	0.000	0.000	84.013	58.696	
10.1610	O1810R28	500	2.248449	0.000640	2021-08-15 19:08:12	12.219	0.000	0.323	4.460	3.746	3.574	0.116	0.000	0.000	90.000	93.879	
10.2070	CO210R26	500	2.339295	0.000603	2021-08-15 19:08:26	12.342	0.000	0.324	3.682	4.668	3.552	0.115	0.000	0.000	88.750	67.820	
11.0450	C1310P10	500	8.114989	0.058898	2021-08-15 19:08:36	9.429	0.000	0.320	1.776	3.629	3.587	0.116	0.000	0.000	100.000	100.000	
10.1500	O1810R30	500	2.286730	0.001042	2021-08-15 19:08:46	10.139	0.000	0.326	2.378	3.725	3.593	0.116	0.000	0.000	100.000	100.000	
10.1950	CO210R28	500	2.397576	0.000635	2021-08-15 19:08:59	12.797	0.000	0.334	4.162	4.632	3.552	0.117	0.000	0.000	81.562	59.347	
10.1410	O1810R32	500	2.190931	0.001043	2021-08-15 19:09:09	9.179	0.000	0.321	1.962	3.184	3.594	0.118	0.000	0.000	100.000	100.000	
10.1820	CO210R30	500	2.320382	0.000626	2021-08-15 19:09:26	12.345	0.000	0.312	2.867	5.469	3.579	0.118	0.000	0.000	85.000	64.832	
10.1310	O1810R34	500	2.220821	0.006313	2021-08-15 19:09:35	8.936	0.000	0.320	1.764	3.141	3.595	0.115	0.000	0.000	100.000	100.000	
10.1700	CO210R32	500	2.352690	0.000654	2021-08-15 19:09:54	12.308	0.000	0.322	3.367	4.929	3.573	0.117	0.000	0.000	90.000	78.946	
10.1590	CO210R34	500	2.216888	0.000747	2021-08-15 19:10:24	12.612	0.000	0.327	4.159	4.450	3.559	0.117	0.000	0.000	89.111	74.790	
10.1470	CO210R36	500	2.267590	0.000642	2021-08-15 19:10:54	11.545	0.000	0.316	2.064	5.525	3.533	0.106	0.000	0.000	80.000	80.000	
11.0250	C1310P08	500	0.827993	0.023178	2021-08-15 19:11:03	9.007	0.000	0.322	1.847	3.216	3.518	0.104	0.000	0.000	100.000	100.000	
10.1220	O1810R36	0	NaN	NaN	2021-08-15 19:11:06	0.457	0.000	0.323	0.132	0.000	0.000	0.001	0.000	0.000	0.100	0.100	
10.1360	CO210R38	500	2.143540	0.000799	2021-08-15 19:11:17	11.314	0.000	0.315	2.080	5.264	3.518	0.135	0.000	0.000	100.000	100.000	
10.1250	CO210R40	500	2.114096	0.001174	2021-08-15 19:11:47	11.587	0.000	0.327	3.546	4.056	3.553	0.106	0.000	0.000	100.000	100.000	
9.7530	CO209P42	500	1.227767	0.002905	2021-08-15 19:12:21	17.162	0.000	0.314	4.408	8.761	3.571	0.109	0.000	0.000	100.000	100.000	
9.7330	CO209P40	500	0.889883	0.004843	2021-08-15 19:12:50	11.235	0.000	0.311	2.367	4.881	3.573	0.104	0.000	0.000	100.000	100.000	
9.7140	CO209P38	500	1.110586	0.002990	2021-08-15 19:13:19	12.103	0.000	0.315	2.653	5.460	3.565	0.110	0.000	0.000	100.000	100.000	
11.0050	C1310P06	500	0.874869	0.009882	2021-08-15 19:13:42	10.199	0.000	0.340	1.377	4.803	3.572	0.107	0.000	0.000	100.000	100.000	
9.6950	CO209P36	500	1.021573	0.003211	2021-08-15 19:13:54	11.676	0.000	0.317	2.762	4.910	3.585	0.102	0.000	0.000	100.000	100.000	
9.5520	O1809P46	-1	-1000000.000000	-1.000000	2021-08-15 19:14:06	0.000	0.000	0.000	0.000	0.000	0.000	0.000	0.000	0.000	-1.000	-1.000	
10.8840	C1310R06	500	1.182524	0.004198	2021-08-15 19:14:49	52.513	0.000	0.320	8.301	23.030	20.754	0.107	0.000	0.000	100.000	100.000	
9.5360	O1809P44	500	0.657129	0.007531	2021-08-15 19:15:00	11.028	0.000	0.322	3.878	3.122	3.587	0.118	0.000	0.000	100.000	100.000	
9.6750	CO209P34	500	0.789275	0.004638	2021-08-15 19:15:12	11.229	0.000	0.314	2.817	4.438	3.552	0.107	0.000	0.000	100.000	100.000	
10.8670	C1310R08	500	1.270833	0.002233	2021-08-15 19:15:21	9.634	0.000	0.330	2.046	3.548	3.603	0.108	0.000	0.000	100.000	100.000	
9.5190	O1809P42	500	0.635898	0.003107	2021-08-15 19:15:33	11.321	0.000	0.328	3.784	3.516	3.575	0.116	0.000	0.000	100.000	100.000	
9.6570	CO209P32	500	0.923239	0.003623	2021-08-15 19:15:45	12.348	0.000	0.313	3.168	5.193	3.559	0.115	0.000	0.000	100.000	100.000	
10.8500	C1310R10	500	1.299479	0.003817	2021-08-15 19:16:31	45.337	0.000	0.326	2.815	21.341	20.740	0.115	0.000	0.000	100.000	100.000	
9.5030	O1809P40	500	0.614013	0.002504	2021-08-15 19:16:44	13.408	0.000	0.319	6.145	3.294	3.548	0.102	0.000	0.000	90.000	76.502	
10.8330	C1310R12	500	1.367505	0.001873	2021-08-15 19:16:55	10.246	0.000	0.330	2.278	3.966	3.555	0.116	0.000	0.000	100.000	100.000	
9.6390	CO209P30	500	0.777911	0.004888	2021-08-15 19:17:07	12.284	0.000	0.324	3.147	5.138	3.559	0.116	0.000	0.000	100.000	100.000	
10.8160	C1310R14	500	1.416405	0.001643	2021-08-15 19:17:18	10.448	0.000	0.329	2.260	4.149	3.596	0.115	0.000	0.000	100.000	100.000	
9.4880	O1809P38	500	0.640480	0.003030	2021-08-15 19:17:34	16.166	0.000	0.325	8.661	3.503	3.563	0.113	0.000	0.000	88.814	63.840	
10.8000	C1310R16	500	1.461809	0.002630	2021-08-15 19:17:43	9.385	0.000	0.328	1.748	3.621	3.571	0.117	0.000	0.000	100.000	100.000	
9.6210	CO209P28	500	0.784340	0.004316	2021-08-15 19:17:55	11.167	0.000	0.323	2.991	4.161	3.578	0.114	0.000	0.000	100.000	100.000	
9.4720	O1809P36	500	0.628621	0.002497	2021-08-15 19:18:10	15.541	0.000	0.318	8.455	3.079	3.576	0.112	0.000	0.000	88.311	56.541	
10.7840	C1310R18	500	1.325351	0.002109	2021-08-15 19:18:21	10.130	0.000	0.316	1.862	4.328	3.521	0.102	0.000	0.000	100.000	100.000	
9.6040	CO209P26	500	0.749862	0.003926	2021-08-15 19:18:33	12.304	0.000	0.322	3.568	4.755	3.548	0.110	0.000	0.000	100.000	100.000	
9.4570	O1809P34	500	0.568727	0.002823	2021-08-15 19:18:51	18.025	0.000	0.323	10.785	3.253	3.550	0.113	0.000	0.000	88.681	51.493	
10.7680	C1310R20	500	1.477147	0.002387	2021-08-15 19:19:02	10.293	0.000	0.319	1.850	4.477	3.547	0.099	0.000	0.000	100.000	100.000	
9.5880	CO209P24	500	0.717198	0.005271	2021-08-15 19:19:15	13.525	0.000	0.318	4.760	4.806	3.538	0.102	0.000	0.000	100.000	100.000	
9.4410	O1809P32	500	0.642261	0.002274	2021-08-15 19:19:27	11.778	0.000	0.321	4.381	3.417	3.543	0.117	0.000	0.000	90.000	40.210	
10.7530	C1310R22	500	1.513897	0.003810	2021-08-15 19:19:37	9.255	0.000	0.314	2.068	3.230	3.540	0.103	0.000	0.000	100.000	100.000	
9.5690	CO209P22	500	0.679747	0.005891	2021-08-15 19:20:30	52.905	0.000	0.326	7.323	24.374	20.774	0.109	0.000	0.000	100.000	100.000	
9.4270	O1809P30	500	0.660481	0.002035	2021-08-15 19:20:43	12.502	0.000	0.325	4.861	3.676	3.536	0.104	0.000	0.000	85.000	40.333	
10.7380	C1310R24	500	1.511103	0.002712	2021-08-15 19:20:54	11.015	0.000	0.311	1.951	5.047	3.590	0.115	0.000	0.000	100.000	100.000	
9.5520	CO209P20	500	0.672462	0.007704	2021-08-15 19:21:08	13.704	0.000	0.326	4.059	5.618	3.586	0.115	0.000	0.000	100.000	100.000	
9.4120	O1809P28	500	0.630775	0.002591	2021-08-15 19:21:20	12.306	0.000	0.323	4.762	3.529	3.580	0.112	0.000	0.000	85.000	32.039	
10.7230	C1310R26	500	1.674714	0.001575	2021-08-15 19:21:30	9.989	0.000	0.315	2.044	3.954	3.560	0.115	0.000	0.000	100.000	100.000	
9.5360	CO209P18	500	0.651703	0.005967	2021-08-15 19:22:25	54.617	0.000	0.331	7.706	25.628	20.799	0.153	0.000	0.000	100.000	100.000	
9.3970	O1809P26	500	0.611803	0.002578	2021-08-15 19:22:38	12.932	0.000	0.318	5.560	3.433	3.510	0.112	0.000	0.000	88.750	34.268	
10.7080	C1310R28	500	1.753123	0.002320	2021-08-15 19:22:48	10.231	0.000	0.317	2.065	4.233	3.506	0.110	0.000	0.000	100.000	100.000	
9.5200	CO209P16	500	0.626216	0.006925	2021-08-15 19:23:02	14.009	0.000	0.327	4.299	5.750	3.530	0.103	0.000	0.000	100.000	100.000	
9.3830	O1809P24	500	0.509729	0.003748	2021-08-15 19:23:14	11.682	0.000	0.339	4.348	3.311	3.568	0.115	0.000	0.000	90.000	34.850	
10.6940	C1310R30	500	1.815216	0.002484	2021-08-15 19:23:24	9.534	0.000	0.315	1.965	3.548	3.592	0.114	0.000	0.000	100.000	100.000	
9.5040	CO209P14	500	0.600230	0.006780	2021-08-15 19:23:37	12.900	0.000	0.325	3.863	5.047	3.551	0.113	0.000	0.000	100.000	100.000	
9.3690	O1809P22	500	0.585653	0.002957	2021-08-15 19:23:52	15.087	0.000	0.343	7.649	3.418	3.564	0.112	0.000	0.000	87.747	24.556	
10.6800	C1310R32	500	1.862418	0.002088	2021-08-15 19:24:03	10.782	0.000	0.331	2.082	4.728	3.536	0.104	0.000	0.000	100.000	100.000	
9.4880	CO209P12	500	0.630948	0.007196	2021-08-15 19:24:17	14.129	0.000	0.324	4.666	5.458	3.566	0.115	0.000	0.000	90.000	75.381	
10.6660	C1310R34	500	1.887594	0.001961	2021-08-15 19:24:27	9.780	0.000	0.320	1.753	4.013	3.578	0.117	0.000	0.000	100.000	100.000	
9.3550	O1809P20	500	0.639108	0.002003	2021-08-15 19:24:40	12.140	0.000	0.325	4.971	3.211	3.532	0.102	0.000	0.000	90.000	21.660	
10.6520	C1310R36	500	1.937308	0.002566	2021-08-15 19:24:49	9.258	0.000	0.326	2.088	3.235	3.509	0.100	0.000	0.000	100.000	100.000	
9.4730	CO209P10	500	0.607146	0.007235	2021-08-15 19:25:04	14.475	0.000	0.317	4.745	5.724	3.573	0.116	0.000	0.000	100.000	100.000	
9.3410	O1809P18	500	0.629359	0.002435	2021-08-15 19:25:16	12.377	0.000	0.318	4.664	3.705	3.577	0.113	0.000	0.000	90.000	19.850	
10.6390	C1310R38	500	1.975148	0.001835	2021-08-15 19:25:28	11.374	0.000	0.325	2.176	5.225	3.541	0.106	0.000	0.000	100.000	100.000	
9.3280	O1809P16	500	0.614161	0.002589	2021-08-15 19:25:40	12.467	0.000	0.313	4.845	3.659	3.536	0.113	0.000	0.000	90.000	18.340	
10.6260	C1310R40	500	1.911802	0.003133	2021-08-15 19:25:49	9.236	0.000	0.319	2.171	3.111	3.535	0.100	0.000	0.000	100.000	100.000	
9.4580	CO209P08	500	0.574200	0.009727	2021-08-15 19:26:02	12.021	0.000	0.319	3.063	4.957	3.569	0.114	0.000	0.000	100.000	100.000	
9.3150	O1809P14	500	0.605765	0.002112	2021-08-15 19:26:15	13.532	0.000	0.332	6.149	3.334	3.601	0.115	0.000	0.000	89.375	18.828	
9.3540	CO209R06	500	0.636536	0.002518	2021-08-15 19:26:29	13.380	0.000	0.316	3.779	5.589	3.581	0.115	0.000	0.000	90.000	47.900	
9.3020	O1809P12	500	0.593071	0.003353	2021-08-15 19:26:43	12.854	0.000	0.325	5.360	3.496	3.559	0.114	0.000	0.000	89.375	19.438	
9.3420	CO209R08	500	0.623034	0.002911	2021-08-15 19:26:58	14.422	0.000	0.325	5.162	5.236	3.584	0.115	0.000	0.000	84.074	51.739	
9.2890	O1809P10	500	0.612054	0.002221	2021-08-15 19:27:10	12.024	0.000	0.330	4.383	3.670	3.541	0.100	0.000	0.000	90.000	18.690	
9.3290	CO209R10	500	0.613860	0.002623	2021-08-15 19:27:28	16.490	0.000	0.320	7.092	5.399	3.564	0.115	0.000	0.000	86.211	45.781	
9.2760	O1809P08	500	0.606176	0.005320	2021-08-15 19:27:40	11.815	0.000	0.332	4.264	3.516	3.590	0.112	0.000	0.000	90.000	20.188	
10.1520	C1309P36	-1	-1000000.000000	-1.000000	2021-08-15 19:27:50	0.000	0.000	0.000	0.000	0.000	0.000	0.000	0.000	0.000	-1.000	-1.000	
9.3170	CO209R12	500	0.577416	0.004647	2021-08-15 19:28:02	19.494	0.000	0.325	5.057	4.696	9.313	0.103	0.000	0.000	77.344	36.076	
9.2640	O1809P06	500	0.624865	0.002639	2021-08-15 19:28:16	13.822	0.000	0.319	6.166	3.634	3.584	0.118	0.000	0.000	89.688	21.054	
9.3050	CO209R14	500	0.579226	0.003922	2021-08-15 19:28:31	14.364	0.000	0.322	5.463	4.874	3.592	0.112	0.000	0.000	80.508	31.776	
9.1990	O1809R04	500	0.729735	0.002053	2021-08-15 19:28:44	12.636	0.000	0.324	5.150	3.475	3.573	0.113	0.000	0.000	89.375	32.342	
9.2940	CO209R16	500	0.578062	0.003150	2021-08-15 19:28:58	12.556	0.000	0.315	3.465	5.069	3.592	0.115	0.000	0.000	90.000	26.372	
9.1870	O1809R06	500	0.737582	0.002064	2021-08-15 19:29:10	10.674	0.000	0.329	3.176	3.499	3.572	0.098	0.000	0.000	77.402	0.100	
9.2820	CO209R18	500	0.592097	0.002985	2021-08-15 19:29:26	14.487	0.000	0.319	5.752	4.779	3.536	0.099	0.000	0.000	76.893	28.093	
9.1760	O1809R08	500	0.753642	0.001876	2021-08-15 19:29:36	10.176	0.000	0.323	2.469	3.704	3.569	0.112	0.000	0.000	90.000	0.266	
10.1310	C1309P34	-1	-1000000.000000	-1.000000	2021-08-15 19:29:46	0.000	0.000	0.000	0.000	0.000	0.000	0.000	0.000	0.000	-1.000	-1.000	
9.2710	CO209R20	500	0.603127	0.003022	2021-08-15 19:29:53	13.156	0.000	0.321	3.664	5.483	3.573	0.113	0.000	0.000	90.000	18.419	
9.1660	O1809R10	500	0.754358	0.001562	2021-08-15 19:30:05	12.288	0.000	0.327	4.868	3.412	3.566	0.116	0.000	0.000	45.233	0.100	
9.2610	CO209R22	500	0.621396	0.003071	2021-08-15 19:30:20	13.027	0.000	0.325	3.861	5.150	3.576	0.115	0.000	0.000	90.000	17.045	
9.1550	O1809R12	500	0.818638	0.001468	2021-08-15 19:30:32	12.348	0.000	0.316	4.659	3.665	3.594	0.114	0.000	0.000	40.033	0.100	
9.2500	CO209R24	500	0.634143	0.004634	2021-08-15 19:30:46	13.025	0.000	0.326	3.962	5.055	3.565	0.117	0.000	0.000	90.000	16.432	
9.1450	O1809R14	500	0.828954	0.001772	2021-08-15 19:30:58	11.856	0.000	0.320	4.581	3.318	3.537	0.101	0.000	0.000	40.303	0.100	
9.2400	CO209R26	500	0.658299	0.002799	2021-08-15 19:31:15	14.999	0.000	0.326	5.865	5.173	3.535	0.099	0.000	0.000	90.000	13.765	
9.1340	O1809R16	500	0.803655	0.001856	2021-08-15 19:31:26	10.716	0.000	0.323	3.375	3.337	3.566	0.114	0.000	0.000	29.999	0.100	
9.2300	CO209R28	500	0.669784	0.003977	2021-08-15 19:31:44	14.760	0.000	0.325	5.360	5.378	3.584	0.113	0.000	0.000	90.000	13.308	
9.1250	O1809R18	500	0.818066	0.001670	2021-08-15 19:31:56	12.546	0.000	0.319	4.860	3.681	3.574	0.112	0.000	0.000	34.250	0.100	
10.1100	C1309P32	500	1.945464	0.005051	2021-08-15 19:32:06	9.086	0.000	0.330	2.249	2.800	3.588	0.119	0.000	0.000	100.000	100.000	
9.2190	CO209R30	500	0.584915	0.003060	2021-08-15 19:32:23	17.465	0.000	0.319	8.169	5.269	3.590	0.118	0.000	0.000	86.997	16.916	
10.0900	C1309P30	500	1.466308	0.008576	2021-08-15 19:32:34	10.514	0.000	0.319	2.163	4.323	3.592	0.116	0.000	0.000	100.000	100.000	
9.1150	O1809R20	500	0.818270	0.001667	2021-08-15 19:32:47	12.913	0.000	0.320	5.269	3.638	3.569	0.117	0.000	0.000	34.125	0.100	
10.0700	C1309P28	500	2.143679	0.001724	2021-08-15 19:32:57	9.774	0.000	0.325	2.363	3.460	3.522	0.105	0.000	0.000	100.000	100.000	
9.2100	CO209R32	500	0.711146	0.001991	2021-08-15 19:33:14	16.490	0.000	0.330	7.062	5.396	3.586	0.117	0.000	0.000	90.000	12.283	
9.1050	O1809R22	500	0.803149	0.002177	2021-08-15 19:33:26	12.113	0.000	0.327	4.347	3.731	3.593	0.115	0.000	0.000	32.371	0.100	
10.0500	C1309P26	500	2.147534	0.001514	2021-08-15 19:33:36	9.954	0.000	0.326	2.398	3.513	3.603	0.115	0.000	0.000	100.000	100.000	
9.2010	CO209R34	500	0.722252	0.002558	2021-08-15 19:33:49	13.464	0.000	0.313	4.252	5.182	3.599	0.119	0.000	0.000	90.000	19.210	
9.0950	O1809R24	0	NaN	NaN	2021-08-15 19:34:13	23.852	0.000	0.324	4.078	2.248	17.199	0.002	0.000	0.000	0.100	0.100	
10.0310	C1309P24	500	2.074153	0.001239	2021-08-15 19:34:24	10.372	0.000	0.317	2.372	4.037	3.517	0.128	0.000	0.000	100.000	100.000	
9.0860	O1809R26	500	0.779974	0.001670	2021-08-15 19:34:37	12.566	0.000	0.313	4.985	3.583	3.563	0.120	0.000	0.000	25.786	0.100	
10.0120	C1309P22	500	1.788858	0.002652	2021-08-15 19:34:48	11.322	0.000	0.327	2.283	5.037	3.559	0.116	0.000	0.000	100.000	100.000	
10.8110	CO210P40	500	1.260489	0.003997	2021-08-15 19:34:59	10.368	0.000	0.327	1.366	4.994	3.564	0.116	0.000	0.000	100.000	100.000	
9.0770	O1809R28	500	0.779185	0.001699	2021-08-15 19:35:11	11.974	0.000	0.344	4.276	3.682	3.559	0.112	0.000	0.000	25.915	0.100	
9.9940	C1309P20	500	1.787844	0.002981	2021-08-15 19:35:21	10.774	0.000	0.316	2.347	4.423	3.573	0.115	0.000	0.000	100.000	100.000	
9.0680	O1809R30	500	0.745748	0.001864	2021-08-15 19:35:35	12.526	0.000	0.324	5.063	3.456	3.564	0.118	0.000	0.000	22.687	0.100	
9.9750	C1309P18	500	1.681809	0.002910	2021-08-15 19:35:45	10.185	0.000	0.320	2.365	3.814	3.570	0.116	0.000	0.000	100.000	100.000	
9.0590	O1809R32	500	0.724617	0.001820	2021-08-15 19:35:59	12.496	0.000	0.333	4.951	3.507	3.589	0.116	0.000	0.000	22.320	0.100	
9.9570	C1309P16	500	1.639740	0.003703	2021-08-15 19:36:10	11.392	0.000	0.335	2.368	5.033	3.540	0.115	0.000	0.000	100.000	100.000	
9.0510	O1809R34	500	0.709213	0.001781	2021-08-15 19:36:24	13.139	0.000	0.324	5.469	3.717	3.523	0.105	0.000	0.000	25.147	0.100	
9.9400	C1309P14	500	1.531601	0.004237	2021-08-15 19:36:38	14.192	0.000	0.317	2.306	7.866	3.584	0.119	0.000	0.000	100.000	100.000	
9.0420	O1809R36	500	0.693647	0.001825	2021-08-15 19:36:52	13.930	0.000	0.313	6.262	3.601	3.602	0.151	0.000	0.000	25.764	0.100	
9.9230	C1309P12	500	1.537181	0.003640	2021-08-15 19:37:03	10.298	0.000	0.339	2.385	3.872	3.580	0.121	0.000	0.000	100.000	100.000	
9.0340	O1809R38	500	0.628392	0.002204	2021-08-15 19:37:16	11.117	0.000	0.316	3.775	3.340	3.569	0.116	0.000	0.000	31.740	0.100	
9.9060	C1309P10	500	1.509522	0.004609	2021-08-15 19:37:27	10.950	0.000	0.314	2.369	4.628	3.534	0.105	0.000	0.000	100.000	100.000	
9.0260	O1809R40	500	0.666078	0.002918	2021-08-15 19:37:39	11.223	0.000	0.318	3.779	3.447	3.566	0.112	0.000	0.000	50.000	0.100	
9.7620	C1309R08	-1	-1000000.000000	-1.000000	2021-08-15 19:39:29	0.000	0.000	0.000	0.000	0.000	0.000	0.000	0.000	0.000	-1.000	-1.000	
9.7490	C1309R10	500	1.157598	0.006611	2021-08-15 19:39:50	10.063	0.000	0.314	2.346	3.699	3.587	0.116	0.000	0.000	100.000	100.000	
9.0180	O1809R42	-1	-1000000.000000	-1.000000	2021-08-15 19:40:19	0.000	0.000	0.000	0.000	0.000	0.000	0.000	0.000	0.000	-1.000	-1.000	
9.7360	C1309R12	1	8.436152	NaN	2021-08-15 19:40:47	42.139	0.000	0.339	4.620	14.295	22.882	0.002	0.000	0.000	100.000	100.000	
9.7230	C1309R14	500	1.031312	0.010588	2021-08-15 19:41:09	11.156	0.000	0.312	2.260	4.850	3.564	0.169	0.000	0.000	100.000	100.000	
9.7100	C1309R16	500	1.130543	0.008804	2021-08-15 19:41:35	10.910	0.000	0.315	2.463	4.503	3.522	0.106	0.000	0.000	100.000	100.000	
9.6980	C1309R18	500	1.062598	0.009949	2021-08-15 19:42:00	10.356	0.000	0.322	2.361	4.027	3.537	0.110	0.000	0.000	100.000	100.000	
9.6860	C1309R20	500	0.910900	0.016033	2021-08-15 19:42:24	10.151	0.000	0.327	2.396	3.896	3.470	0.044	0.017	0.000	100.000	100.000	
10.6640	O1810P36	500	1.904082	0.001004	2021-08-15 19:43:04	8.395	0.000	0.329	1.362	3.066	3.540	0.098	0.000	0.000	100.000	100.000	
10.1220	O1810R36	500	2.059551	0.004491	2021-08-15 19:44:50	9.166	0.000	0.336	2.277	2.877	3.581	0.094	0.000	0.000	100.000	100.000	
9.6750	C1309R22	500	0.845988	0.704193	2021-08-15 19:45:10	10.125	0.000	0.317	2.353	3.813	3.539	0.104	0.000	0.000	100.000	100.000	
9.6630	C1309R24	500	0.944666	0.013025	2021-08-15 19:45:33	10.573	0.000	0.317	2.366	4.205	3.572	0.113	0.000	0.000	100.000	100.000	
9.6520	C1309R26	500	4.538290	0.809292	2021-08-15 19:45:59	11.559	0.000	0.314	2.363	5.193	3.574	0.114	0.000	0.000	100.000	100.000	
9.5520	O1809P46	-1	-1000000.000000	-1.000000	2021-08-15 19:47:22	0.000	0.000	0.000	0.000	0.000	0.000	0.000	0.000	0.000	-1.000	-1.000	
9.0950	O1809R24	500	0.753287	0.001979	2021-08-15 19:47:48	12.297	0.000	0.319	4.482	3.816	3.573	0.108	0.000	0.000	39.687	0.100	
9.6420	C1309R28	500	8.232797	0.049745	2021-08-15 19:48:29	9.582	0.000	0.334	2.360	3.204	3.573	0.110	0.000	0.000	100.000	100.000	
9.0180	O1809R42	-1	-1000000.000000	-1.000000	2021-08-15 19:50:26	0.000	0.000	0.000	0.000	0.000	0.000	0.000	0.000	0.000	-1.000	-1.000	
9.6310	C1309R30	-1	-1000000.000000	-1.000000	2021-08-15 19:50:34	0.000	0.000	0.000	0.000	0.000	0.000	0.000	0.000	0.000	-1.000	-1.000	
9.6210	C1309R32	-1	-1000000.000000	-1.000000	2021-08-15 19:52:07	0.000	0.000	0.000	0.000	0.000	0.000	0.000	0.000	0.000	-1.000	-1.000	
9.6110	C1309R34	-1	-1000000.000000	-1.000000	2021-08-15 19:53:41	0.000	0.000	0.000	0.000	0.000	0.000	0.000	0.000	0.000	-1.000	-1.000	
11.2160	C1310P26	500	9.238294	0.095771	2021-08-15 19:55:35	11.438	0.000	0.330	2.165	5.183	3.606	0.154	0.000	0.000	100.000	100.000	
10.1520	C1309P36	-1	-1000000.000000	-1.000000	2021-08-15 19:57:16	0.000	0.000	0.000	0.000	0.000	0.000	0.000	0.000	0.000	-1.000	-1.000	
10.1310	C1309P34	-1	-1000000.000000	-1.000000	2021-08-15 19:58:50	0.000	0.000	0.000	0.000	0.000	0.000	0.000	0.000	0.000	-1.000	-1.000	
9.7620	C1309R08	-1	-1000000.000000	-1.000000	2021-08-15 20:00:25	0.000	0.000	0.000	0.000	0.000	0.000	0.000	0.000	0.000	-1.000	-1.000	
9.7360	C1309R12	500	1.318168	1.250625	2021-08-15 20:00:55	10.003	0.000	0.319	2.350	3.645	3.577	0.112	0.000	0.000	100.000	100.000	
9.6310	C1309R30	-1	-1000000.000000	-1.000000	2021-08-15 20:02:30	0.000	0.000	0.000	0.000	0.000	0.000	0.000	0.000	0.000	-1.000	-1.000	
9.6210	C1309R32	0	NaN	NaN	2021-08-15 20:04:10	6.901	0.000	0.314	6.584	0.000	0.000	0.003	0.000	0.000	100.000	100.000	
9.6110	C1309R34	0	NaN	NaN	2021-08-15 20:04:59	6.366	0.000	0.318	6.048	0.000	0.000	0.000	0.000	0.000	100.000	100.000	
