Wavelength	Line name	# of completed ringdowns	Ringdowntimes (us)	STOT	TimeStamp	Get ringdown time (s)	Step time (s)	Step time (s)	Step time(s)	Step time(s) 	Step time(s) 	Step time(s)	Step time(s)	Step time(s) 	AOM setting	Attenuator setting
10.8110	CO210P40	500	1.992125	0.001073	2021-08-19 21:15:53	9.886	0.000	0.328	1.489	4.346	3.563	0.148	0.014	0.000	100.000	100.000	
10.7870	CO210P38	500	2.156069	0.000994	2021-08-19 21:16:33	22.326	0.000	0.325	2.346	10.209	9.343	0.085	0.019	0.000	100.000	100.000	
10.7640	CO210P36	500	2.130018	0.002208	2021-08-19 21:17:04	12.764	0.000	0.315	4.763	4.067	3.525	0.073	0.022	0.000	90.000	86.923	
10.7410	CO210P34	500	2.187396	0.000744	2021-08-19 21:17:33	11.118	0.000	0.330	2.062	5.021	3.607	0.086	0.012	0.000	100.000	100.000	
11.2390	C1310P28	500	1.388854	0.004537	2021-08-19 21:18:00	10.565	0.000	0.314	1.665	4.901	3.561	0.096	0.028	0.000	100.000	100.000	
10.7190	CO210P32	500	2.204699	0.000567	2021-08-19 21:18:14	13.329	0.000	0.314	4.462	4.843	3.584	0.104	0.021	0.000	88.917	76.561	
10.6640	O1810P36	-1	2.320421	0.002329	2021-08-19 21:18:36	0.000	0.000	0.000	0.000	0.000	0.000	0.000	0.000	0.000	-1.000	-1.000	
10.6960	CO210P30	500	2.282971	0.000665	2021-08-19 21:18:45	13.713	0.000	0.340	4.685	5.037	3.538	0.097	0.016	0.000	90.000	76.444	
10.6430	O1810P34	500	2.350341	0.001177	2021-08-19 21:18:58	9.150	0.000	0.321	1.763	3.409	3.541	0.098	0.017	0.000	100.000	100.000	
10.6750	CO210P28	500	2.307648	0.001460	2021-08-19 21:19:11	11.241	0.000	0.321	2.371	4.894	3.545	0.104	0.006	0.000	100.000	100.000	
10.6220	O1810P32	500	2.377040	0.001278	2021-08-19 21:19:23	8.960	0.000	0.338	2.049	2.875	3.582	0.098	0.019	0.000	100.000	100.000	
10.6530	CO210P26	500	2.341617	0.004773	2021-08-19 21:19:36	10.728	0.000	0.316	2.244	4.499	3.566	0.099	0.004	0.000	100.000	100.000	
10.6020	O1810P30	500	2.424390	0.001188	2021-08-19 21:19:48	10.619	0.000	0.316	2.771	3.824	3.585	0.101	0.022	0.000	100.000	100.000	
10.6320	CO210P24	500	2.371435	0.010786	2021-08-19 21:20:02	11.417	0.000	0.329	2.386	5.009	3.568	0.101	0.024	0.000	100.000	100.000	
10.5820	O1810P28	500	2.425794	0.001047	2021-08-19 21:20:11	9.604	0.000	0.333	2.200	3.380	3.580	0.096	0.015	0.000	100.000	100.000	
11.2160	C1310P26	500	1.307960	0.002832	2021-08-19 21:20:23	11.597	0.000	0.334	2.159	5.429	3.558	0.097	0.020	0.000	100.000	100.000	
10.6110	CO210P22	500	2.394360	0.003136	2021-08-19 21:20:34	10.280	0.000	0.323	1.380	4.879	3.580	0.103	0.016	0.000	100.000	100.000	
10.5630	O1810P26	500	2.483248	0.000564	2021-08-19 21:20:46	12.547	0.000	0.322	5.147	3.408	3.555	0.094	0.019	0.000	87.037	77.634	
10.5910	CO210P20	500	2.440237	0.002084	2021-08-19 21:20:58	10.343	0.000	0.328	1.747	4.616	3.549	0.098	0.005	0.000	100.000	100.000	
10.5430	O1810P24	500	2.398661	0.001210	2021-08-19 21:21:11	10.671	0.000	0.322	3.762	2.914	3.562	0.096	0.015	0.000	83.333	78.838	
10.5710	CO210P18	500	2.422930	0.005886	2021-08-19 21:21:24	11.087	0.000	0.328	1.807	5.272	3.568	0.097	0.016	0.000	100.000	100.000	
10.5250	O1810P22	500	2.535696	0.000510	2021-08-19 21:21:38	11.862	0.000	0.324	4.162	3.659	3.599	0.101	0.016	0.000	90.000	88.054	
10.5510	CO210P16	500	2.482201	0.001290	2021-08-19 21:21:53	14.000	0.000	0.322	1.684	5.264	6.616	0.100	0.014	0.000	100.000	100.000	
10.5060	O1810P20	500	2.499858	0.000741	2021-08-19 21:22:02	9.569	0.000	0.329	2.652	2.890	3.584	0.097	0.017	0.000	80.000	80.203	
10.5320	CO210P14	500	2.484087	0.004789	2021-08-19 21:22:19	11.317	0.000	0.329	2.178	5.096	3.597	0.099	0.018	0.000	100.000	100.000	
10.4880	O1810P18	500	2.459299	0.000913	2021-08-19 21:22:31	12.002	0.000	0.328	4.160	3.838	3.565	0.098	0.014	0.000	79.981	77.083	
11.1940	C1310P24	500	1.421005	0.001844	2021-08-19 21:22:42	11.029	0.000	0.311	4.145	2.896	3.558	0.099	0.020	0.000	90.000	70.921	
10.5130	CO210P12	500	2.538850	0.000469	2021-08-19 21:22:55	13.075	0.000	0.327	4.046	5.005	3.577	0.101	0.020	0.000	89.375	65.774	
10.4710	O1810P16	500	2.623909	0.000913	2021-08-19 21:23:06	10.463	0.000	0.317	2.662	3.781	3.588	0.096	0.018	0.000	85.000	78.174	
11.1710	C1310P22	500	1.452741	0.006345	2021-08-19 21:23:20	13.598	0.000	0.317	4.460	5.132	3.580	0.104	0.005	0.000	90.000	57.666	
10.4940	CO210P10	502	2.546702	0.009498	2021-08-19 21:24:41	81.063	0.000	0.335	3.124	56.709	20.789	0.100	0.007	0.000	100.000	100.000	
10.4530	O1810P14	500	2.645941	0.001244	2021-08-19 21:24:52	10.514	0.000	0.330	3.962	2.515	3.599	0.092	0.018	0.000	90.000	84.656	
11.1490	C1310P20	500	1.447919	0.003271	2021-08-19 21:25:05	13.186	0.000	0.316	4.952	4.231	3.570	0.103	0.015	0.000	90.000	64.277	
10.4360	O1810P12	500	2.703413	0.000536	2021-08-19 21:25:17	11.477	0.000	0.325	3.981	3.458	3.595	0.101	0.018	0.000	90.000	90.108	
10.4760	CO210P08	500	2.606878	0.005019	2021-08-19 21:25:27	10.359	0.000	0.327	1.812	4.517	3.595	0.100	0.007	0.000	100.000	100.000	
10.4200	O1810P10	500	2.738345	0.001824	2021-08-19 21:25:43	11.059	0.000	0.322	3.759	3.313	3.548	0.099	0.017	0.000	87.500	77.263	
10.4580	CO210P06	500	2.659371	0.002480	2021-08-19 21:25:54	10.979	0.000	0.317	1.771	5.170	3.613	0.100	0.010	0.000	100.000	100.000	
10.4040	O1810P08	500	2.790385	0.000803	2021-08-19 21:26:08	9.208	0.000	0.327	1.748	3.396	3.616	0.103	0.018	0.000	100.000	100.000	
10.3650	CO210R04	500	2.772366	0.000914	2021-08-19 21:26:23	13.638	0.000	0.315	4.582	5.027	3.604	0.094	0.016	0.000	100.000	100.000	
10.2780	O1810R08	500	3.108251	0.000651	2021-08-19 21:26:35	11.632	0.000	0.318	4.287	3.367	3.542	0.098	0.021	0.000	90.000	92.229	
10.3490	CO210R06	500	2.704698	0.000841	2021-08-19 21:26:48	10.370	0.000	0.340	1.762	4.579	3.576	0.098	0.016	0.000	100.000	100.000	
10.2650	O1810R10	500	3.146079	0.001164	2021-08-19 21:27:01	10.620	0.000	0.328	3.661	2.912	3.597	0.104	0.018	0.000	85.000	77.200	
10.3340	CO210R08	500	2.774331	0.000499	2021-08-19 21:27:13	11.928	0.000	0.313	2.865	5.127	3.524	0.066	0.033	0.000	86.759	54.189	
11.1280	C1310P18	500	1.489360	0.001924	2021-08-19 21:27:24	10.617	0.000	0.326	3.347	3.314	3.531	0.074	0.025	0.000	90.000	89.724	
10.2520	O1810R12	500	3.211168	0.000600	2021-08-19 21:27:35	10.865	0.000	0.325	3.653	3.219	3.556	0.092	0.020	0.000	87.500	61.436	
10.3180	CO210R10	500	2.961899	0.000594	2021-08-19 21:27:48	13.099	0.000	0.315	3.862	5.147	3.610	0.144	0.021	0.000	81.111	48.810	
10.2400	O1810R14	500	3.263455	0.000673	2021-08-19 21:27:59	9.750	0.000	0.327	2.463	3.253	3.581	0.106	0.020	0.000	80.000	70.509	
10.3030	CO210R12	500	2.914264	0.000442	2021-08-19 21:28:17	15.019	0.000	0.324	5.260	5.713	3.608	0.093	0.021	0.000	87.423	60.229	
10.2280	O1810R16	500	3.311127	0.000542	2021-08-19 21:28:29	11.138	0.000	0.324	3.167	3.930	3.589	0.105	0.024	0.000	87.500	59.530	
11.1070	C1310P16	500	1.513983	0.003546	2021-08-19 21:28:38	9.383	0.000	0.318	2.465	2.872	3.591	0.113	0.024	0.000	100.000	100.000	
10.2890	CO210R14	500	2.999047	0.000529	2021-08-19 21:28:53	14.674	0.000	0.327	5.962	4.691	3.582	0.097	0.015	0.000	86.997	36.645	
10.2160	O1810R18	500	3.360290	0.000920	2021-08-19 21:29:04	10.404	0.000	0.316	3.348	3.032	3.586	0.103	0.019	0.000	87.500	65.500	
11.0860	C1310P14	500	1.549147	0.001018	2021-08-19 21:29:17	13.443	0.000	0.327	5.051	4.370	3.578	0.097	0.021	0.000	89.122	62.267	
10.2740	CO210R16	500	3.084499	0.000621	2021-08-19 21:29:30	13.116	0.000	0.334	4.262	4.809	3.596	0.101	0.014	0.000	64.400	50.398	
10.2040	O1810R20	500	3.392163	0.000480	2021-08-19 21:29:42	11.139	0.000	0.311	3.495	3.630	3.586	0.101	0.016	0.000	87.500	55.461	
11.0650	C1310P12	500	1.572269	0.002174	2021-08-19 21:29:52	10.254	0.000	0.325	2.594	3.613	3.605	0.096	0.022	0.000	99.232	100.000	
10.2600	CO210R18	500	3.193920	0.000527	2021-08-19 21:30:05	13.197	0.000	0.320	4.083	5.073	3.606	0.099	0.015	0.000	88.025	33.908	
10.1930	O1810R22	500	3.410058	0.000886	2021-08-19 21:30:16	10.233	0.000	0.324	3.382	2.858	3.558	0.097	0.013	0.000	87.500	56.502	
10.2470	CO210R20	500	2.760800	0.000659	2021-08-19 21:30:32	12.152	0.000	0.336	3.062	5.041	3.595	0.101	0.017	0.000	71.667	49.430	
10.1820	O1810R24	500	3.421021	0.000465	2021-08-19 21:30:42	10.362	0.000	0.336	2.463	3.834	3.608	0.099	0.022	0.000	80.000	60.330	
11.0450	C1310P10	500	1.597267	0.001291	2021-08-19 21:30:56	9.836	0.000	0.319	2.546	3.275	3.584	0.098	0.013	0.000	100.000	100.000	
10.2330	CO210R22	500	3.274130	0.000501	2021-08-19 21:31:09	12.805	0.000	0.337	4.063	4.733	3.566	0.094	0.011	0.000	85.659	42.097	
10.1710	O1810R26	500	3.467362	0.000458	2021-08-19 21:31:20	11.249	0.000	0.319	3.249	4.002	3.566	0.095	0.017	0.000	70.012	80.000	
10.2200	CO210R24	500	3.341734	0.000615	2021-08-19 21:31:35	11.631	0.000	0.318	2.967	4.660	3.581	0.099	0.007	0.000	80.233	45.464	
10.1610	O1810R28	500	3.429313	0.000763	2021-08-19 21:31:45	10.379	0.000	0.323	2.861	3.485	3.595	0.102	0.013	0.000	85.000	53.760	
10.2070	CO210R26	500	3.385818	0.000565	2021-08-19 21:32:03	12.622	0.000	0.316	3.568	5.035	3.586	0.101	0.017	0.000	73.125	44.814	
11.0250	C1310P08	500	1.668862	0.002261	2021-08-19 21:32:13	10.061	0.000	0.326	2.395	3.631	3.595	0.100	0.014	0.000	100.000	100.000	
10.1500	O1810R30	500	3.474671	0.000547	2021-08-19 21:32:24	10.644	0.000	0.318	2.862	3.762	3.583	0.100	0.020	0.000	100.000	100.000	
10.1950	CO210R28	500	3.412004	0.001367	2021-08-19 21:32:40	16.065	0.000	0.319	7.378	4.646	3.601	0.103	0.017	0.000	87.423	37.344	
10.1410	O1810R32	500	3.470249	0.000530	2021-08-19 21:32:50	10.211	0.000	0.322	2.880	3.291	3.600	0.100	0.017	0.000	85.000	78.024	
10.1820	CO210R30	500	3.421464	0.000587	2021-08-19 21:33:10	15.622	0.000	0.314	6.467	5.123	3.609	0.097	0.013	0.000	88.686	45.555	
10.1310	O1810R34	500	3.478902	0.001782	2021-08-19 21:33:34	8.477	0.000	0.313	1.951	2.475	3.621	0.098	0.019	0.000	100.000	100.000	
11.0050	C1310P06	500	1.671320	0.004930	2021-08-19 21:33:44	9.785	0.000	0.330	1.696	4.064	3.575	0.098	0.022	0.000	100.000	100.000	
10.1700	CO210R32	500	3.463511	0.000608	2021-08-19 21:33:58	13.154	0.000	0.318	4.078	5.044	3.595	0.098	0.022	0.000	83.672	57.502	
10.8840	C1310R06	500	1.982818	0.000605	2021-08-19 21:34:11	12.256	0.000	0.324	4.878	3.392	3.549	0.097	0.016	0.000	100.000	100.000	
10.1590	CO210R34	500	3.457808	0.000481	2021-08-19 21:34:24	12.468	0.000	0.325	3.675	4.752	3.598	0.101	0.016	0.000	88.750	47.094	
10.8670	C1310R08	500	2.032848	0.001151	2021-08-19 21:34:37	12.976	0.000	0.314	5.468	3.537	3.543	0.097	0.017	0.000	90.044	82.760	
10.1470	CO210R36	500	3.482620	0.000575	2021-08-19 21:34:52	13.996	0.000	0.326	4.950	5.027	3.574	0.100	0.018	0.000	84.661	41.424	
10.1220	O1810R36	0	NaN	NaN	2021-08-19 21:34:55	3.303	0.000	0.318	2.983	0.000	0.000	0.003	0.000	0.000	100.000	100.000	
10.8500	C1310R10	500	2.041366	0.000562	2021-08-19 21:35:09	13.353	0.000	0.329	4.289	5.081	3.521	0.130	0.002	0.000	90.000	84.844	
10.1360	CO210R38	500	3.451640	0.000595	2021-08-19 21:35:21	12.033	0.000	0.316	3.378	4.644	3.573	0.101	0.020	0.000	81.204	62.207	
10.8330	C1310R12	500	2.095020	0.001332	2021-08-19 21:35:33	10.489	0.000	0.320	2.363	4.089	3.606	0.100	0.012	0.000	90.000	90.000	
10.1250	CO210R40	500	3.459155	0.000521	2021-08-19 21:35:48	13.481	0.000	0.316	4.619	4.862	3.568	0.098	0.018	0.000	90.000	83.641	
10.8160	C1310R14	500	2.120534	0.003875	2021-08-19 21:35:57	8.927	0.000	0.326	1.847	3.053	3.589	0.096	0.017	0.000	80.000	77.820	
9.7530	CO209P42	500	1.932408	0.001398	2021-08-19 21:36:19	13.032	0.000	0.340	3.992	5.004	3.590	0.096	0.009	0.000	100.000	100.000	
10.8000	C1310R16	500	2.145057	0.000461	2021-08-19 21:36:31	11.769	0.000	0.315	2.777	5.003	3.573	0.098	0.004	0.000	79.627	76.089	
9.7330	CO209P40	500	1.466075	0.001267	2021-08-19 21:36:43	11.084	0.000	0.328	2.053	5.029	3.561	0.093	0.020	0.000	100.000	100.000	
10.7840	C1310R18	500	2.037449	0.005708	2021-08-19 21:36:56	11.608	0.000	0.330	3.949	3.648	3.570	0.086	0.023	0.000	89.688	88.284	
9.7140	CO209P38	500	1.772305	0.002019	2021-08-19 21:37:08	11.483	0.000	0.325	2.463	5.029	3.561	0.089	0.016	0.000	100.000	100.000	
10.7680	C1310R20	500	2.118156	0.001719	2021-08-19 21:37:20	10.246	0.000	0.321	2.885	3.274	3.600	0.097	0.069	0.000	100.000	100.000	
9.5520	O1809P46	-1	-1000000.000000	-1.000000	2021-08-19 21:37:35	0.000	0.000	0.000	0.000	0.000	0.000	0.000	0.000	0.000	-1.000	-1.000	
9.6950	CO209P36	500	1.707607	0.004265	2021-08-19 21:37:33	12.319	0.000	0.321	2.847	5.451	3.582	0.101	0.017	0.000	100.000	100.000	
10.7530	C1310R22	500	2.143256	0.002076	2021-08-19 21:37:44	10.131	0.000	0.335	2.061	4.082	3.535	0.097	0.020	0.000	100.000	100.000	
9.5360	O1809P44	500	1.122119	0.004128	2021-08-19 21:37:57	10.713	0.000	0.325	3.466	3.196	3.608	0.099	0.020	0.000	100.000	100.000	
10.7380	C1310R24	500	2.134468	0.001302	2021-08-19 21:38:09	11.475	0.000	0.326	2.563	4.864	3.597	0.104	0.021	0.000	100.000	100.000	
9.6750	CO209P34	500	1.586334	0.000565	2021-08-19 21:38:23	14.192	0.000	0.313	4.670	5.544	3.548	0.096	0.021	0.000	88.750	61.319	
9.5190	O1809P42	500	1.095758	0.002714	2021-08-19 21:38:39	15.780	0.000	0.325	8.468	3.305	3.561	0.099	0.022	0.000	89.155	65.436	
10.7230	C1310R26	500	2.213451	0.003455	2021-08-19 21:38:49	9.930	0.000	0.336	2.151	3.728	3.593	0.101	0.022	0.000	100.000	100.000	
9.6570	CO209P32	500	1.496606	0.000786	2021-08-19 21:39:03	13.716	0.000	0.322	5.167	4.533	3.576	0.102	0.016	0.000	90.000	69.501	
9.5030	O1809P40	500	1.085886	0.003221	2021-08-19 21:39:15	11.555	0.000	0.320	4.049	3.487	3.582	0.100	0.016	0.000	90.000	37.274	
10.7080	C1310R28	500	2.257173	0.001766	2021-08-19 21:39:26	10.983	0.000	0.325	1.965	5.014	3.575	0.103	0.002	0.000	100.000	100.000	
9.6390	CO209P30	500	1.295404	0.002137	2021-08-19 21:39:40	14.122	0.000	0.317	4.969	5.184	3.535	0.097	0.020	0.000	88.750	67.314	
9.4880	O1809P38	500	1.092197	0.001226	2021-08-19 21:39:51	10.988	0.000	0.323	3.451	3.492	3.606	0.101	0.016	0.000	90.000	31.494	
10.6940	C1310R30	500	2.267976	0.001192	2021-08-19 21:40:01	9.627	0.000	0.326	1.951	3.647	3.593	0.099	0.012	0.000	100.000	100.000	
9.6210	CO209P28	500	1.290909	0.002132	2021-08-19 21:40:14	12.822	0.000	0.323	4.180	4.604	3.593	0.100	0.021	0.000	87.500	59.406	
9.4720	O1809P36	500	1.081305	0.001299	2021-08-19 21:40:26	12.304	0.000	0.340	4.601	3.656	3.587	0.101	0.020	0.000	90.000	32.043	
10.6800	C1310R32	500	2.289244	0.001979	2021-08-19 21:40:36	9.687	0.000	0.314	2.263	3.387	3.602	0.100	0.021	0.000	100.000	100.000	
9.6040	CO209P26	500	1.264336	0.000797	2021-08-19 21:40:49	13.107	0.000	0.314	3.664	5.451	3.562	0.097	0.019	0.000	90.000	50.104	
9.4570	O1809P34	500	1.010690	0.005641	2021-08-19 21:41:01	12.092	0.000	0.325	4.566	3.478	3.605	0.099	0.018	0.000	87.500	26.927	
10.6660	C1310R34	500	2.298094	0.001336	2021-08-19 21:41:11	9.770	0.000	0.325	2.162	3.592	3.577	0.094	0.020	0.000	100.000	100.000	
9.5880	CO209P24	500	1.216004	0.000663	2021-08-19 21:41:28	16.653	0.000	0.328	7.366	5.243	3.599	0.098	0.020	0.000	77.712	47.042	
9.4410	O1809P32	500	1.098004	0.002324	2021-08-19 21:41:42	13.534	0.000	0.326	5.861	3.620	3.608	0.106	0.014	0.000	89.688	19.029	
10.6520	C1310R36	500	2.334540	0.002849	2021-08-19 21:41:52	10.215	0.000	0.338	2.149	4.004	3.602	0.104	0.018	0.000	100.000	100.000	
9.5690	CO209P22	500	1.168083	0.000711	2021-08-19 21:42:05	12.908	0.000	0.313	3.766	5.115	3.595	0.100	0.019	0.000	90.000	53.297	
9.4270	O1809P30	500	1.128039	0.002050	2021-08-19 21:42:18	12.618	0.000	0.315	4.846	3.732	3.603	0.100	0.022	0.000	90.000	20.932	
10.6390	C1310R38	500	2.348606	0.001536	2021-08-19 21:42:32	14.219	0.000	0.312	2.100	8.141	3.560	0.097	0.008	0.000	100.000	100.000	
9.4120	O1809P28	500	1.081461	0.002291	2021-08-19 21:42:45	12.971	0.000	0.326	5.671	3.298	3.561	0.096	0.018	0.000	90.000	14.627	
10.6260	C1310R40	500	2.316608	0.002728	2021-08-19 21:42:56	10.971	0.000	0.324	2.169	4.726	3.582	0.140	0.028	0.000	100.000	100.000	
9.5520	CO209P20	500	1.138403	0.002363	2021-08-19 21:43:10	13.822	0.000	0.313	4.350	5.422	3.607	0.114	0.016	0.000	90.000	44.482	
9.3970	O1809P26	500	1.041262	0.003343	2021-08-19 21:43:22	11.883	0.000	0.317	4.447	3.416	3.577	0.109	0.018	0.000	90.000	17.835	
9.5360	CO209P18	500	1.124712	0.001214	2021-08-19 21:43:35	11.981	0.000	0.319	2.988	5.003	3.559	0.094	0.018	0.000	90.000	48.820	
9.3830	O1809P24	500	0.909955	0.001208	2021-08-19 21:43:49	12.893	0.000	0.322	5.261	3.616	3.581	0.101	0.014	0.000	90.000	15.195	
9.5200	CO209P16	500	1.089612	0.002242	2021-08-19 21:44:02	12.891	0.000	0.321	3.647	5.230	3.578	0.098	0.015	0.000	90.000	37.964	
9.3690	O1809P22	500	0.984474	0.000767	2021-08-19 21:44:15	12.938	0.000	0.314	5.564	3.340	3.601	0.093	0.026	0.000	90.000	13.016	
9.5040	CO209P14	500	1.080905	0.000749	2021-08-19 21:44:28	12.791	0.000	0.336	3.262	5.529	3.549	0.096	0.019	0.000	90.000	46.464	
9.3550	O1809P20	500	1.058421	0.001645	2021-08-19 21:44:43	14.135	0.000	0.327	6.663	3.439	3.590	0.102	0.013	0.000	83.181	0.100	
10.1520	C1309P36	-1	-1000000.000000	-1.000000	2021-08-19 21:44:58	0.000	0.000	0.000	0.000	0.000	0.000	0.000	0.000	0.000	-1.000	-1.000	
9.4880	CO209P12	500	1.089025	0.003213	2021-08-19 21:44:56	12.838	0.000	0.325	3.393	5.470	3.539	0.094	0.019	0.000	90.000	31.890	
9.3410	O1809P18	500	1.038881	0.001497	2021-08-19 21:45:09	12.442	0.000	0.310	4.767	3.647	3.600	0.098	0.020	0.000	79.097	0.100	
9.4730	CO209P10	500	1.067010	0.001774	2021-08-19 21:45:22	12.603	0.000	0.326	3.372	5.265	3.538	0.079	0.023	0.000	90.000	36.039	
9.3280	O1809P16	500	1.012237	0.001501	2021-08-19 21:45:35	11.228	0.000	0.325	3.547	3.692	3.551	0.097	0.015	0.000	90.000	0.352	
9.4580	CO209P08	500	1.020104	0.001728	2021-08-19 21:45:49	12.712	0.000	0.339	3.477	5.181	3.599	0.101	0.015	0.000	87.500	48.445	
9.3150	O1809P14	500	0.985510	0.003288	2021-08-19 21:46:12	22.960	0.000	0.322	15.865	3.047	3.610	0.097	0.020	0.000	90.000	11.261	
9.3540	CO209R06	500	1.060247	0.001237	2021-08-19 21:46:25	13.061	0.000	0.311	3.769	5.250	3.606	0.104	0.021	0.000	90.000	22.496	
9.3020	O1809P12	500	0.965426	0.000665	2021-08-19 21:46:45	19.693	0.000	0.319	12.578	3.141	3.552	0.095	0.007	0.000	90.000	11.574	
10.1310	C1309P34	-1	-1000000.000000	-1.000000	2021-08-19 21:46:53	0.000	0.000	0.000	0.000	0.000	0.000	0.000	0.000	0.000	-1.000	-1.000	
9.3420	CO209R08	500	1.040887	0.001517	2021-08-19 21:46:57	12.387	0.000	0.316	3.845	4.518	3.591	0.097	0.020	0.000	90.000	24.858	
9.2890	O1809P10	500	0.983895	0.003013	2021-08-19 21:47:09	10.159	0.000	0.310	2.566	3.628	3.553	0.094	0.007	0.000	90.000	0.252	
10.1100	C1309P32	500	3.453666	0.001706	2021-08-19 21:47:20	10.998	0.000	0.317	2.266	4.689	3.605	0.096	0.026	0.000	100.000	100.000	
9.3290	CO209R10	500	1.021231	0.000873	2021-08-19 21:47:35	14.540	0.000	0.318	4.984	5.526	3.589	0.102	0.020	0.000	90.000	18.130	
10.0900	C1309P30	500	3.408934	0.001428	2021-08-19 21:47:45	9.730	0.000	0.325	2.176	3.530	3.584	0.100	0.013	0.000	100.000	100.000	
9.2760	O1809P08	500	0.964785	0.003094	2021-08-19 21:48:05	19.945	0.000	0.337	12.475	3.392	3.619	0.100	0.022	0.000	90.000	11.490	
10.0700	C1309P28	500	3.347192	0.000992	2021-08-19 21:48:17	11.672	0.000	0.322	2.584	5.052	3.592	0.100	0.023	0.000	100.000	100.000	
9.2640	O1809P06	500	0.985935	0.001028	2021-08-19 21:48:31	14.734	0.000	0.347	7.463	3.217	3.593	0.095	0.019	0.000	90.000	12.229	
10.0500	C1309P26	500	3.307365	0.001496	2021-08-19 21:48:41	9.991	0.000	0.323	2.651	3.336	3.564	0.095	0.022	0.000	100.000	100.000	
9.3170	CO209R12	0	NaN	NaN	2021-08-19 21:48:44	0.445	0.000	0.340	0.102	0.000	0.000	0.002	0.000	0.000	0.100	0.100	
9.1990	O1809R04	500	1.059802	0.002759	2021-08-19 21:48:57	14.027	0.000	0.322	6.467	3.556	3.534	0.141	0.009	0.000	89.375	18.262	
10.0310	C1309P24	500	3.217344	0.001609	2021-08-19 21:49:07	9.954	0.000	0.322	2.464	3.438	3.607	0.104	0.019	0.000	100.000	100.000	
9.3050	CO209R14	500	0.957056	0.002066	2021-08-19 21:49:21	14.178	0.000	0.321	4.660	5.499	3.578	0.103	0.018	0.000	90.000	15.785	
9.1870	O1809R06	500	1.057266	0.001072	2021-08-19 21:49:33	12.052	0.000	0.327	4.596	3.452	3.562	0.104	0.011	0.000	55.526	0.100	
10.0120	C1309P22	500	2.943638	0.001065	2021-08-19 21:49:45	11.353	0.000	0.325	2.280	5.020	3.609	0.106	0.014	0.000	100.000	100.000	
9.1760	O1809R08	500	1.052319	0.000797	2021-08-19 21:49:58	13.475	0.000	0.328	5.964	3.456	3.608	0.104	0.015	0.000	60.876	0.100	
9.9940	C1309P20	500	3.040330	0.002720	2021-08-19 21:50:09	10.849	0.000	0.322	2.372	4.489	3.549	0.095	0.023	0.000	100.000	100.000	
9.2940	CO209R16	500	0.956187	0.004132	2021-08-19 21:50:26	16.914	0.000	0.328	7.803	5.079	3.584	0.101	0.021	0.000	90.000	14.173	
9.1660	O1809R10	500	1.073393	0.000968	2021-08-19 21:50:38	11.052	0.000	0.322	3.197	3.857	3.556	0.104	0.017	0.000	31.001	0.100	
9.9750	C1309P18	500	2.912059	0.001952	2021-08-19 21:50:48	10.087	0.000	0.331	2.663	3.391	3.581	0.094	0.027	0.000	100.000	100.000	
9.2820	CO209R18	500	0.967289	0.001176	2021-08-19 21:51:02	14.266	0.000	0.322	5.146	5.118	3.564	0.098	0.018	0.000	90.000	14.165	
9.1550	O1809R12	500	1.121414	0.001009	2021-08-19 21:51:12	9.870	0.000	0.319	2.364	3.544	3.531	0.095	0.018	0.000	29.744	0.100	
9.9570	C1309P16	500	2.846483	0.001663	2021-08-19 21:51:24	11.807	0.000	0.320	2.264	5.531	3.585	0.097	0.010	0.000	100.000	100.000	
9.1450	O1809R14	500	1.114335	0.001689	2021-08-19 21:51:37	12.935	0.000	0.318	5.276	3.653	3.575	0.096	0.016	0.000	33.603	0.100	
9.9400	C1309P14	500	2.673549	0.002360	2021-08-19 21:51:49	11.833	0.000	0.334	2.380	5.426	3.581	0.098	0.014	0.000	100.000	100.000	
9.1340	O1809R16	500	1.091660	0.001417	2021-08-19 21:52:01	11.402	0.000	0.314	4.086	3.276	3.604	0.102	0.020	0.000	23.364	0.100	
9.9230	C1309P12	500	2.639347	0.002644	2021-08-19 21:52:12	11.020	0.000	0.314	2.363	4.611	3.616	0.103	0.013	0.000	100.000	100.000	
9.1250	O1809R18	500	1.065221	0.003068	2021-08-19 21:52:24	12.136	0.000	0.328	4.272	3.868	3.551	0.097	0.020	0.000	29.105	0.100	
9.9060	C1309P10	500	2.492893	0.002705	2021-08-19 21:52:36	11.150	0.000	0.327	2.365	4.766	3.578	0.101	0.013	0.000	100.000	100.000	
9.2710	CO209R20	500	0.969070	0.001240	2021-08-19 21:52:54	18.428	0.000	0.342	9.063	5.339	3.575	0.095	0.014	0.000	82.067	0.100	
9.1150	O1809R20	500	1.063907	0.000780	2021-08-19 21:53:06	11.394	0.000	0.313	4.064	3.345	3.555	0.096	0.021	0.000	29.427	0.100	
9.2610	CO209R22	500	0.992831	0.004018	2021-08-19 21:53:33	25.017	0.000	0.317	15.861	5.161	3.563	0.099	0.016	0.000	90.000	11.419	
9.1050	O1809R22	500	1.039864	0.001494	2021-08-19 21:53:45	11.671	0.000	0.322	4.283	3.407	3.549	0.096	0.014	0.000	27.874	0.100	
9.2500	CO209R24	500	0.994183	0.007337	2021-08-19 21:53:59	12.443	0.000	0.326	2.992	5.400	3.606	0.096	0.023	0.000	77.304	0.100	
9.0950	O1809R24	0	NaN	NaN	2021-08-19 21:54:24	23.356	0.000	0.323	3.539	2.244	17.247	0.003	0.000	0.000	0.100	0.100	
9.7620	C1309R08	-1	-1000000.000000	-1.000000	2021-08-19 21:54:26	0.000	0.000	0.000	0.000	0.000	0.000	0.000	0.000	0.000	-1.000	-1.000	
9.2400	CO209R26	500	1.025462	0.002763	2021-08-19 21:54:37	13.006	0.000	0.334	3.649	5.348	3.519	0.141	0.015	0.000	65.796	0.100	
9.0860	O1809R26	500	0.999794	0.001139	2021-08-19 21:54:48	10.651	0.000	0.322	3.278	3.377	3.555	0.103	0.016	0.000	20.031	0.100	
9.7490	C1309R10	500	1.829545	0.002385	2021-08-19 21:55:01	10.322	0.000	0.319	2.381	3.896	3.603	0.104	0.017	0.000	100.000	100.000	
9.0770	O1809R28	500	0.999788	0.003552	2021-08-19 21:55:12	11.050	0.000	0.316	3.181	3.844	3.593	0.099	0.018	0.000	25.180	0.100	
9.2300	CO209R28	500	1.026911	0.007347	2021-08-19 21:55:25	13.060	0.000	0.315	3.865	5.179	3.590	0.092	0.019	0.000	77.475	0.100	
9.7360	C1309R12	500	1.508802	0.003652	2021-08-19 21:55:37	11.313	0.000	0.325	2.377	4.914	3.582	0.095	0.020	0.000	100.000	100.000	
9.0680	O1809R30	500	0.952807	0.000945	2021-08-19 21:55:48	11.459	0.000	0.325	4.072	3.353	3.590	0.098	0.021	0.000	19.007	0.100	
9.7230	C1309R14	500	1.657541	0.006307	2021-08-19 21:55:59	10.779	0.000	0.328	2.366	4.406	3.567	0.092	0.020	0.000	100.000	100.000	
9.2190	CO209R30	500	0.975360	0.001198	2021-08-19 21:56:16	16.448	0.000	0.315	7.188	5.260	3.578	0.098	0.010	0.000	89.480	10.354	
9.7100	C1309R16	500	1.801841	0.007216	2021-08-19 21:56:26	10.048	0.000	0.326	2.251	3.750	3.606	0.096	0.019	0.000	100.000	100.000	
9.0590	O1809R32	500	0.925399	0.001732	2021-08-19 21:56:37	10.671	0.000	0.321	3.266	3.367	3.608	0.105	0.005	0.000	18.537	0.100	
9.2100	CO209R32	500	1.059930	0.001671	2021-08-19 21:56:49	12.348	0.000	0.322	2.963	5.372	3.590	0.097	0.004	0.000	72.194	0.100	
9.6980	C1309R18	500	1.769721	0.002086	2021-08-19 21:57:01	11.744	0.000	0.310	2.366	5.312	3.630	0.109	0.016	0.000	100.000	100.000	
9.0510	O1809R34	500	0.906010	0.002863	2021-08-19 21:57:12	11.268	0.000	0.317	3.665	3.607	3.563	0.097	0.018	0.000	21.880	0.100	
9.2010	CO209R34	500	1.056198	0.000695	2021-08-19 21:57:25	12.609	0.000	0.316	3.365	5.273	3.540	0.093	0.021	0.000	70.380	0.100	
9.6860	C1309R20	500	1.640868	0.007880	2021-08-19 21:57:37	11.336	0.000	0.310	2.350	4.971	3.588	0.097	0.021	0.000	100.000	100.000	
9.0420	O1809R36	500	0.880801	0.002380	2021-08-19 21:57:48	11.502	0.000	0.331	3.866	3.628	3.561	0.095	0.022	0.000	22.254	0.100	
9.6750	C1309R22	500	1.561975	0.004905	2021-08-19 21:58:00	11.296	0.000	0.323	2.279	4.922	3.602	0.143	0.028	0.000	100.000	100.000	
9.3170	CO209R12	500	0.955716	0.005855	2021-08-19 21:58:20	19.461	0.000	0.341	4.468	5.209	9.318	0.108	0.017	0.000	90.000	17.838	
9.6630	C1309R24	500	1.532276	0.003122	2021-08-19 21:58:29	9.726	0.000	0.321	2.179	3.526	3.590	0.105	0.004	0.000	100.000	100.000	
9.0340	O1809R38	500	0.822410	0.001629	2021-08-19 21:58:41	11.231	0.000	0.317	3.769	3.447	3.566	0.116	0.015	0.000	27.588	0.100	
9.6520	C1309R26	500	1.432857	0.004139	2021-08-19 21:58:50	9.804	0.000	0.314	2.245	3.555	3.583	0.090	0.018	0.000	100.000	100.000	
9.0260	O1809R40	500	0.834474	0.001856	2021-08-19 21:59:06	12.583	0.000	0.316	5.248	3.361	3.546	0.094	0.018	0.000	47.760	0.100	
9.6420	C1309R28	-1	-1000000.000000	-1.000000	2021-08-19 22:01:04	0.000	0.000	0.000	0.000	0.000	0.000	0.000	0.000	0.000	-1.000	-1.000	
9.0180	O1809R42	-1	-1000000.000000	-1.000000	2021-08-19 22:01:41	0.000	0.000	0.000	0.000	0.000	0.000	0.000	0.000	0.000	-1.000	-1.000	
10.6640	O1810P36	500	2.320421	0.002329	2021-08-19 22:02:11	9.409	0.000	0.324	2.260	3.165	3.546	0.094	0.020	0.000	100.000	100.000	
9.6310	C1309R30	-1	-1000000.000000	-1.000000	2021-08-19 22:03:13	0.000	0.000	0.000	0.000	0.000	0.000	0.000	0.000	0.000	-1.000	-1.000	
10.1220	O1810R36	-1	-1000000.000000	-1.000000	2021-08-19 22:04:54	0.000	0.000	0.000	0.000	0.000	0.000	0.000	0.000	0.000	-1.000	-1.000	
9.6210	C1309R32	-1	1.279101	0.029749	2021-08-19 22:05:16	0.000	0.000	0.000	0.000	0.000	0.000	0.000	0.000	0.000	-1.000	-1.000	
9.6110	C1309R34	-1	-1000000.000000	-1.000000	2021-08-19 22:07:16	0.000	0.000	0.000	0.000	0.000	0.000	0.000	0.000	0.000	-1.000	-1.000	
9.5520	O1809P46	-1	-1000000.000000	-1.000000	2021-08-19 22:07:43	0.000	0.000	0.000	0.000	0.000	0.000	0.000	0.000	0.000	-1.000	-1.000	
9.0950	O1809R24	500	1.036864	0.002277	2021-08-19 22:08:11	13.215	0.000	0.319	5.681	3.490	3.606	0.098	0.020	0.000	32.301	0.100	
10.1520	C1309P36	-1	-1000000.000000	-1.000000	2021-08-19 22:09:19	0.000	0.000	0.000	0.000	0.000	0.000	0.000	0.000	0.000	-1.000	-1.000	
9.0180	O1809R42	-1	-1000000.000000	-1.000000	2021-08-19 22:10:56	0.000	0.000	0.000	0.000	0.000	0.000	0.000	0.000	0.000	-1.000	-1.000	
10.1310	C1309P34	-1	-1000000.000000	-1.000000	2021-08-19 22:11:13	0.000	0.000	0.000	0.000	0.000	0.000	0.000	0.000	0.000	-1.000	-1.000	
9.7620	C1309R08	-1	-1000000.000000	-1.000000	2021-08-19 22:12:47	0.000	0.000	0.000	0.000	0.000	0.000	0.000	0.000	0.000	-1.000	-1.000	
9.6420	C1309R28	-1	-1000000.000000	-1.000000	2021-08-19 22:14:41	0.000	0.000	0.000	0.000	0.000	0.000	0.000	0.000	0.000	-1.000	-1.000	
9.6310	C1309R30	0	NaN	NaN	2021-08-19 22:16:02	60.976	0.000	0.313	8.118	29.607	22.935	0.003	0.000	0.000	100.000	100.000	
9.6210	C1309R32	500	1.279101	0.029749	2021-08-19 22:17:51	15.658	0.000	0.323	6.645	5.003	3.521	0.153	0.012	0.000	100.000	100.000	
9.6110	C1309R34	0	NaN	NaN	2021-08-19 22:18:19	6.507	0.000	0.341	6.163	0.000	0.000	0.002	0.000	0.000	100.000	100.000	
