Wavelength	Line name	# of completed ringdowns	Ringdowntimes (us)	STOT	TimeStamp	Get ringdown time (s)	Step time (s)	Step time (s)	Step time(s)	Step time(s) 	Step time(s) 	Step time(s)	Step time(s)	Step time(s) 	AOM setting	Attenuator setting
10.8110	CO210P40	500	1.947874	0.001205	2021-08-20 14:09:48	10.362	0.000	0.325	1.865	4.648	3.462	0.045	0.016	0.000	100.000	100.000	
10.7870	CO210P38	500	2.122810	0.000967	2021-08-20 14:10:18	10.645	0.000	0.325	2.360	4.388	3.513	0.031	0.027	0.000	100.000	100.000	
10.7640	CO210P36	500	2.094545	0.000934	2021-08-20 14:10:49	13.293	0.000	0.315	4.282	5.124	3.509	0.043	0.019	0.000	81.111	71.508	
10.7410	CO210P34	500	2.152089	0.000852	2021-08-20 14:11:20	11.724	0.000	0.319	3.855	3.949	3.536	0.044	0.021	0.000	83.333	76.299	
10.7190	CO210P32	500	2.177041	0.000893	2021-08-20 14:11:50	12.094	0.000	0.311	3.265	4.908	3.542	0.046	0.022	0.000	90.000	91.717	
11.2390	C1310P28	500	1.423204	0.001396	2021-08-20 14:11:59	9.378	0.000	0.340	2.671	2.787	3.504	0.060	0.016	0.000	100.000	100.000	
10.6960	CO210P30	500	2.276185	0.000795	2021-08-20 14:12:16	12.318	0.000	0.332	3.576	4.841	3.499	0.050	0.020	0.000	90.000	92.754	
10.6640	O1810P36	-1	-1000000.000000	-1.000000	2021-08-20 14:12:24	0.000	0.000	0.000	0.000	0.000	0.000	0.000	0.000	0.000	-1.000	-1.000	
11.2160	C1310P26	500	1.464771	0.001434	2021-08-20 14:12:43	10.926	0.000	0.316	3.164	3.846	3.527	0.051	0.021	0.000	92.604	100.000	
10.6750	CO210P28	500	2.316890	0.001565	2021-08-20 14:12:54	11.637	0.000	0.334	2.369	5.357	3.501	0.057	0.018	0.000	100.000	100.000	
10.6530	CO210P26	500	2.356615	0.002584	2021-08-20 14:13:24	11.844	0.000	0.328	2.277	5.673	3.493	0.052	0.020	0.000	100.000	100.000	
10.6320	CO210P24	500	2.393544	0.003689	2021-08-20 14:13:54	11.689	0.000	0.338	2.364	5.388	3.535	0.054	0.010	0.000	100.000	100.000	
10.6430	O1810P34	-1	-1000000.000000	-1.000000	2021-08-20 14:14:16	0.000	0.000	0.000	0.000	0.000	0.000	0.000	0.000	0.000	-1.000	-1.000	
10.6110	CO210P22	500	2.438397	0.002861	2021-08-20 14:14:23	9.277	0.000	0.319	1.354	4.025	3.506	0.053	0.019	0.000	100.000	100.000	
10.5910	CO210P20	500	2.477756	0.007319	2021-08-20 14:14:51	10.050	0.000	0.325	1.564	5.465	2.621	0.055	0.019	0.000	100.000	100.000	
10.6220	O1810P32	500	2.431742	0.000993	2021-08-20 14:15:01	8.962	0.000	0.319	2.047	2.964	3.554	0.060	0.018	0.000	100.000	100.000	
11.1940	C1310P24	-1	-1000000.000000	-1.000000	2021-08-20 14:15:07	0.000	0.000	0.000	0.000	0.000	0.000	0.000	0.000	0.000	-1.000	-1.000	
10.5710	CO210P18	500	2.474342	0.004181	2021-08-20 14:15:16	10.719	0.000	0.321	1.354	5.458	3.505	0.061	0.021	0.000	100.000	100.000	
10.6020	O1810P30	500	2.473587	0.000671	2021-08-20 14:15:26	9.528	0.000	0.322	2.165	3.435	3.535	0.059	0.012	0.000	100.000	100.000	
11.1710	C1310P22	510	1.520679	0.002087	2021-08-20 14:16:00	33.880	0.000	0.319	3.948	15.252	14.274	0.065	0.021	0.000	90.000	70.929	
10.5820	O1810P28	500	2.480432	0.000739	2021-08-20 14:16:11	10.888	0.000	0.315	3.552	3.462	3.479	0.062	0.018	0.000	90.000	94.419	
10.5510	CO210P16	500	2.519597	0.002750	2021-08-20 14:16:21	10.228	0.000	0.339	1.564	4.735	3.502	0.068	0.020	0.000	100.000	100.000	
10.5630	O1810P26	500	2.530914	0.000743	2021-08-20 14:16:37	11.560	0.000	0.317	5.150	2.444	3.564	0.063	0.021	0.000	85.556	76.869	
10.5320	CO210P14	500	2.389338	0.008880	2021-08-20 14:16:48	10.803	0.000	0.325	1.867	5.010	3.519	0.062	0.020	0.000	100.000	100.000	
10.5430	O1810P24	500	2.438900	0.000714	2021-08-20 14:17:04	11.988	0.000	0.319	4.366	3.668	3.547	0.064	0.024	0.000	85.556	77.714	
10.5130	CO210P12	500	2.598599	0.001111	2021-08-20 14:17:14	10.429	0.000	0.317	1.767	4.756	3.515	0.063	0.012	0.000	100.000	100.000	
11.1490	C1310P20	500	1.546856	0.001378	2021-08-20 14:17:30	12.867	0.000	0.318	5.086	3.815	3.553	0.077	0.018	0.000	90.000	85.852	
10.5250	O1810P22	500	2.543544	0.000737	2021-08-20 14:17:41	11.280	0.000	0.317	3.870	3.460	3.548	0.063	0.022	0.000	88.637	88.146	
10.4940	CO210P10	500	2.644647	0.004105	2021-08-20 14:17:52	10.698	0.000	0.344	1.755	4.113	4.401	0.063	0.022	0.000	100.000	100.000	
10.5060	O1810P20	500	2.577604	0.000737	2021-08-20 14:18:06	10.683	0.000	0.331	3.067	3.676	3.527	0.063	0.019	0.000	85.000	76.325	
10.4760	CO210P08	500	2.701828	0.003425	2021-08-20 14:18:18	10.239	0.000	0.330	1.784	4.434	3.561	0.108	0.021	0.000	100.000	100.000	
10.4880	O1810P18	500	2.546974	0.000658	2021-08-20 14:18:32	11.727	0.000	0.319	4.378	3.391	3.544	0.073	0.022	0.000	83.333	75.094	
10.4710	O1810P16	500	2.717203	0.000709	2021-08-20 14:19:01	10.687	0.000	0.342	2.986	3.671	3.608	0.074	0.006	0.000	87.500	74.337	
10.4580	CO210P06	500	2.752162	0.000930	2021-08-20 14:19:12	10.728	0.000	0.325	1.757	4.982	3.583	0.064	0.017	0.000	100.000	100.000	
10.4530	O1810P14	500	2.762077	0.000730	2021-08-20 14:19:27	10.784	0.000	0.333	3.951	2.871	3.545	0.065	0.020	0.000	90.000	80.354	
10.3650	CO210R04	500	2.913020	0.000726	2021-08-20 14:19:51	23.730	0.000	0.324	4.290	9.721	9.325	0.065	0.006	0.000	100.000	100.000	
11.1280	C1310P18	500	1.588918	0.003095	2021-08-20 14:20:02	11.230	0.000	0.311	2.181	5.084	3.557	0.080	0.017	0.000	100.000	100.000	
10.4360	O1810P12	500	2.814256	0.000736	2021-08-20 14:20:14	11.980	0.000	0.323	4.782	3.258	3.532	0.067	0.018	0.000	90.000	79.499	
10.3490	CO210R06	500	2.820422	0.000838	2021-08-20 14:20:24	10.289	0.000	0.319	1.764	4.582	3.542	0.066	0.016	0.000	100.000	100.000	
11.1070	C1310P16	500	1.616870	0.001214	2021-08-20 14:20:37	12.691	0.000	0.315	4.046	4.726	3.531	0.067	0.005	0.000	89.549	77.536	
10.4200	O1810P10	500	2.851647	0.000653	2021-08-20 14:20:49	11.183	0.000	0.329	3.467	3.773	3.531	0.064	0.020	0.000	90.000	80.597	
10.3340	CO210R08	500	2.908011	0.000699	2021-08-20 14:21:01	12.228	0.000	0.331	3.575	4.699	3.539	0.067	0.018	0.000	83.196	47.120	
10.4040	O1810P08	500	2.907536	0.000756	2021-08-20 14:21:10	9.121	0.000	0.336	1.969	3.200	3.533	0.065	0.018	0.000	100.000	100.000	
11.0860	C1310P14	500	1.640157	0.001166	2021-08-20 14:21:23	12.643	0.000	0.323	5.176	3.531	3.528	0.064	0.021	0.000	90.000	77.481	
10.3180	CO210R10	500	3.088079	0.000735	2021-08-20 14:21:35	12.252	0.000	0.322	3.959	4.344	3.541	0.066	0.019	0.000	84.074	40.600	
10.3030	CO210R12	500	3.047489	0.000704	2021-08-20 14:22:06	12.910	0.000	0.316	3.355	5.615	3.540	0.065	0.019	0.000	88.750	50.902	
10.2890	CO210R14	500	3.118016	0.000653	2021-08-20 14:22:36	12.872	0.000	0.323	4.383	4.514	3.566	0.068	0.018	0.000	69.520	41.350	
11.0650	C1310P12	500	1.672535	0.009635	2021-08-20 14:22:46	9.781	0.000	0.328	2.648	3.164	3.561	0.068	0.012	0.000	100.000	100.000	
10.2740	CO210R16	500	3.213411	0.000700	2021-08-20 14:23:06	16.402	0.000	0.325	7.491	4.965	3.533	0.066	0.021	0.000	87.251	33.717	
10.2780	O1810R08	500	3.277625	0.001132	2021-08-20 14:23:16	9.425	0.000	0.318	2.063	3.410	3.550	0.068	0.016	0.000	100.000	100.000	
11.0450	C1310P10	500	1.693987	0.003796	2021-08-20 14:23:25	9.172	0.000	0.326	2.091	3.141	3.528	0.065	0.021	0.000	100.000	100.000	
10.2600	CO210R18	500	3.320312	0.000598	2021-08-20 14:23:38	12.480	0.000	0.326	2.960	5.553	3.556	0.065	0.019	0.000	85.000	33.626	
10.2650	O1810R10	0	NaN	NaN	2021-08-20 14:23:40	0.440	0.000	0.321	0.117	0.000	0.000	0.002	0.000	0.000	0.100	0.100	
10.2470	CO210R20	500	2.869838	0.000685	2021-08-20 14:24:09	12.429	0.000	0.315	2.864	5.631	3.526	0.082	0.011	0.000	73.704	48.544	
10.2520	O1810R12	500	3.338129	0.005777	2021-08-20 14:24:18	9.013	0.000	0.322	2.383	2.688	3.532	0.067	0.021	0.000	100.000	100.000	
10.2330	CO210R22	500	3.355319	0.000613	2021-08-20 14:24:35	11.163	0.000	0.323	2.976	4.280	3.502	0.064	0.018	0.000	75.350	42.843	
10.2400	O1810R14	500	3.404463	0.000559	2021-08-20 14:24:46	11.281	0.000	0.322	3.970	3.372	3.538	0.065	0.014	0.000	90.000	77.040	
11.0250	C1310P08	500	1.725490	0.001989	2021-08-20 14:24:57	10.808	0.000	0.315	3.849	3.020	3.551	0.070	0.002	0.000	89.549	91.869	
10.2200	CO210R24	500	3.405784	0.000614	2021-08-20 14:25:10	12.114	0.000	0.327	3.867	4.303	3.533	0.069	0.015	0.000	85.659	37.690	
10.2280	O1810R16	500	3.416944	0.000576	2021-08-20 14:25:21	11.021	0.000	0.321	3.367	3.691	3.555	0.067	0.019	0.000	87.500	68.786	
10.2070	CO210R26	500	3.454405	0.000593	2021-08-20 14:25:36	12.199	0.000	0.319	3.452	4.834	3.511	0.065	0.019	0.000	73.125	45.319	
10.2160	O1810R18	500	3.466869	0.000573	2021-08-20 14:25:46	9.943	0.000	0.317	2.354	3.638	3.548	0.067	0.018	0.000	80.000	63.236	
10.1950	CO210R28	500	3.526447	0.000532	2021-08-20 14:26:05	13.949	0.000	0.311	4.761	5.251	3.540	0.068	0.018	0.000	90.000	35.471	
10.2040	O1810R20	500	3.509801	0.000614	2021-08-20 14:26:15	10.413	0.000	0.318	3.247	3.247	3.513	0.065	0.022	0.000	87.500	50.008	
11.0050	C1310P06	500	1.705071	0.002168	2021-08-20 14:26:26	10.572	0.000	0.335	2.565	4.054	3.536	0.068	0.014	0.000	100.000	100.000	
10.1820	CO210R30	500	3.530198	0.000590	2021-08-20 14:26:38	11.467	0.000	0.320	2.562	4.960	3.537	0.070	0.017	0.000	70.000	52.944	
10.1930	O1810R22	500	3.564359	0.000514	2021-08-20 14:26:51	12.904	0.000	0.319	5.163	3.814	3.528	0.068	0.011	0.000	88.244	54.299	
10.8840	C1310R06	500	1.933842	0.001141	2021-08-20 14:27:02	11.435	0.000	0.322	3.777	3.688	3.562	0.069	0.018	0.000	100.000	100.000	
10.1820	O1810R24	500	3.537830	0.000539	2021-08-20 14:27:13	10.949	0.000	0.342	3.263	3.720	3.539	0.066	0.018	0.000	85.000	56.761	
10.1700	CO210R32	500	3.594867	0.000618	2021-08-20 14:27:27	13.581	0.000	0.332	4.250	5.393	3.520	0.066	0.020	0.000	70.800	54.668	
10.8670	C1310R08	500	1.972990	0.001149	2021-08-20 14:27:37	10.155	0.000	0.314	2.762	3.428	3.561	0.070	0.018	0.000	100.000	100.000	
10.1710	O1810R26	500	3.602503	0.000546	2021-08-20 14:27:48	10.768	0.000	0.325	3.864	2.945	3.546	0.069	0.019	0.000	87.500	61.386	
10.8500	C1310R10	500	1.989577	0.000924	2021-08-20 14:28:02	13.412	0.000	0.314	5.264	4.194	3.551	0.069	0.021	0.000	90.000	73.071	
10.1610	O1810R28	500	3.562526	0.000631	2021-08-20 14:28:13	10.884	0.000	0.325	3.570	3.359	3.546	0.068	0.017	0.000	76.667	61.988	
10.1590	CO210R34	500	3.551050	0.000586	2021-08-20 14:28:26	13.200	0.000	0.317	5.047	4.219	3.533	0.070	0.013	0.000	88.244	38.898	
10.8330	C1310R12	500	2.050605	0.000915	2021-08-20 14:28:39	13.299	0.000	0.319	5.259	4.112	3.531	0.069	0.009	0.000	90.142	93.818	
10.1500	O1810R30	500	3.641858	0.000487	2021-08-20 14:28:50	10.777	0.000	0.319	3.860	2.979	3.534	0.067	0.018	0.000	89.432	83.564	
10.8160	C1310R14	500	2.084051	0.000972	2021-08-20 14:29:05	10.072	0.000	0.313	2.054	4.072	3.546	0.071	0.016	0.000	100.000	100.000	
10.1470	CO210R36	500	3.611066	0.000633	2021-08-20 14:29:17	11.856	0.000	0.326	2.765	5.139	3.543	0.067	0.016	0.000	60.000	60.000	
10.8000	C1310R16	500	2.107562	0.000935	2021-08-20 14:29:30	11.271	0.000	0.315	2.863	4.474	3.539	0.069	0.011	0.000	96.424	100.000	
10.1410	O1810R32	0	NaN	NaN	2021-08-20 14:29:32	0.418	0.000	0.312	0.103	0.000	0.000	0.002	0.000	0.000	0.100	0.100	
10.1360	CO210R38	500	3.549443	0.000502	2021-08-20 14:29:47	16.502	0.000	0.315	3.662	8.883	3.526	0.104	0.013	0.000	84.136	58.806	
10.1310	O1810R34	-1	-1000000.000000	-1.000000	2021-08-20 14:30:03	0.000	0.000	0.000	0.000	0.000	0.000	0.000	0.000	0.000	-1.000	-1.000	
10.7840	C1310R18	500	2.016150	0.000912	2021-08-20 14:30:01	13.785	0.000	0.330	5.162	4.647	3.552	0.071	0.023	0.000	90.427	93.237	
10.1250	CO210R40	500	3.594343	0.000566	2021-08-20 14:30:14	12.397	0.000	0.316	4.267	4.191	3.532	0.074	0.017	0.000	90.000	70.359	
10.1220	O1810R36	0	NaN	NaN	2021-08-20 14:30:16	0.428	0.000	0.324	0.102	0.000	0.000	0.002	0.000	0.000	0.100	0.100	
10.7680	C1310R20	500	2.098233	0.001057	2021-08-20 14:30:26	11.282	0.000	0.320	3.462	3.809	3.570	0.115	0.007	0.000	89.375	90.906	
9.7530	CO209P42	500	2.840002	0.000713	2021-08-20 14:30:45	15.938	0.000	0.312	6.663	5.327	3.556	0.073	0.007	0.000	90.000	74.510	
10.7530	C1310R22	500	2.115500	0.001522	2021-08-20 14:30:54	9.210	0.000	0.314	2.148	3.086	3.573	0.073	0.017	0.000	100.000	100.000	
9.7330	CO209P40	500	2.584722	0.000693	2021-08-20 14:31:10	12.458	0.000	0.320	3.762	4.753	3.531	0.071	0.020	0.000	90.000	51.079	
10.7380	C1310R24	500	2.115501	0.001156	2021-08-20 14:31:20	10.182	0.000	0.312	2.397	3.818	3.567	0.069	0.019	0.000	100.000	100.000	
9.7140	CO209P38	500	2.544425	0.000733	2021-08-20 14:31:37	13.949	0.000	0.315	4.954	5.052	3.540	0.071	0.017	0.000	75.000	65.537	
10.7230	C1310R26	500	2.199081	0.000925	2021-08-20 14:31:47	10.604	0.000	0.323	2.262	4.359	3.582	0.073	0.005	0.000	100.000	100.000	
9.6950	CO209P36	500	2.488351	0.000698	2021-08-20 14:32:05	16.114	0.000	0.324	7.666	4.482	3.554	0.072	0.016	0.000	88.311	39.092	
10.7080	C1310R28	500	2.234003	0.001219	2021-08-20 14:32:16	11.213	0.000	0.315	2.864	4.370	3.578	0.072	0.014	0.000	100.000	100.000	
9.6750	CO209P34	500	2.148413	0.000805	2021-08-20 14:32:31	13.503	0.000	0.320	4.191	5.362	3.534	0.076	0.020	0.000	87.500	35.721	
10.6940	C1310R30	500	2.274257	0.002406	2021-08-20 14:32:43	12.075	0.000	0.328	1.997	6.120	3.537	0.071	0.022	0.000	100.000	100.000	
9.5520	O1809P46	-1	-1000000.000000	-1.000000	2021-08-20 14:32:59	0.000	0.000	0.000	0.000	0.000	0.000	0.000	0.000	0.000	-1.000	-1.000	
9.6570	CO209P32	500	2.466915	0.000768	2021-08-20 14:32:57	13.917	0.000	0.318	4.465	5.486	3.565	0.075	0.007	0.000	88.750	24.967	
10.6800	C1310R32	500	2.307496	0.001189	2021-08-20 14:33:08	10.221	0.000	0.342	2.760	3.451	3.574	0.077	0.017	0.000	100.000	100.000	
9.5360	O1809P44	500	2.375373	0.000698	2021-08-20 14:33:24	13.768	0.000	0.326	6.479	3.224	3.594	0.119	0.025	0.000	90.000	86.073	
10.6660	C1310R34	500	2.319433	0.001734	2021-08-20 14:33:34	10.453	0.000	0.315	1.668	4.750	3.611	0.091	0.018	0.000	100.000	100.000	
9.6390	CO209P30	500	2.405796	0.000759	2021-08-20 14:33:48	13.250	0.000	0.315	3.871	5.413	3.548	0.086	0.016	0.000	85.000	24.964	
9.5190	O1809P42	500	2.330948	0.000746	2021-08-20 14:34:00	12.091	0.000	0.311	4.393	3.736	3.554	0.076	0.021	0.000	90.000	25.436	
10.6520	C1310R36	500	2.348657	0.001599	2021-08-20 14:34:10	10.035	0.000	0.330	2.064	4.000	3.546	0.074	0.021	0.000	100.000	100.000	
9.6210	CO209P28	500	2.393998	0.000788	2021-08-20 14:34:24	13.633	0.000	0.337	4.579	5.029	3.586	0.077	0.024	0.000	89.375	16.820	
9.5030	O1809P40	500	2.235200	0.000750	2021-08-20 14:34:36	11.863	0.000	0.321	5.162	2.719	3.569	0.076	0.016	0.000	90.000	13.300	
10.6390	C1310R38	500	2.378369	0.001441	2021-08-20 14:34:46	9.991	0.000	0.316	2.263	3.722	3.593	0.079	0.019	0.000	100.000	100.000	
9.6040	CO209P26	500	2.452738	0.000738	2021-08-20 14:35:00	14.276	0.000	0.317	5.083	5.193	3.582	0.081	0.019	0.000	90.000	16.164	
9.4880	O1809P38	500	2.266274	0.000787	2021-08-20 14:35:10	8.829	0.000	0.321	2.143	2.670	3.596	0.077	0.022	0.000	90.000	0.188	
10.6260	C1310R40	500	2.351582	0.002344	2021-08-20 14:35:20	9.520	0.000	0.313	2.261	3.306	3.548	0.075	0.018	0.000	100.000	100.000	
9.5880	CO209P24	500	2.463004	0.000825	2021-08-20 14:35:34	13.500	0.000	0.309	4.465	5.056	3.576	0.078	0.017	0.000	70.000	15.180	
9.4720	O1809P36	500	2.207901	0.000726	2021-08-20 14:35:47	12.565	0.000	0.313	4.669	3.897	3.591	0.078	0.016	0.000	79.323	0.100	
9.5690	CO209P22	500	2.427658	0.000823	2021-08-20 14:36:01	14.094	0.000	0.327	4.659	5.424	3.588	0.078	0.019	0.000	90.000	14.635	
9.4570	O1809P34	500	2.093734	0.000816	2021-08-20 14:36:12	10.447	0.000	0.322	3.161	3.283	3.583	0.079	0.019	0.000	74.918	0.100	
9.5520	CO209P20	500	2.435685	0.000749	2021-08-20 14:36:30	15.598	0.000	0.323	7.461	4.166	3.553	0.076	0.020	0.000	90.000	12.921	
9.4410	O1809P32	500	2.123009	0.000844	2021-08-20 14:36:41	11.332	0.000	0.319	3.949	3.411	3.560	0.074	0.018	0.000	54.584	0.100	
9.5360	CO209P18	500	2.363152	0.000723	2021-08-20 14:36:58	14.719	0.000	0.323	5.467	5.265	3.571	0.078	0.015	0.000	90.000	13.419	
9.4270	O1809P30	500	2.087406	0.000752	2021-08-20 14:37:08	10.415	0.000	0.314	2.866	3.604	3.542	0.074	0.016	0.000	60.000	0.100	
10.1520	C1309P36	-1	-1000000.000000	-1.000000	2021-08-20 14:37:21	0.000	0.000	0.000	0.000	0.000	0.000	0.000	0.000	0.000	-1.000	-1.000	
9.5200	CO209P16	500	2.313700	0.000773	2021-08-20 14:37:38	27.247	0.000	0.332	18.361	4.884	3.578	0.078	0.015	0.000	90.000	11.253	
9.4120	O1809P28	500	1.982184	0.000827	2021-08-20 14:37:49	10.958	0.000	0.313	3.448	3.553	3.550	0.075	0.019	0.000	58.338	0.100	
9.5040	CO209P14	500	2.220575	0.000819	2021-08-20 14:38:05	13.435	0.000	0.320	4.779	4.671	3.570	0.077	0.018	0.000	90.000	12.618	
9.3970	O1809P26	500	1.947143	0.000852	2021-08-20 14:38:17	11.869	0.000	0.318	4.262	3.653	3.553	0.062	0.021	0.000	51.051	0.100	
9.4880	CO209P12	500	2.238227	0.000779	2021-08-20 14:38:31	11.781	0.000	0.315	3.249	4.582	3.543	0.072	0.020	0.000	64.906	0.100	
9.3830	O1809P24	500	1.759018	0.000945	2021-08-20 14:38:41	9.925	0.000	0.324	3.167	2.747	3.592	0.079	0.016	0.000	47.606	0.100	
9.4730	CO209P10	500	2.152985	0.000835	2021-08-20 14:39:03	18.275	0.000	0.318	9.160	5.096	3.609	0.080	0.012	0.000	90.000	11.952	
10.1310	C1309P34	-1	-1000000.000000	-1.000000	2021-08-20 14:39:13	0.000	0.000	0.000	0.000	0.000	0.000	0.000	0.000	0.000	-1.000	-1.000	
9.3690	O1809P22	500	1.808893	0.000870	2021-08-20 14:39:15	11.725	0.000	0.324	3.882	3.849	3.578	0.078	0.014	0.000	48.064	0.100	
9.4580	CO209P08	500	2.117902	0.000860	2021-08-20 14:39:26	11.160	0.000	0.314	2.265	4.932	3.557	0.077	0.015	0.000	90.000	12.561	
9.3550	O1809P20	500	1.786737	0.000954	2021-08-20 14:39:40	11.557	0.000	0.314	3.978	3.603	3.563	0.078	0.021	0.000	41.173	0.100	
10.1100	C1309P32	500	3.714640	0.001904	2021-08-20 14:39:50	10.013	0.000	0.317	2.463	3.563	3.572	0.079	0.020	0.000	100.000	100.000	
9.3540	CO209R06	500	1.781275	0.000984	2021-08-20 14:40:04	13.315	0.000	0.323	4.260	5.062	3.572	0.080	0.018	0.000	65.945	0.100	
9.3410	O1809P18	500	1.717275	0.000900	2021-08-20 14:40:15	11.317	0.000	0.335	4.265	3.058	3.564	0.076	0.019	0.000	43.067	0.100	
10.0900	C1309P30	500	3.703126	0.001835	2021-08-20 14:40:27	11.035	0.000	0.319	2.361	4.673	3.585	0.079	0.018	0.000	100.000	100.000	
9.3280	O1809P16	500	1.658170	0.000825	2021-08-20 14:40:38	11.517	0.000	0.326	4.767	2.746	3.581	0.080	0.017	0.000	47.583	0.100	
10.0700	C1309P28	500	3.707622	0.000889	2021-08-20 14:40:50	11.077	0.000	0.321	2.680	4.398	3.582	0.079	0.017	0.000	100.000	100.000	
9.3150	O1809P14	500	1.610849	0.001049	2021-08-20 14:41:01	11.453	0.000	0.331	3.861	3.613	3.555	0.076	0.018	0.000	50.000	0.100	
10.0500	C1309P26	500	3.695457	0.000736	2021-08-20 14:41:13	11.674	0.000	0.317	2.948	4.723	3.590	0.081	0.016	0.000	100.000	100.000	
9.3020	O1809P12	500	1.545719	0.000993	2021-08-20 14:41:25	11.746	0.000	0.322	4.166	3.589	3.572	0.077	0.019	0.000	49.507	0.100	
9.3420	CO209R08	500	1.720167	0.001095	2021-08-20 14:41:38	12.677	0.000	0.317	3.167	5.504	3.591	0.078	0.019	0.000	73.315	0.100	
9.2890	O1809P10	500	1.507936	0.001285	2021-08-20 14:41:51	13.041	0.000	0.314	5.162	3.901	3.566	0.081	0.018	0.000	46.294	0.100	
10.0310	C1309P24	500	3.652650	0.000573	2021-08-20 14:42:02	10.845	0.000	0.318	2.847	4.014	3.568	0.078	0.020	0.000	90.000	88.502	
9.2760	O1809P08	500	1.452563	0.001227	2021-08-20 14:42:13	10.998	0.000	0.326	3.666	3.334	3.577	0.076	0.019	0.000	50.000	0.100	
9.3290	CO209R10	500	1.667152	0.001068	2021-08-20 14:42:25	11.751	0.000	0.318	3.359	4.415	3.559	0.081	0.018	0.000	64.784	0.100	
10.0120	C1309P22	500	3.430323	0.000580	2021-08-20 14:42:37	11.776	0.000	0.315	3.060	4.724	3.579	0.081	0.017	0.000	100.000	100.000	
9.2640	O1809P06	500	1.408067	0.001302	2021-08-20 14:42:49	11.761	0.000	0.329	4.760	3.015	3.564	0.080	0.014	0.000	55.486	0.100	
9.9940	C1309P20	500	3.562216	0.000708	2021-08-20 14:43:02	11.562	0.000	0.319	2.651	4.908	3.592	0.079	0.012	0.000	100.000	100.000	
9.1990	O1809R04	500	1.134523	0.001283	2021-08-20 14:43:15	12.392	0.000	0.321	4.766	3.636	3.571	0.085	0.014	0.000	90.000	19.870	
9.9750	C1309P18	500	3.516006	0.000539	2021-08-20 14:43:28	12.799	0.000	0.325	3.881	4.932	3.565	0.078	0.018	0.000	90.000	93.093	
9.3170	CO209R12	0	NaN	NaN	2021-08-20 14:43:30	0.398	0.000	0.311	0.084	0.000	0.000	0.002	0.000	0.000	0.100	0.100	
9.1870	O1809R06	-1	-1000000.000000	-1.000000	2021-08-20 14:43:49	0.000	0.000	0.000	0.000	0.000	0.000	0.000	0.000	0.000	-1.000	-1.000	
9.3050	CO209R14	500	1.525774	0.001254	2021-08-20 14:43:57	12.858	0.000	0.321	3.766	5.104	3.532	0.124	0.011	0.000	68.101	0.100	
9.1760	O1809R08	500	1.060362	0.001345	2021-08-20 14:44:10	12.524	0.000	0.317	4.686	3.870	3.548	0.084	0.018	0.000	64.748	0.100	
9.9570	C1309P16	500	3.484199	0.000932	2021-08-20 14:44:21	10.468	0.000	0.316	2.690	3.798	3.553	0.088	0.022	0.000	100.000	100.000	
9.1660	O1809R10	500	1.003989	0.001560	2021-08-20 14:44:34	13.496	0.000	0.327	5.862	3.658	3.552	0.084	0.014	0.000	35.792	0.100	
9.9400	C1309P14	500	3.437492	0.000672	2021-08-20 14:44:45	11.156	0.000	0.324	2.966	4.188	3.573	0.085	0.019	0.000	100.000	100.000	
9.1550	O1809R12	500	1.017222	0.001485	2021-08-20 14:44:56	10.728	0.000	0.341	3.359	3.378	3.551	0.082	0.018	0.000	33.232	0.100	
9.2940	CO209R16	500	1.484707	0.001094	2021-08-20 14:45:09	13.210	0.000	0.327	4.385	4.821	3.577	0.082	0.019	0.000	61.532	0.100	
9.9230	C1309P12	500	3.428748	0.000592	2021-08-20 14:45:22	12.133	0.000	0.320	3.564	4.579	3.564	0.084	0.022	0.000	100.000	100.000	
9.1450	O1809R14	500	1.002669	0.001548	2021-08-20 14:45:34	12.596	0.000	0.322	4.348	4.237	3.584	0.086	0.019	0.000	38.529	0.100	
9.9060	C1309P10	500	3.459867	0.001064	2021-08-20 14:45:44	10.025	0.000	0.320	2.766	3.294	3.541	0.081	0.023	0.000	100.000	100.000	
9.2820	CO209R18	500	1.458739	0.001256	2021-08-20 14:45:59	14.543	0.000	0.342	5.066	5.471	3.560	0.083	0.020	0.000	72.074	0.100	
9.1340	O1809R16	500	0.987477	0.001861	2021-08-20 14:46:11	11.645	0.000	0.335	4.082	3.547	3.579	0.082	0.019	0.000	27.329	0.100	
9.2710	CO209R20	500	1.425270	0.001488	2021-08-20 14:46:25	12.944	0.000	0.323	4.360	4.596	3.562	0.084	0.019	0.000	50.158	0.100	
9.1250	O1809R18	500	0.979503	0.001668	2021-08-20 14:46:37	11.254	0.000	0.322	3.752	3.502	3.576	0.082	0.020	0.000	32.571	0.100	
9.2610	CO209R22	500	1.388425	0.001509	2021-08-20 14:46:52	12.375	0.000	0.321	2.966	5.445	3.542	0.080	0.021	0.000	60.000	0.100	
9.1150	O1809R20	500	0.980018	0.002021	2021-08-20 14:47:04	11.751	0.000	0.326	4.484	3.297	3.545	0.080	0.018	0.000	31.145	0.100	
9.2500	CO209R24	500	1.341007	0.001264	2021-08-20 14:47:18	13.394	0.000	0.313	4.664	4.733	3.581	0.085	0.019	0.000	57.172	0.100	
9.1050	O1809R22	500	0.970933	0.001782	2021-08-20 14:47:30	11.376	0.000	0.323	4.051	3.334	3.561	0.086	0.022	0.000	33.094	0.100	
9.7620	C1309R08	-1	-1000000.000000	-1.000000	2021-08-20 14:47:44	0.000	0.000	0.000	0.000	0.000	0.000	0.000	0.000	0.000	-1.000	-1.000	
9.2400	CO209R26	500	1.303401	0.001355	2021-08-20 14:47:44	11.925	0.000	0.327	3.263	4.682	3.549	0.084	0.020	0.000	48.768	0.100	
9.0950	O1809R24	500	0.971455	0.001395	2021-08-20 14:47:57	12.171	0.000	0.325	4.174	4.031	3.542	0.080	0.020	0.000	27.412	0.100	
9.7490	C1309R10	500	2.775755	0.001318	2021-08-20 14:48:07	10.530	0.000	0.328	2.651	3.861	3.591	0.080	0.019	0.000	100.000	100.000	
9.2300	CO209R28	500	1.259106	0.001308	2021-08-20 14:48:21	13.625	0.000	0.315	4.177	5.387	3.594	0.125	0.025	0.000	57.190	0.100	
9.0860	O1809R26	500	0.960456	0.001647	2021-08-20 14:48:32	10.342	0.000	0.314	3.272	3.079	3.570	0.097	0.010	0.000	19.470	0.100	
9.7360	C1309R12	500	2.564296	0.001992	2021-08-20 14:48:43	11.534	0.000	0.341	2.662	4.842	3.570	0.100	0.019	0.000	100.000	100.000	
9.0770	O1809R28	500	0.960943	0.001926	2021-08-20 14:48:54	10.251	0.000	0.336	2.865	3.380	3.568	0.084	0.018	0.000	24.256	0.100	
9.2190	CO209R30	500	1.127687	0.001926	2021-08-20 14:49:07	12.916	0.000	0.317	3.563	5.405	3.534	0.079	0.017	0.000	70.000	1.001	
9.7230	C1309R14	500	2.602017	0.001404	2021-08-20 14:49:18	11.461	0.000	0.319	2.650	4.771	3.618	0.087	0.016	0.000	100.000	100.000	
9.0680	O1809R30	500	0.936207	0.001781	2021-08-20 14:49:31	12.032	0.000	0.323	4.381	3.668	3.563	0.080	0.016	0.000	18.543	0.100	
9.0590	O1809R32	-1	-1000000.000000	-1.000000	2021-08-20 14:49:42	0.000	0.000	0.000	0.000	0.000	0.000	0.000	0.000	0.000	-1.000	-1.000	
9.7100	C1309R16	500	2.586264	0.001509	2021-08-20 14:49:42	11.331	0.000	0.327	2.661	4.646	3.590	0.089	0.019	0.000	100.000	100.000	
9.2100	CO209R32	500	1.178161	0.001846	2021-08-20 14:49:55	12.823	0.000	0.314	3.783	5.058	3.565	0.084	0.020	0.000	59.023	0.100	
9.6980	C1309R18	500	2.518565	0.001443	2021-08-20 14:50:06	11.214	0.000	0.316	2.649	4.590	3.574	0.085	0.000	0.000	100.000	100.000	
9.0510	O1809R34	500	0.893379	0.002107	2021-08-20 14:50:19	12.697	0.000	0.343	5.382	3.311	3.555	0.087	0.019	0.000	23.260	0.100	
9.6860	C1309R20	500	2.334232	0.001849	2021-08-20 14:50:31	11.215	0.000	0.325	2.759	4.440	3.585	0.085	0.022	0.000	100.000	100.000	
9.0420	O1809R36	500	0.869550	0.002010	2021-08-20 14:50:45	11.710	0.000	0.341	3.883	3.798	3.586	0.086	0.015	0.000	24.611	0.100	
9.6750	C1309R22	500	2.160521	0.002627	2021-08-20 14:50:57	11.807	0.000	0.317	2.667	5.159	3.563	0.084	0.015	0.000	100.000	100.000	
9.0340	O1809R38	500	0.813985	0.002384	2021-08-20 14:51:09	11.075	0.000	0.320	3.478	3.594	3.582	0.084	0.015	0.000	27.289	0.100	
9.6630	C1309R24	500	2.458137	0.001743	2021-08-20 14:51:21	11.597	0.000	0.317	2.754	4.907	3.532	0.060	0.026	0.000	100.000	100.000	
9.0260	O1809R40	500	0.827781	0.002296	2021-08-20 14:51:35	13.060	0.000	0.324	5.268	3.824	3.549	0.083	0.012	0.000	48.833	0.100	
9.6520	C1309R26	500	2.435525	0.001511	2021-08-20 14:51:47	11.479	0.000	0.314	2.765	4.760	3.537	0.082	0.021	0.000	100.000	100.000	
9.2010	CO209R34	500	1.176765	0.001316	2021-08-20 14:52:58	14.612	0.000	0.319	4.745	5.882	3.565	0.087	0.016	0.000	56.218	0.100	
9.3170	CO209R12	0	NaN	NaN	2021-08-20 14:54:22	0.425	0.000	0.321	0.101	0.000	0.000	0.002	0.000	0.000	0.100	0.100	
9.3170	CO209R12	0	NaN	NaN	2021-08-20 14:54:36	0.404	0.000	0.319	0.084	0.000	0.000	0.000	0.000	0.000	0.100	0.100	
9.0180	O1809R42	-1	-1000000.000000	-1.000000	2021-08-20 14:54:43	0.000	0.000	0.000	0.000	0.000	0.000	0.000	0.000	0.000	-1.000	-1.000	
9.6420	C1309R28	-1	-1000000.000000	-1.000000	2021-08-20 14:54:46	0.000	0.000	0.000	0.000	0.000	0.000	0.000	0.000	0.000	-1.000	-1.000	
10.6640	O1810P36	500	2.326739	0.001461	2021-08-20 14:56:14	8.784	0.000	0.313	2.364	2.400	3.568	0.126	0.012	0.000	100.000	100.000	
10.6430	O1810P34	500	3.940465	0.933728	2021-08-20 14:56:41	9.830	0.000	0.324	2.276	3.555	3.575	0.085	0.015	0.000	100.000	100.000	
9.6310	C1309R30	-1	-1000000.000000	-1.000000	2021-08-20 14:56:45	0.000	0.000	0.000	0.000	0.000	0.000	0.000	0.000	0.000	-1.000	-1.000	
10.2650	O1810R10	500	3.296322	0.000627	2021-08-20 14:57:06	9.460	0.000	0.312	2.363	3.104	3.585	0.089	0.007	0.000	100.000	100.000	
9.6210	C1309R32	-1	-1000000.000000	-1.000000	2021-08-20 14:58:41	0.000	0.000	0.000	0.000	0.000	0.000	0.000	0.000	0.000	-1.000	-1.000	
10.1410	O1810R32	500	3.563513	0.000799	2021-08-20 14:59:58	9.723	0.000	0.318	2.362	3.365	3.580	0.081	0.018	0.000	100.000	100.000	
9.6110	C1309R34	-1	-1000000.000000	-1.000000	2021-08-20 15:00:37	0.000	0.000	0.000	0.000	0.000	0.000	0.000	0.000	0.000	-1.000	-1.000	
10.1310	O1810R34	500	3.656248	0.001601	2021-08-20 15:01:27	8.306	0.000	0.326	1.950	2.319	3.607	0.087	0.016	0.000	100.000	100.000	
11.1940	C1310P24	500	1.489867	0.004204	2021-08-20 15:03:22	30.178	0.000	0.317	4.424	4.513	20.779	0.117	0.027	0.000	100.000	100.000	
10.1220	O1810R36	-1	-1000000.000000	-1.000000	2021-08-20 15:04:07	0.000	0.000	0.000	0.000	0.000	0.000	0.000	0.000	0.000	-1.000	-1.000	
10.1520	C1309P36	-1	-1000000.000000	-1.000000	2021-08-20 15:05:36	0.000	0.000	0.000	0.000	0.000	0.000	0.000	0.000	0.000	-1.000	-1.000	
9.5520	O1809P46	-1	-1000000.000000	-1.000000	2021-08-20 15:06:59	0.000	0.000	0.000	0.000	0.000	0.000	0.000	0.000	0.000	-1.000	-1.000	
9.1870	O1809R06	-1	-1000000.000000	-1.000000	2021-08-20 15:07:12	0.000	0.000	0.000	0.000	0.000	0.000	0.000	0.000	0.000	-1.000	-1.000	
10.1310	C1309P34	-1	-1000000.000000	-1.000000	2021-08-20 15:07:34	0.000	0.000	0.000	0.000	0.000	0.000	0.000	0.000	0.000	-1.000	-1.000	
9.0590	O1809R32	500	0.906815	0.001644	2021-08-20 15:07:34	10.721	0.000	0.331	2.947	3.742	3.582	0.100	0.019	0.000	19.141	0.100	
9.7620	C1309R08	-1	-1000000.000000	-1.000000	2021-08-20 15:09:41	0.000	0.000	0.000	0.000	0.000	0.000	0.000	0.000	0.000	-1.000	-1.000	
9.0180	O1809R42	-1	-1000000.000000	-1.000000	2021-08-20 15:10:17	0.000	0.000	0.000	0.000	0.000	0.000	0.000	0.000	0.000	-1.000	-1.000	
9.6420	C1309R28	500	2.417663	0.002717	2021-08-20 15:11:51	9.044	0.000	0.315	2.347	2.715	3.564	0.080	0.023	0.000	100.000	100.000	
9.6310	C1309R30	-1	-1000000.000000	-1.000000	2021-08-20 15:13:25	0.000	0.000	0.000	0.000	0.000	0.000	0.000	0.000	0.000	-1.000	-1.000	
9.6210	C1309R32	-1	-1000000.000000	-1.000000	2021-08-20 15:14:57	0.000	0.000	0.000	0.000	0.000	0.000	0.000	0.000	0.000	-1.000	-1.000	
9.6110	C1309R34	-1	-1000000.000000	-1.000000	2021-08-20 15:16:28	0.000	0.000	0.000	0.000	0.000	0.000	0.000	0.000	0.000	-1.000	-1.000	
