Wavelength	Line name	# of completed ringdowns	Ringdowntimes (us)	STOT	TimeStamp	Get ringdown time (s)	Step time (s)	Step time (s)	Step time(s)	Step time(s) 	Step time(s) 	Step time(s)	Step time(s)	Step time(s) 	AOM setting	Attenuator setting
10.8110	CO210P40	500	1.826972	0.005180	2021-08-20 10:51:35	11.536	0.000	0.326	2.443	5.230	3.454	0.071	0.012	0.000	100.000	100.000	
10.7870	CO210P38	500	1.924248	0.001007	2021-08-20 10:52:08	13.809	0.000	0.341	4.272	5.627	3.505	0.041	0.023	0.000	90.000	89.121	
11.2390	C1310P28	500	1.396646	0.001442	2021-08-20 10:52:22	11.540	0.000	0.317	2.477	5.042	3.638	0.044	0.021	0.000	90.373	95.414	
10.7640	CO210P36	500	1.878318	0.008157	2021-08-20 10:52:32	10.147	0.000	0.315	2.582	3.572	3.615	0.048	0.015	0.000	100.000	100.000	
10.6640	O1810P36	-1	-1000000.000000	-1.000000	2021-08-20 10:52:37	0.000	0.000	0.000	0.000	0.000	0.000	0.000	0.000	0.000	-1.000	-1.000	
10.7410	CO210P34	500	1.882335	0.002156	2021-08-20 10:53:02	11.030	0.000	0.323	2.351	4.799	3.495	0.037	0.024	0.000	100.000	100.000	
10.6430	O1810P34	500	1.852223	0.002967	2021-08-20 10:53:11	9.249	0.000	0.340	1.969	3.364	3.516	0.048	0.012	0.000	100.000	100.000	
10.7190	CO210P32	500	1.860462	0.001024	2021-08-20 10:53:28	10.769	0.000	0.320	2.362	4.531	3.496	0.047	0.013	0.000	100.000	100.000	
10.6220	O1810P32	500	1.866386	0.001694	2021-08-20 10:53:38	9.562	0.000	0.320	1.995	3.676	3.511	0.041	0.019	0.000	100.000	100.000	
10.6960	CO210P30	500	1.862874	0.001361	2021-08-20 10:53:53	10.777	0.000	0.330	2.300	4.605	3.481	0.040	0.020	0.000	100.000	100.000	
10.6020	O1810P30	500	1.879330	0.001247	2021-08-20 10:54:03	9.549	0.000	0.321	2.155	3.512	3.502	0.038	0.021	0.000	100.000	100.000	
10.6750	CO210P28	500	1.853625	0.013251	2021-08-20 10:54:19	11.004	0.000	0.327	3.066	4.875	2.673	0.044	0.018	0.000	100.000	100.000	
11.2160	C1310P26	-1	-1000000.000000	-1.000000	2021-08-20 10:54:28	0.000	0.000	0.000	0.000	0.000	0.000	0.000	0.000	0.000	-1.000	-1.000	
10.5820	O1810P28	500	1.884240	0.000891	2021-08-20 10:54:29	9.563	0.000	0.325	2.270	3.389	3.518	0.042	0.019	0.000	100.000	100.000	
10.6530	CO210P26	500	1.841411	0.006407	2021-08-20 10:54:45	10.525	0.000	0.322	2.363	4.320	3.476	0.036	0.008	0.000	100.000	100.000	
10.5630	O1810P26	500	1.910829	0.000826	2021-08-20 10:54:56	10.522	0.000	0.334	3.265	3.380	3.488	0.040	0.014	0.000	90.000	98.463	
10.6320	CO210P24	500	1.867631	0.015194	2021-08-20 10:55:10	10.370	0.000	0.313	2.266	4.222	3.514	0.047	0.008	0.000	100.000	100.000	
10.5430	O1810P24	500	1.863123	0.000923	2021-08-20 10:55:20	9.585	0.000	0.328	2.352	3.364	3.488	0.039	0.013	0.000	100.000	100.000	
10.6110	CO210P22	500	1.861479	0.002347	2021-08-20 10:55:34	9.842	0.000	0.314	1.381	4.597	3.493	0.046	0.011	0.000	100.000	100.000	
10.5250	O1810P22	500	1.892127	0.001221	2021-08-20 10:55:44	9.413	0.000	0.320	2.267	3.279	3.497	0.047	0.004	0.000	100.000	100.000	
10.5910	CO210P20	500	1.878775	0.003966	2021-08-20 10:56:00	10.081	0.000	0.315	1.590	4.624	3.495	0.040	0.017	0.000	100.000	100.000	
10.5060	O1810P20	500	1.884462	0.000765	2021-08-20 10:56:09	8.609	0.000	0.323	2.171	2.563	3.488	0.044	0.020	0.000	100.000	100.000	
10.5710	CO210P18	500	1.890750	0.022889	2021-08-20 10:56:26	10.105	0.000	0.318	1.373	4.861	3.499	0.052	0.001	0.000	100.000	100.000	
11.1940	C1310P24	-1	-1000000.000000	-1.000000	2021-08-20 10:56:32	0.000	0.000	0.000	0.000	0.000	0.000	0.000	0.000	0.000	-1.000	-1.000	
10.4880	O1810P18	500	1.863211	0.000906	2021-08-20 10:56:37	10.743	0.000	0.340	3.166	3.671	3.508	0.044	0.014	0.000	91.232	100.000	
10.5510	CO210P16	500	1.902461	0.002534	2021-08-20 10:56:50	10.451	0.000	0.342	1.372	5.180	3.494	0.046	0.017	0.000	100.000	100.000	
11.1710	C1310P22	512	1.454021	0.001484	2021-08-20 10:57:14	23.728	0.000	0.324	2.955	12.189	8.200	0.047	0.013	0.000	90.000	63.319	
10.4710	O1810P16	500	1.947076	0.000863	2021-08-20 10:57:23	9.360	0.000	0.324	1.871	3.633	3.468	0.048	0.016	0.000	100.000	100.000	
10.4530	O1810P14	-1	-1000000.000000	-1.000000	2021-08-20 10:57:35	0.000	0.000	0.000	0.000	0.000	0.000	0.000	0.000	0.000	-1.000	-1.000	
10.5320	CO210P14	500	1.864324	0.028842	2021-08-20 10:57:56	32.334	0.000	0.314	2.763	14.242	14.959	0.051	0.006	0.000	100.000	100.000	
11.1490	C1310P20	500	1.462344	0.001621	2021-08-20 10:58:07	11.198	0.000	0.328	4.455	2.857	3.498	0.048	0.011	0.000	90.000	66.559	
10.4360	O1810P12	500	2.017366	0.000978	2021-08-20 10:58:17	9.777	0.000	0.338	1.957	3.916	3.505	0.047	0.014	0.000	100.000	100.000	
10.5130	CO210P12	500	1.892070	0.001560	2021-08-20 10:58:27	10.149	0.000	0.319	1.796	4.475	3.497	0.045	0.018	0.000	100.000	100.000	
10.4200	O1810P10	500	2.088626	0.000819	2021-08-20 10:58:44	9.519	0.000	0.323	2.176	3.458	3.500	0.044	0.019	0.000	100.000	100.000	
10.4940	CO210P10	500	1.901693	0.010604	2021-08-20 10:58:54	10.343	0.000	0.319	1.391	5.052	3.526	0.050	0.004	0.000	100.000	100.000	
10.4040	O1810P08	500	2.145180	0.001407	2021-08-20 10:59:07	9.047	0.000	0.322	1.763	3.409	3.491	0.047	0.014	0.000	100.000	100.000	
10.4760	CO210P08	500	1.935435	0.005503	2021-08-20 10:59:19	10.486	0.000	0.325	1.967	4.655	3.479	0.044	0.017	0.000	100.000	100.000	
11.1280	C1310P18	500	1.520899	0.001527	2021-08-20 10:59:39	11.683	0.000	0.315	2.549	5.286	3.471	0.047	0.014	0.000	100.000	100.000	
10.4580	CO210P06	500	1.988688	0.001662	2021-08-20 10:59:49	10.768	0.000	0.339	1.967	4.892	3.510	0.047	0.013	0.000	100.000	100.000	
11.1070	C1310P16	500	1.551305	0.001069	2021-08-20 11:00:07	12.731	0.000	0.323	4.055	4.754	3.539	0.049	0.013	0.000	89.549	76.985	
10.3650	CO210R04	500	2.140929	0.002017	2021-08-20 11:00:20	13.569	0.000	0.320	4.295	5.370	3.517	0.052	0.014	0.000	100.000	100.000	
10.2780	O1810R08	500	2.523629	0.002577	2021-08-20 11:00:30	9.664	0.000	0.315	2.406	3.380	3.503	0.048	0.012	0.000	100.000	100.000	
11.0860	C1310P14	500	1.578107	0.001647	2021-08-20 11:00:40	10.127	0.000	0.333	2.269	3.975	3.489	0.047	0.015	0.000	90.000	92.451	
10.3490	CO210R06	500	2.126695	0.001618	2021-08-20 11:00:51	10.784	0.000	0.334	1.769	5.122	3.496	0.050	0.012	0.000	100.000	100.000	
10.2650	O1810R10	0	NaN	NaN	2021-08-20 11:00:54	0.439	0.000	0.320	0.117	0.000	0.000	0.002	0.000	0.000	0.100	0.100	
10.3340	CO210R08	500	2.172688	0.000794	2021-08-20 11:01:22	12.092	0.000	0.335	2.582	5.584	3.515	0.074	0.000	0.000	90.000	88.348	
10.2520	O1810R12	500	2.718290	0.002714	2021-08-20 11:01:31	9.241	0.000	0.320	2.268	3.063	3.488	0.083	0.019	0.000	100.000	100.000	
10.3180	CO210R10	500	2.261527	0.000802	2021-08-20 11:01:49	12.684	0.000	0.330	3.672	5.106	3.501	0.067	0.009	0.000	87.500	57.286	
10.2400	O1810R14	500	2.826820	0.000620	2021-08-20 11:01:59	10.606	0.000	0.322	3.665	3.098	3.460	0.047	0.014	0.000	90.000	89.790	
10.3030	CO210R12	500	2.291481	0.000799	2021-08-20 11:02:16	12.584	0.000	0.331	4.263	4.431	3.496	0.050	0.013	0.000	88.750	71.765	
10.2280	O1810R16	500	2.906706	0.000568	2021-08-20 11:02:27	11.573	0.000	0.311	4.080	3.641	3.479	0.050	0.011	0.000	90.000	84.664	
10.2890	CO210R14	500	2.407523	0.000726	2021-08-20 11:02:42	12.701	0.000	0.319	3.765	5.066	3.489	0.050	0.011	0.000	86.049	50.602	
10.2160	O1810R18	500	3.013654	0.000647	2021-08-20 11:02:53	10.585	0.000	0.318	3.385	3.306	3.511	0.053	0.012	0.000	87.500	63.446	
11.0650	C1310P12	500	1.616505	0.007552	2021-08-20 11:03:02	9.160	0.000	0.320	1.760	3.499	3.508	0.059	0.013	0.000	100.000	100.000	
10.2740	CO210R16	500	2.521198	0.000753	2021-08-20 11:03:15	12.544	0.000	0.323	3.280	5.385	3.495	0.052	0.010	0.000	67.500	61.967	
10.2040	O1810R20	500	3.082491	0.000532	2021-08-20 11:03:28	12.856	0.000	0.329	5.184	3.781	3.501	0.047	0.014	0.000	88.244	57.544	
11.0450	C1310P10	500	1.632231	0.002677	2021-08-20 11:03:38	9.320	0.000	0.325	2.666	2.776	3.491	0.048	0.013	0.000	100.000	100.000	
10.2600	CO210R18	500	2.653537	0.000671	2021-08-20 11:03:50	11.840	0.000	0.315	3.181	4.789	3.495	0.047	0.014	0.000	85.000	47.048	
10.1930	O1810R22	500	3.166313	0.000614	2021-08-20 11:04:00	10.554	0.000	0.314	3.369	3.340	3.472	0.049	0.010	0.000	87.500	53.441	
10.2470	CO210R20	500	2.491269	0.000778	2021-08-20 11:04:16	12.165	0.000	0.340	3.465	4.849	3.459	0.050	0.002	0.000	88.750	53.442	
10.1820	O1810R24	500	3.181980	0.000564	2021-08-20 11:04:27	10.254	0.000	0.324	3.266	3.090	3.515	0.051	0.008	0.000	85.000	60.657	
10.2330	CO210R22	500	2.848096	0.000736	2021-08-20 11:04:42	12.070	0.000	0.323	3.182	5.015	3.486	0.054	0.010	0.000	88.503	45.019	
11.0250	C1310P08	500	1.659641	0.003784	2021-08-20 11:04:54	11.849	0.000	0.323	2.789	5.205	3.472	0.049	0.010	0.000	100.000	100.000	
10.1710	O1810R26	500	3.268530	0.000612	2021-08-20 11:05:05	10.386	0.000	0.332	4.074	2.448	3.471	0.054	0.009	0.000	76.667	66.686	
10.2200	CO210R24	500	2.960863	0.000650	2021-08-20 11:05:18	13.302	0.000	0.312	4.464	4.961	3.504	0.052	0.009	0.000	87.366	38.991	
10.1610	O1810R28	500	3.267291	0.000584	2021-08-20 11:05:30	11.147	0.000	0.321	3.472	3.813	3.483	0.050	0.008	0.000	76.667	67.849	
10.2070	CO210R26	500	3.041210	0.000550	2021-08-20 11:05:45	12.412	0.000	0.325	3.765	4.789	3.473	0.051	0.009	0.000	86.049	45.637	
10.1500	O1810R30	500	3.330927	0.000553	2021-08-20 11:05:55	10.562	0.000	0.325	4.153	2.514	3.509	0.047	0.014	0.000	90.000	84.414	
10.1410	O1810R32	-1	-1000000.000000	-1.000000	2021-08-20 11:06:08	0.000	0.000	0.000	0.000	0.000	0.000	0.000	0.000	0.000	-1.000	-1.000	
11.0050	C1310P06	500	1.657871	0.002318	2021-08-20 11:06:07	11.085	0.000	0.314	2.387	4.833	3.488	0.050	0.013	0.000	100.000	100.000	
10.1950	CO210R28	500	3.144595	0.000623	2021-08-20 11:06:21	13.835	0.000	0.326	4.785	5.179	3.484	0.047	0.014	0.000	90.000	34.687	
10.1310	O1810R34	500	3.392268	0.001278	2021-08-20 11:06:30	9.308	0.000	0.314	2.005	3.463	3.464	0.050	0.012	0.000	100.000	100.000	
10.8840	C1310R06	500	1.854157	0.001044	2021-08-20 11:06:42	11.419	0.000	0.337	4.198	3.320	3.503	0.048	0.013	0.000	100.000	100.000	
10.1220	O1810R36	500	3.353853	0.001769	2021-08-20 11:06:51	9.107	0.000	0.323	2.268	2.948	3.508	0.051	0.010	0.000	100.000	100.000	
10.1820	CO210R30	500	3.185551	0.000574	2021-08-20 11:07:04	12.362	0.000	0.312	2.968	5.513	3.510	0.056	0.003	0.000	87.500	51.903	
10.8670	C1310R08	500	1.874554	0.001223	2021-08-20 11:07:14	10.199	0.000	0.313	2.666	3.689	3.471	0.052	0.008	0.000	100.000	100.000	
10.1700	CO210R32	500	3.267059	0.000540	2021-08-20 11:07:31	13.680	0.000	0.320	4.468	5.366	3.469	0.038	0.020	0.000	85.254	55.169	
10.8500	C1310R10	500	1.880770	0.001386	2021-08-20 11:07:41	9.707	0.000	0.321	2.770	3.063	3.493	0.047	0.012	0.000	100.000	100.000	
9.5520	O1809P46	-1	-1000000.000000	-1.000000	2021-08-20 11:08:01	0.000	0.000	0.000	0.000	0.000	0.000	0.000	0.000	0.000	-1.000	-1.000	
10.1590	CO210R34	500	3.259882	0.000647	2021-08-20 11:07:58	13.087	0.000	0.314	4.047	5.180	3.482	0.050	0.014	0.000	88.750	40.788	
10.8330	C1310R12	500	1.913677	0.000936	2021-08-20 11:08:09	10.630	0.000	0.319	2.747	3.991	3.512	0.052	0.009	0.000	100.000	100.000	
10.1470	CO210R36	500	3.321126	0.000595	2021-08-20 11:08:25	13.883	0.000	0.326	5.251	4.791	3.457	0.037	0.022	0.000	85.847	47.783	
10.8160	C1310R14	500	1.923111	0.000921	2021-08-20 11:08:37	11.713	0.000	0.317	2.971	4.899	3.464	0.047	0.015	0.000	96.307	100.000	
10.1360	CO210R38	500	3.296199	0.000553	2021-08-20 11:08:51	11.380	0.000	0.316	2.795	4.769	3.447	0.033	0.019	0.000	76.805	68.612	
10.8000	C1310R16	500	1.927011	0.000941	2021-08-20 11:09:01	9.628	0.000	0.317	2.580	3.172	3.499	0.048	0.012	0.000	87.220	92.481	
10.1250	CO210R40	500	3.352223	0.000581	2021-08-20 11:09:16	12.578	0.000	0.320	3.670	5.042	3.482	0.056	0.008	0.000	95.189	100.000	
10.7840	C1310R18	500	1.873118	0.000990	2021-08-20 11:09:26	10.015	0.000	0.321	2.897	3.203	3.537	0.054	0.004	0.000	90.000	79.978	
9.7530	CO209P42	500	2.366311	0.000817	2021-08-20 11:09:45	13.264	0.000	0.325	3.964	5.401	3.511	0.055	0.008	0.000	100.000	100.000	
9.5360	O1809P44	500	1.570962	0.001002	2021-08-20 11:10:01	15.735	0.000	0.322	8.148	3.708	3.496	0.056	0.006	0.000	87.998	65.436	
10.7680	C1310R20	500	1.890136	0.000991	2021-08-20 11:10:13	11.575	0.000	0.337	4.383	3.298	3.499	0.058	0.000	0.000	89.687	89.647	
9.5190	O1809P42	500	1.521971	0.000954	2021-08-20 11:10:24	11.482	0.000	0.324	3.870	3.724	3.503	0.054	0.007	0.000	80.000	47.534	
10.7530	C1310R22	500	1.881480	0.001499	2021-08-20 11:10:33	9.228	0.000	0.322	2.370	2.959	3.512	0.055	0.009	0.000	100.000	100.000	
9.7330	CO209P40	500	1.992347	0.000818	2021-08-20 11:10:47	13.734	0.000	0.319	4.559	5.315	3.486	0.055	0.000	0.000	90.000	74.253	
9.5030	O1809P40	500	1.466827	0.000990	2021-08-20 11:10:59	11.428	0.000	0.318	4.284	3.269	3.497	0.051	0.010	0.000	90.000	23.844	
10.7380	C1310R24	500	1.862846	0.001589	2021-08-20 11:11:08	9.015	0.000	0.320	2.363	2.797	3.479	0.054	0.002	0.000	100.000	100.000	
9.7140	CO209P38	500	2.164625	0.000774	2021-08-20 11:11:21	13.451	0.000	0.317	4.686	4.867	3.516	0.056	0.009	0.000	90.000	75.165	
9.4880	O1809P38	500	1.472979	0.001153	2021-08-20 11:11:34	12.143	0.000	0.312	4.946	3.342	3.486	0.049	0.008	0.000	90.000	17.808	
10.7230	C1310R26	500	1.873283	0.001012	2021-08-20 11:11:44	10.415	0.000	0.311	2.468	4.068	3.503	0.052	0.012	0.000	100.000	100.000	
9.6950	CO209P36	500	2.069307	0.000856	2021-08-20 11:11:57	12.703	0.000	0.324	4.377	4.437	3.501	0.056	0.008	0.000	60.000	68.892	
9.4720	O1809P36	500	1.434285	0.001036	2021-08-20 11:12:09	12.194	0.000	0.329	4.653	3.654	3.493	0.057	0.008	0.000	90.000	20.072	
10.7080	C1310R28	500	1.865509	0.001448	2021-08-20 11:12:19	9.267	0.000	0.314	2.082	3.317	3.492	0.052	0.009	0.000	100.000	100.000	
9.6750	CO209P34	500	1.815041	0.000852	2021-08-20 11:12:31	12.579	0.000	0.315	3.985	4.739	3.476	0.051	0.012	0.000	87.500	51.858	
9.4570	O1809P34	500	1.337346	0.001326	2021-08-20 11:12:43	11.844	0.000	0.321	4.150	3.783	3.527	0.057	0.006	0.000	90.000	17.258	
10.6940	C1310R30	500	1.858160	0.002814	2021-08-20 11:12:54	10.456	0.000	0.318	2.149	4.449	3.477	0.055	0.008	0.000	100.000	100.000	
9.6570	CO209P32	500	1.942914	0.000814	2021-08-20 11:13:08	14.230	0.000	0.340	4.950	5.390	3.488	0.056	0.006	0.000	81.111	38.300	
9.4410	O1809P32	500	1.388592	0.001010	2021-08-20 11:13:24	15.407	0.000	0.337	8.163	3.356	3.493	0.058	0.000	0.000	90.000	12.058	
10.6800	C1310R32	500	1.856690	0.002127	2021-08-20 11:13:34	9.953	0.000	0.325	2.254	3.814	3.497	0.056	0.006	0.000	100.000	100.000	
9.6390	CO209P30	500	1.784392	0.000875	2021-08-20 11:13:47	13.581	0.000	0.326	4.369	5.327	3.497	0.058	0.004	0.000	87.500	41.004	
9.4270	O1809P30	500	1.379303	0.001087	2021-08-20 11:14:01	13.224	0.000	0.336	5.868	3.375	3.575	0.059	0.012	0.000	90.000	15.250	
10.6660	C1310R34	500	1.843643	0.002025	2021-08-20 11:14:10	8.935	0.000	0.315	2.171	2.865	3.525	0.058	0.001	0.000	100.000	100.000	
9.6210	CO209P28	500	1.781421	0.000914	2021-08-20 11:14:23	13.226	0.000	0.313	3.866	5.449	3.539	0.050	0.010	0.000	85.000	30.191	
9.4120	O1809P28	500	1.321267	0.001140	2021-08-20 11:14:41	17.431	0.000	0.317	10.067	3.465	3.517	0.060	0.006	0.000	90.000	11.524	
10.6520	C1310R36	500	1.842699	0.002349	2021-08-20 11:14:51	10.397	0.000	0.337	2.251	4.225	3.522	0.056	0.006	0.000	100.000	100.000	
9.6040	CO209P26	500	1.749950	0.000941	2021-08-20 11:15:04	12.893	0.000	0.313	4.352	4.683	3.484	0.055	0.007	0.000	90.000	29.003	
9.3970	O1809P26	500	1.274049	0.001320	2021-08-20 11:15:24	19.484	0.000	0.329	11.853	3.736	3.502	0.057	0.007	0.000	90.000	11.971	
10.6390	C1310R38	500	1.848651	0.002653	2021-08-20 11:15:33	9.212	0.000	0.320	2.280	3.060	3.489	0.057	0.005	0.000	100.000	100.000	
9.5880	CO209P24	500	1.710446	0.001067	2021-08-20 11:15:48	15.501	0.000	0.321	6.266	5.355	3.498	0.057	0.005	0.000	64.400	30.460	
9.3830	O1809P24	500	1.147075	0.001446	2021-08-20 11:15:59	10.411	0.000	0.341	3.162	3.321	3.519	0.065	0.003	0.000	90.000	0.211	
10.6260	C1310R40	500	1.830995	0.003011	2021-08-20 11:16:10	10.791	0.000	0.321	2.264	4.634	3.508	0.058	0.006	0.000	100.000	100.000	
9.5690	CO209P22	500	1.650709	0.000968	2021-08-20 11:16:24	14.057	0.000	0.311	4.788	5.400	3.495	0.058	0.005	0.000	90.000	27.843	
9.3690	O1809P22	500	1.181996	0.001291	2021-08-20 11:16:34	9.939	0.000	0.324	2.686	3.275	3.534	0.104	0.015	0.000	90.000	0.324	
9.5520	CO209P20	500	1.621489	0.000899	2021-08-20 11:16:50	12.553	0.000	0.317	3.654	4.998	3.508	0.069	0.006	0.000	90.000	21.733	
9.3550	O1809P20	500	1.196902	0.001323	2021-08-20 11:17:01	10.949	0.000	0.311	3.663	3.416	3.495	0.059	0.004	0.000	63.053	0.100	
9.5360	CO209P18	500	1.569293	0.000992	2021-08-20 11:17:17	12.831	0.000	0.340	3.765	5.172	3.492	0.054	0.008	0.000	90.000	25.266	
9.3410	O1809P18	500	1.160457	0.001217	2021-08-20 11:17:28	10.961	0.000	0.317	3.772	3.310	3.502	0.053	0.008	0.000	62.306	0.100	
9.5200	CO209P16	500	1.515625	0.000945	2021-08-20 11:17:44	12.944	0.000	0.317	3.578	5.458	3.531	0.059	0.000	0.000	90.000	19.966	
9.3280	O1809P16	500	1.121493	0.001410	2021-08-20 11:17:55	10.644	0.000	0.315	3.469	3.313	3.486	0.057	0.004	0.000	72.106	0.100	
10.1520	C1309P36	-1	-1000000.000000	-1.000000	2021-08-20 11:18:10	0.000	0.000	0.000	0.000	0.000	0.000	0.000	0.000	0.000	-1.000	-1.000	
9.5040	CO209P14	500	1.461062	0.001049	2021-08-20 11:18:10	12.140	0.000	0.319	2.952	5.289	3.516	0.059	0.004	0.000	90.000	27.067	
9.3150	O1809P14	500	1.085632	0.001279	2021-08-20 11:18:22	11.974	0.000	0.316	4.580	3.500	3.516	0.058	0.005	0.000	77.206	0.100	
9.4880	CO209P12	500	1.460457	0.001279	2021-08-20 11:18:37	13.186	0.000	0.314	4.665	4.629	3.515	0.059	0.003	0.000	90.000	17.826	
9.3020	O1809P12	500	1.056918	0.001588	2021-08-20 11:18:52	14.660	0.000	0.321	7.463	3.320	3.495	0.060	0.000	0.000	83.928	0.100	
9.4730	CO209P10	500	1.414053	0.001117	2021-08-20 11:19:05	13.270	0.000	0.324	3.893	5.484	3.501	0.062	0.005	0.000	90.000	20.212	
9.2890	O1809P10	500	1.043294	0.001358	2021-08-20 11:19:16	10.698	0.000	0.333	3.565	3.256	3.481	0.054	0.008	0.000	65.920	0.100	
9.4580	CO209P08	500	1.355669	0.001192	2021-08-20 11:19:31	12.098	0.000	0.328	2.770	5.406	3.529	0.062	0.003	0.000	85.000	26.771	
9.2760	O1809P08	500	1.012815	0.001735	2021-08-20 11:19:41	10.189	0.000	0.323	2.670	3.651	3.482	0.059	0.005	0.000	90.000	0.203	
9.3540	CO209R06	500	1.192847	0.001414	2021-08-20 11:19:59	14.634	0.000	0.322	5.260	5.468	3.520	0.059	0.005	0.000	90.000	16.475	
10.1310	C1309P34	-1	-1000000.000000	-1.000000	2021-08-20 11:20:10	0.000	0.000	0.000	0.000	0.000	0.000	0.000	0.000	0.000	-1.000	-1.000	
9.2640	O1809P06	500	0.996309	0.001629	2021-08-20 11:20:18	19.255	0.000	0.319	12.150	3.186	3.541	0.059	0.000	0.000	90.000	11.447	
9.3420	CO209R08	500	1.160433	0.001618	2021-08-20 11:20:31	13.178	0.000	0.326	4.297	4.992	3.499	0.061	0.004	0.000	90.000	19.201	
10.1100	C1309P32	500	3.429541	0.001671	2021-08-20 11:20:41	9.954	0.000	0.327	2.227	3.790	3.535	0.072	0.004	0.000	100.000	100.000	
9.1990	O1809R04	500	0.870017	0.001580	2021-08-20 11:20:55	13.453	0.000	0.329	5.998	3.554	3.510	0.059	0.003	0.000	89.375	22.201	
10.0900	C1309P30	500	3.399183	0.001157	2021-08-20 11:21:06	11.169	0.000	0.323	2.152	5.131	3.499	0.061	0.004	0.000	100.000	100.000	
9.3290	CO209R10	500	1.127991	0.001543	2021-08-20 11:21:22	15.499	0.000	0.316	6.669	4.994	3.461	0.059	0.000	0.000	90.000	13.923	
10.0700	C1309P28	500	3.427592	0.000550	2021-08-20 11:21:32	10.138	0.000	0.315	3.176	3.092	3.493	0.061	0.000	0.000	100.000	100.000	
9.1870	O1809R06	500	0.829592	0.001895	2021-08-20 11:21:49	16.695	0.000	0.328	8.467	4.318	3.515	0.059	0.008	0.000	83.471	0.100	
10.0500	C1309P26	500	3.385465	0.000880	2021-08-20 11:21:59	10.575	0.000	0.318	2.995	3.689	3.507	0.060	0.006	0.000	100.000	100.000	
9.3170	CO209R12	500	1.048851	0.001389	2021-08-20 11:22:23	23.404	0.000	0.320	6.754	7.010	9.254	0.065	0.002	0.000	90.000	12.495	
10.0310	C1309P24	500	3.354960	0.000500	2021-08-20 11:22:34	10.640	0.000	0.337	3.370	3.363	3.506	0.062	0.002	0.000	90.000	80.597	
9.1760	O1809R08	500	0.830753	0.002091	2021-08-20 11:22:45	10.738	0.000	0.318	3.141	3.698	3.520	0.061	0.001	0.000	83.002	0.100	
9.3050	CO209R14	500	1.049353	0.001496	2021-08-20 11:22:58	13.487	0.000	0.321	5.180	4.401	3.520	0.062	0.003	0.000	90.000	12.737	
10.0120	C1309P22	500	3.183419	0.000758	2021-08-20 11:23:09	11.111	0.000	0.326	2.552	4.658	3.511	0.062	0.003	0.000	100.000	100.000	
9.1660	O1809R10	500	0.820168	0.002167	2021-08-20 11:23:22	12.518	0.000	0.320	5.068	3.535	3.530	0.063	0.002	0.000	44.961	0.100	
9.9940	C1309P20	500	3.222766	0.000802	2021-08-20 11:23:33	11.237	0.000	0.314	2.668	4.669	3.522	0.063	0.001	0.000	100.000	100.000	
9.1550	O1809R12	500	0.830267	0.001835	2021-08-20 11:23:45	11.268	0.000	0.312	3.854	3.525	3.511	0.065	0.000	0.000	39.114	0.100	
9.2940	CO209R16	500	1.035820	0.001750	2021-08-20 11:23:57	11.796	0.000	0.317	2.782	5.150	3.489	0.058	0.000	0.000	90.000	0.667	
9.9750	C1309P18	500	3.140381	0.000624	2021-08-20 11:24:08	11.193	0.000	0.325	2.967	4.341	3.495	0.063	0.002	0.000	100.000	100.000	
9.1450	O1809R14	500	0.827310	0.001741	2021-08-20 11:24:21	13.128	0.000	0.337	5.374	3.841	3.516	0.060	0.000	0.000	41.730	0.100	
9.9570	C1309P16	500	3.098535	0.000907	2021-08-20 11:24:32	11.085	0.000	0.319	2.383	4.805	3.511	0.067	0.001	0.000	100.000	100.000	
9.2820	CO209R18	500	1.015744	0.001753	2021-08-20 11:24:49	15.988	0.000	0.315	6.649	5.460	3.494	0.066	0.003	0.000	90.000	12.892	
9.9400	C1309P14	500	3.006250	0.000857	2021-08-20 11:25:00	11.134	0.000	0.325	2.551	4.681	3.508	0.068	0.000	0.000	100.000	100.000	
9.1340	O1809R16	500	0.824279	0.002283	2021-08-20 11:25:13	12.746	0.000	0.322	5.286	3.589	3.486	0.063	0.000	0.000	31.319	0.100	
9.9230	C1309P12	500	3.008022	0.000542	2021-08-20 11:25:26	13.213	0.000	0.315	4.865	4.498	3.474	0.061	0.000	0.000	90.000	88.484	
9.1250	O1809R18	500	0.831748	0.001909	2021-08-20 11:25:38	12.147	0.000	0.323	4.710	3.511	3.539	0.064	0.001	0.000	40.556	0.100	
9.9060	C1309P10	500	2.958026	0.001173	2021-08-20 11:25:49	11.216	0.000	0.320	2.364	4.932	3.529	0.069	0.002	0.000	100.000	100.000	
9.2710	CO209R20	500	0.999357	0.001954	2021-08-20 11:26:02	12.446	0.000	0.329	4.264	4.276	3.513	0.064	0.001	0.000	69.937	0.100	
9.1150	O1809R20	500	0.830998	0.001844	2021-08-20 11:26:14	11.580	0.000	0.318	4.366	3.335	3.496	0.065	0.000	0.000	35.040	0.100	
9.2610	CO209R22	500	0.988969	0.001857	2021-08-20 11:26:39	23.480	0.000	0.318	14.266	5.339	3.488	0.067	0.002	0.000	90.000	11.157	
9.1050	O1809R22	500	0.831316	0.002175	2021-08-20 11:26:51	11.789	0.000	0.327	4.165	3.709	3.525	0.059	0.004	0.000	33.218	0.100	
9.2500	CO209R24	500	0.966402	0.002288	2021-08-20 11:27:05	12.380	0.000	0.315	3.280	5.180	3.537	0.068	0.000	0.000	74.473	0.100	
9.0950	O1809R24	500	0.831647	0.002152	2021-08-20 11:27:17	10.099	0.000	0.321	2.551	3.662	3.499	0.063	0.003	0.000	29.171	0.100	
9.2400	CO209R26	500	0.950277	0.001795	2021-08-20 11:27:30	11.681	0.000	0.321	3.262	4.534	3.497	0.066	0.001	0.000	66.222	0.100	
9.0860	O1809R26	500	0.836890	0.001731	2021-08-20 11:27:44	12.127	0.000	0.340	4.353	3.837	3.528	0.069	0.001	0.000	23.869	0.100	
9.7620	C1309R08	-1	-1000000.000000	-1.000000	2021-08-20 11:27:46	0.000	0.000	0.000	0.000	0.000	0.000	0.000	0.000	0.000	-1.000	-1.000	
9.2300	CO209R28	500	0.931299	0.002025	2021-08-20 11:27:59	15.121	0.000	0.325	5.750	5.470	3.513	0.062	0.000	0.000	81.414	0.100	
9.0770	O1809R28	500	0.836317	0.001648	2021-08-20 11:28:09	10.055	0.000	0.320	2.880	3.266	3.524	0.064	0.000	0.000	28.404	0.100	
9.2190	CO209R30	500	0.884603	0.002561	2021-08-20 11:28:27	14.463	0.000	0.326	5.263	5.290	3.518	0.067	0.000	0.000	87.366	11.587	
9.0680	O1809R30	500	0.823736	0.002154	2021-08-20 11:28:39	11.577	0.000	0.320	4.066	3.627	3.496	0.067	0.000	0.000	22.604	0.100	
9.7490	C1309R10	500	2.285097	0.002974	2021-08-20 11:28:50	10.688	0.000	0.313	2.357	4.446	3.504	0.066	0.001	0.000	100.000	100.000	
9.2100	CO209R32	500	0.892182	0.002243	2021-08-20 11:29:03	12.710	0.000	0.312	3.863	4.966	3.503	0.065	0.000	0.000	90.000	0.542	
9.7360	C1309R12	500	2.038627	0.003216	2021-08-20 11:29:13	10.307	0.000	0.323	2.371	4.080	3.468	0.060	0.004	0.000	100.000	100.000	
9.0590	O1809R32	500	0.805903	0.002273	2021-08-20 11:29:26	12.454	0.000	0.321	4.873	3.688	3.507	0.066	0.000	0.000	20.587	0.100	
9.7230	C1309R14	500	2.121686	0.001891	2021-08-20 11:29:39	13.011	0.000	0.328	2.717	6.414	3.488	0.064	0.000	0.000	100.000	100.000	
9.0510	O1809R34	500	0.797233	0.002127	2021-08-20 11:29:52	12.341	0.000	0.322	4.968	3.447	3.535	0.068	0.001	0.000	24.037	0.100	
9.7100	C1309R16	500	2.188249	0.001787	2021-08-20 11:30:03	11.190	0.000	0.309	2.373	4.942	3.494	0.069	0.003	0.000	100.000	100.000	
9.2010	CO209R34	500	0.891502	0.001654	2021-08-20 11:30:33	30.333	0.000	0.318	9.481	5.507	14.961	0.066	0.000	0.000	86.126	0.100	
9.6980	C1309R18	500	2.119295	0.001528	2021-08-20 11:30:44	10.569	0.000	0.328	2.748	3.907	3.519	0.067	0.001	0.000	100.000	100.000	
9.0420	O1809R36	500	0.779763	0.001978	2021-08-20 11:30:57	12.582	0.000	0.343	5.055	3.614	3.504	0.066	0.000	0.000	23.171	0.100	
9.6860	C1309R20	500	1.958275	0.001710	2021-08-20 11:31:08	10.919	0.000	0.319	2.668	4.356	3.509	0.066	0.000	0.000	100.000	100.000	
9.0340	O1809R38	500	0.744124	0.001987	2021-08-20 11:31:21	12.629	0.000	0.328	4.852	3.857	3.524	0.067	0.000	0.000	30.617	0.100	
9.6750	C1309R22	500	1.820629	0.002400	2021-08-20 11:31:32	10.403	0.000	0.325	2.549	3.926	3.538	0.065	0.000	0.000	100.000	100.000	
9.0260	O1809R40	500	0.748164	0.002593	2021-08-20 11:31:46	13.134	0.000	0.321	5.668	3.564	3.513	0.068	0.000	0.000	51.651	0.100	
9.6630	C1309R24	500	1.966535	0.002291	2021-08-20 11:31:58	11.382	0.000	0.324	2.552	4.943	3.499	0.062	0.000	0.000	100.000	100.000	
9.6520	C1309R26	500	1.897329	0.002666	2021-08-20 11:32:22	11.398	0.000	0.325	2.667	4.784	3.554	0.068	0.000	0.000	100.000	100.000	
9.0180	O1809R42	-1	-1000000.000000	-1.000000	2021-08-20 11:34:19	0.000	0.000	0.000	0.000	0.000	0.000	0.000	0.000	0.000	-1.000	-1.000	
10.6640	O1810P36	500	1.848701	0.010357	2021-08-20 11:34:47	8.127	0.000	0.316	1.370	2.844	3.500	0.079	0.018	0.000	100.000	100.000	
9.6420	C1309R28	-1	-1000000.000000	-1.000000	2021-08-20 11:34:49	0.000	0.000	0.000	0.000	0.000	0.000	0.000	0.000	0.000	-1.000	-1.000	
10.4530	O1810P14	500	1.945940	0.001358	2021-08-20 11:35:13	9.548	0.000	0.319	2.357	3.265	3.536	0.072	0.000	0.000	100.000	100.000	
10.2650	O1810R10	500	2.613899	0.000601	2021-08-20 11:35:38	9.606	0.000	0.318	2.377	3.276	3.554	0.081	0.000	0.000	100.000	100.000	
10.1410	O1810R32	500	3.300866	0.000519	2021-08-20 11:36:05	10.579	0.000	0.318	3.176	3.509	3.510	0.063	0.002	0.000	100.000	100.000	
9.6310	C1309R30	-1	-1000000.000000	-1.000000	2021-08-20 11:36:43	0.000	0.000	0.000	0.000	0.000	0.000	0.000	0.000	0.000	-1.000	-1.000	
9.6210	C1309R32	-1	-1000000.000000	-1.000000	2021-08-20 11:38:40	0.000	0.000	0.000	0.000	0.000	0.000	0.000	0.000	0.000	-1.000	-1.000	
9.5520	O1809P46	-1	-1000000.000000	-1.000000	2021-08-20 11:38:57	0.000	0.000	0.000	0.000	0.000	0.000	0.000	0.000	0.000	-1.000	-1.000	
9.6110	C1309R34	-1	-1000000.000000	-1.000000	2021-08-20 11:40:38	0.000	0.000	0.000	0.000	0.000	0.000	0.000	0.000	0.000	-1.000	-1.000	
9.0180	O1809R42	-1	-1000000.000000	-1.000000	2021-08-20 11:41:57	0.000	0.000	0.000	0.000	0.000	0.000	0.000	0.000	0.000	-1.000	-1.000	
11.2160	C1310P26	500	1.375624	0.002055	2021-08-20 11:42:47	10.458	0.000	0.315	2.572	3.909	3.572	0.089	0.000	0.000	100.000	100.000	
11.1940	C1310P24	500	1.425928	0.001549	2021-08-20 11:43:31	20.033	0.000	0.318	2.888	7.421	9.336	0.069	0.000	0.000	100.000	100.000	
10.1520	C1309P36	-1	-1000000.000000	-1.000000	2021-08-20 11:45:11	0.000	0.000	0.000	0.000	0.000	0.000	0.000	0.000	0.000	-1.000	-1.000	
10.1310	C1309P34	-1	-1000000.000000	-1.000000	2021-08-20 11:46:44	0.000	0.000	0.000	0.000	0.000	0.000	0.000	0.000	0.000	-1.000	-1.000	
9.7620	C1309R08	-1	-1000000.000000	-1.000000	2021-08-20 11:48:18	0.000	0.000	0.000	0.000	0.000	0.000	0.000	0.000	0.000	-1.000	-1.000	
9.6420	C1309R28	500	1.898747	0.003536	2021-08-20 11:50:20	9.192	0.000	0.328	2.398	2.792	3.563	0.099	0.012	0.000	100.000	100.000	
9.6310	C1309R30	500	1.849010	0.001570	2021-08-20 11:52:48	51.856	0.000	0.333	8.539	22.307	20.616	0.058	0.003	0.000	100.000	100.000	
9.6210	C1309R32	-1	-1000000.000000	-1.000000	2021-08-20 11:54:23	0.000	0.000	0.000	0.000	0.000	0.000	0.000	0.000	0.000	-1.000	-1.000	
9.6110	C1309R34	-1	-1000000.000000	-1.000000	2021-08-20 11:55:55	0.000	0.000	0.000	0.000	0.000	0.000	0.000	0.000	0.000	-1.000	-1.000	
