Wavelength	Line name	# of completed ringdowns	Ringdowntimes (us)	STOT	TimeStamp	Get ringdown time (s)	Step time (s)	Step time (s)	Step time(s)	Step time(s) 	Step time(s) 	Step time(s)	Step time(s)	Step time(s) 	AOM setting	Attenuator setting
10.8110	CO210P40	500	1.860117	0.002169	2021-08-20 10:51:35	11.536	0.000	0.326	2.443	5.230	3.454	0.071	0.012	0.000	100.000	100.000	
10.7870	CO210P38	500	1.941676	0.000606	2021-08-20 10:52:08	13.809	0.000	0.341	4.272	5.627	3.505	0.041	0.023	0.000	90.000	89.121	
11.2390	C1310P28	500	1.429479	0.006509	2021-08-20 10:52:22	11.540	0.000	0.317	2.477	5.042	3.638	0.044	0.021	0.000	90.373	95.414	
10.7640	CO210P36	500	1.907207	0.004770	2021-08-20 10:52:32	10.147	0.000	0.315	2.582	3.572	3.615	0.048	0.015	0.000	100.000	100.000	
10.6640	O1810P36	-1	1.873329	0.004783	2021-08-20 10:52:37	0.000	0.000	0.000	0.000	0.000	0.000	0.000	0.000	0.000	-1.000	-1.000	
10.7410	CO210P34	500	1.915967	0.001422	2021-08-20 10:53:02	11.030	0.000	0.323	2.351	4.799	3.495	0.037	0.024	0.000	100.000	100.000	
10.6430	O1810P34	500	1.877963	0.001375	2021-08-20 10:53:11	9.249	0.000	0.340	1.969	3.364	3.516	0.048	0.012	0.000	100.000	100.000	
10.7190	CO210P32	500	1.889410	0.000512	2021-08-20 10:53:28	10.769	0.000	0.320	2.362	4.531	3.496	0.047	0.013	0.000	100.000	100.000	
10.6220	O1810P32	500	1.892522	0.001544	2021-08-20 10:53:38	9.562	0.000	0.320	1.995	3.676	3.511	0.041	0.019	0.000	100.000	100.000	
10.6960	CO210P30	500	1.889757	0.000548	2021-08-20 10:53:53	10.777	0.000	0.330	2.300	4.605	3.481	0.040	0.020	0.000	100.000	100.000	
10.6020	O1810P30	500	1.906579	0.001664	2021-08-20 10:54:03	9.549	0.000	0.321	2.155	3.512	3.502	0.038	0.021	0.000	100.000	100.000	
10.6750	CO210P28	500	1.890626	0.009391	2021-08-20 10:54:19	11.004	0.000	0.327	3.066	4.875	2.673	0.044	0.018	0.000	100.000	100.000	
11.2160	C1310P26	-1	1.395035	0.000699	2021-08-20 10:54:28	0.000	0.000	0.000	0.000	0.000	0.000	0.000	0.000	0.000	-1.000	-1.000	
10.5820	O1810P28	500	1.912728	0.001378	2021-08-20 10:54:29	9.563	0.000	0.325	2.270	3.389	3.518	0.042	0.019	0.000	100.000	100.000	
10.6530	CO210P26	500	1.863635	0.002681	2021-08-20 10:54:45	10.525	0.000	0.322	2.363	4.320	3.476	0.036	0.008	0.000	100.000	100.000	
10.5630	O1810P26	500	1.941241	0.000575	2021-08-20 10:54:56	10.522	0.000	0.334	3.265	3.380	3.488	0.040	0.014	0.000	90.000	98.463	
10.6320	CO210P24	500	1.888418	0.007027	2021-08-20 10:55:10	10.370	0.000	0.313	2.266	4.222	3.514	0.047	0.008	0.000	100.000	100.000	
10.5430	O1810P24	500	1.888769	0.001726	2021-08-20 10:55:20	9.585	0.000	0.328	2.352	3.364	3.488	0.039	0.013	0.000	100.000	100.000	
10.6110	CO210P22	500	1.887868	0.004139	2021-08-20 10:55:34	9.842	0.000	0.314	1.381	4.597	3.493	0.046	0.011	0.000	100.000	100.000	
10.5250	O1810P22	500	1.919305	0.000835	2021-08-20 10:55:44	9.413	0.000	0.320	2.267	3.279	3.497	0.047	0.004	0.000	100.000	100.000	
10.5910	CO210P20	500	1.914280	0.003422	2021-08-20 10:56:00	10.081	0.000	0.315	1.590	4.624	3.495	0.040	0.017	0.000	100.000	100.000	
10.5060	O1810P20	500	1.913142	0.001445	2021-08-20 10:56:09	8.609	0.000	0.323	2.171	2.563	3.488	0.044	0.020	0.000	100.000	100.000	
10.5710	CO210P18	500	1.901176	0.013615	2021-08-20 10:56:26	10.105	0.000	0.318	1.373	4.861	3.499	0.052	0.001	0.000	100.000	100.000	
11.1940	C1310P24	-1	1.456281	0.001357	2021-08-20 10:56:32	0.000	0.000	0.000	0.000	0.000	0.000	0.000	0.000	0.000	-1.000	-1.000	
10.4880	O1810P18	500	1.893253	0.001184	2021-08-20 10:56:37	10.743	0.000	0.340	3.166	3.671	3.508	0.044	0.014	0.000	91.232	100.000	
10.5510	CO210P16	500	1.923417	0.002810	2021-08-20 10:56:50	10.451	0.000	0.342	1.372	5.180	3.494	0.046	0.017	0.000	100.000	100.000	
11.1710	C1310P22	512	1.488450	0.003243	2021-08-20 10:57:14	23.728	0.000	0.324	2.955	12.189	8.200	0.047	0.013	0.000	90.000	63.319	
10.4710	O1810P16	500	1.977686	0.001530	2021-08-20 10:57:23	9.360	0.000	0.324	1.871	3.633	3.468	0.048	0.016	0.000	100.000	100.000	
10.4530	O1810P14	-1	1.971744	0.002467	2021-08-20 10:57:35	0.000	0.000	0.000	0.000	0.000	0.000	0.000	0.000	0.000	-1.000	-1.000	
10.5320	CO210P14	500	1.890082	0.012746	2021-08-20 10:57:56	32.334	0.000	0.314	2.763	14.242	14.959	0.051	0.006	0.000	100.000	100.000	
11.1490	C1310P20	500	1.489070	0.003304	2021-08-20 10:58:07	11.198	0.000	0.328	4.455	2.857	3.498	0.048	0.011	0.000	90.000	66.559	
10.4360	O1810P12	500	2.042063	0.000872	2021-08-20 10:58:17	9.777	0.000	0.338	1.957	3.916	3.505	0.047	0.014	0.000	100.000	100.000	
10.5130	CO210P12	500	1.907206	0.001150	2021-08-20 10:58:27	10.149	0.000	0.319	1.796	4.475	3.497	0.045	0.018	0.000	100.000	100.000	
10.4200	O1810P10	500	2.113288	0.002826	2021-08-20 10:58:44	9.519	0.000	0.323	2.176	3.458	3.500	0.044	0.019	0.000	100.000	100.000	
10.4940	CO210P10	500	1.919256	0.005081	2021-08-20 10:58:54	10.343	0.000	0.319	1.391	5.052	3.526	0.050	0.004	0.000	100.000	100.000	
10.4040	O1810P08	500	2.169771	0.000830	2021-08-20 10:59:07	9.047	0.000	0.322	1.763	3.409	3.491	0.047	0.014	0.000	100.000	100.000	
10.4760	CO210P08	500	1.956023	0.006161	2021-08-20 10:59:19	10.486	0.000	0.325	1.967	4.655	3.479	0.044	0.017	0.000	100.000	100.000	
11.1280	C1310P18	500	1.549961	0.000603	2021-08-20 10:59:39	11.683	0.000	0.315	2.549	5.286	3.471	0.047	0.014	0.000	100.000	100.000	
10.4580	CO210P06	500	2.010474	0.002401	2021-08-20 10:59:49	10.768	0.000	0.339	1.967	4.892	3.510	0.047	0.013	0.000	100.000	100.000	
11.1070	C1310P16	500	1.578653	0.003734	2021-08-20 11:00:07	12.731	0.000	0.323	4.055	4.754	3.539	0.049	0.013	0.000	89.549	76.985	
10.3650	CO210R04	500	2.157433	0.001683	2021-08-20 11:00:20	13.569	0.000	0.320	4.295	5.370	3.517	0.052	0.014	0.000	100.000	100.000	
10.2780	O1810R08	500	2.543597	0.001557	2021-08-20 11:00:30	9.664	0.000	0.315	2.406	3.380	3.503	0.048	0.012	0.000	100.000	100.000	
11.0860	C1310P14	500	1.606432	0.001592	2021-08-20 11:00:40	10.127	0.000	0.333	2.269	3.975	3.489	0.047	0.015	0.000	90.000	92.451	
10.3490	CO210R06	500	2.153489	0.000731	2021-08-20 11:00:51	10.784	0.000	0.334	1.769	5.122	3.496	0.050	0.012	0.000	100.000	100.000	
10.2650	O1810R10	0	NaN	NaN	2021-08-20 11:00:54	0.439	0.000	0.320	0.117	0.000	0.000	0.002	0.000	0.000	0.100	0.100	
10.3340	CO210R08	500	2.188985	0.000858	2021-08-20 11:01:22	12.092	0.000	0.335	2.582	5.584	3.515	0.074	0.000	0.000	90.000	88.348	
10.2520	O1810R12	500	2.738041	0.001566	2021-08-20 11:01:31	9.241	0.000	0.320	2.268	3.063	3.488	0.083	0.019	0.000	100.000	100.000	
10.3180	CO210R10	500	2.286964	0.000505	2021-08-20 11:01:49	12.684	0.000	0.330	3.672	5.106	3.501	0.067	0.009	0.000	87.500	57.286	
10.2400	O1810R14	500	2.849716	0.000755	2021-08-20 11:01:59	10.606	0.000	0.322	3.665	3.098	3.460	0.047	0.014	0.000	90.000	89.790	
10.3030	CO210R12	500	2.309026	0.000447	2021-08-20 11:02:16	12.584	0.000	0.331	4.263	4.431	3.496	0.050	0.013	0.000	88.750	71.765	
10.2280	O1810R16	500	2.925378	0.000441	2021-08-20 11:02:27	11.573	0.000	0.311	4.080	3.641	3.479	0.050	0.011	0.000	90.000	84.664	
10.2890	CO210R14	500	2.431206	0.000489	2021-08-20 11:02:42	12.701	0.000	0.319	3.765	5.066	3.489	0.050	0.011	0.000	86.049	50.602	
10.2160	O1810R18	500	3.034364	0.000954	2021-08-20 11:02:53	10.585	0.000	0.318	3.385	3.306	3.511	0.053	0.012	0.000	87.500	63.446	
11.0650	C1310P12	500	1.628660	0.002162	2021-08-20 11:03:02	9.160	0.000	0.320	1.760	3.499	3.508	0.059	0.013	0.000	100.000	100.000	
10.2740	CO210R16	500	2.539158	0.000467	2021-08-20 11:03:15	12.544	0.000	0.323	3.280	5.385	3.495	0.052	0.010	0.000	67.500	61.967	
10.2040	O1810R20	500	3.102697	0.000281	2021-08-20 11:03:28	12.856	0.000	0.329	5.184	3.781	3.501	0.047	0.014	0.000	88.244	57.544	
11.0450	C1310P10	500	1.633148	0.000712	2021-08-20 11:03:38	9.320	0.000	0.325	2.666	2.776	3.491	0.048	0.013	0.000	100.000	100.000	
10.2600	CO210R18	500	2.678263	0.000488	2021-08-20 11:03:50	11.840	0.000	0.315	3.181	4.789	3.495	0.047	0.014	0.000	85.000	47.048	
10.1930	O1810R22	500	3.178479	0.000794	2021-08-20 11:04:00	10.554	0.000	0.314	3.369	3.340	3.472	0.049	0.010	0.000	87.500	53.441	
10.2470	CO210R20	500	2.513224	0.000491	2021-08-20 11:04:16	12.165	0.000	0.340	3.465	4.849	3.459	0.050	0.002	0.000	88.750	53.442	
10.1820	O1810R24	500	3.202086	0.000335	2021-08-20 11:04:27	10.254	0.000	0.324	3.266	3.090	3.515	0.051	0.008	0.000	85.000	60.657	
10.2330	CO210R22	500	2.872873	0.000495	2021-08-20 11:04:42	12.070	0.000	0.323	3.182	5.015	3.486	0.054	0.010	0.000	88.503	45.019	
11.0250	C1310P08	500	1.691206	0.000827	2021-08-20 11:04:54	11.849	0.000	0.323	2.789	5.205	3.472	0.049	0.010	0.000	100.000	100.000	
10.1710	O1810R26	500	3.285965	0.000380	2021-08-20 11:05:05	10.386	0.000	0.332	4.074	2.448	3.471	0.054	0.009	0.000	76.667	66.686	
10.2200	CO210R24	500	2.979500	0.000691	2021-08-20 11:05:18	13.302	0.000	0.312	4.464	4.961	3.504	0.052	0.009	0.000	87.366	38.991	
10.1610	O1810R28	500	3.285697	0.000852	2021-08-20 11:05:30	11.147	0.000	0.321	3.472	3.813	3.483	0.050	0.008	0.000	76.667	67.849	
10.2070	CO210R26	500	3.059634	0.000425	2021-08-20 11:05:45	12.412	0.000	0.325	3.765	4.789	3.473	0.051	0.009	0.000	86.049	45.637	
10.1500	O1810R30	500	3.349550	0.000397	2021-08-20 11:05:55	10.562	0.000	0.325	4.153	2.514	3.509	0.047	0.014	0.000	90.000	84.414	
10.1410	O1810R32	-1	3.317849	0.000335	2021-08-20 11:06:08	0.000	0.000	0.000	0.000	0.000	0.000	0.000	0.000	0.000	-1.000	-1.000	
11.0050	C1310P06	500	1.681236	0.002969	2021-08-20 11:06:07	11.085	0.000	0.314	2.387	4.833	3.488	0.050	0.013	0.000	100.000	100.000	
10.1950	CO210R28	500	3.161905	0.001294	2021-08-20 11:06:21	13.835	0.000	0.326	4.785	5.179	3.484	0.047	0.014	0.000	90.000	34.687	
10.1310	O1810R34	500	3.410615	0.001238	2021-08-20 11:06:30	9.308	0.000	0.314	2.005	3.463	3.464	0.050	0.012	0.000	100.000	100.000	
10.8840	C1310R06	500	1.873681	0.000501	2021-08-20 11:06:42	11.419	0.000	0.337	4.198	3.320	3.503	0.048	0.013	0.000	100.000	100.000	
10.1220	O1810R36	500	3.376249	0.001309	2021-08-20 11:06:51	9.107	0.000	0.323	2.268	2.948	3.508	0.051	0.010	0.000	100.000	100.000	
10.1820	CO210R30	500	3.208305	0.000509	2021-08-20 11:07:04	12.362	0.000	0.312	2.968	5.513	3.510	0.056	0.003	0.000	87.500	51.903	
10.8670	C1310R08	500	1.900459	0.001029	2021-08-20 11:07:14	10.199	0.000	0.313	2.666	3.689	3.471	0.052	0.008	0.000	100.000	100.000	
10.1700	CO210R32	500	3.285412	0.000577	2021-08-20 11:07:31	13.680	0.000	0.320	4.468	5.366	3.469	0.038	0.020	0.000	85.254	55.169	
10.8500	C1310R10	500	1.893729	0.002046	2021-08-20 11:07:41	9.707	0.000	0.321	2.770	3.063	3.493	0.047	0.012	0.000	100.000	100.000	
9.5520	O1809P46	-1	-1000000.000000	-1.000000	2021-08-20 11:08:01	0.000	0.000	0.000	0.000	0.000	0.000	0.000	0.000	0.000	-1.000	-1.000	
10.1590	CO210R34	500	3.280794	0.000395	2021-08-20 11:07:58	13.087	0.000	0.314	4.047	5.180	3.482	0.050	0.014	0.000	88.750	40.788	
10.8330	C1310R12	500	1.936924	0.002128	2021-08-20 11:08:09	10.630	0.000	0.319	2.747	3.991	3.512	0.052	0.009	0.000	100.000	100.000	
10.1470	CO210R36	500	3.340764	0.000424	2021-08-20 11:08:25	13.883	0.000	0.326	5.251	4.791	3.457	0.037	0.022	0.000	85.847	47.783	
10.8160	C1310R14	500	1.946645	0.005618	2021-08-20 11:08:37	11.713	0.000	0.317	2.971	4.899	3.464	0.047	0.015	0.000	96.307	100.000	
10.1360	CO210R38	500	3.310961	0.000592	2021-08-20 11:08:51	11.380	0.000	0.316	2.795	4.769	3.447	0.033	0.019	0.000	76.805	68.612	
10.8000	C1310R16	500	1.950126	0.001105	2021-08-20 11:09:01	9.628	0.000	0.317	2.580	3.172	3.499	0.048	0.012	0.000	87.220	92.481	
10.1250	CO210R40	500	3.369144	0.000460	2021-08-20 11:09:16	12.578	0.000	0.320	3.670	5.042	3.482	0.056	0.008	0.000	95.189	100.000	
10.7840	C1310R18	500	1.894117	0.005519	2021-08-20 11:09:26	10.015	0.000	0.321	2.897	3.203	3.537	0.054	0.004	0.000	90.000	79.978	
9.7530	CO209P42	500	2.390004	0.000729	2021-08-20 11:09:45	13.264	0.000	0.325	3.964	5.401	3.511	0.055	0.008	0.000	100.000	100.000	
9.5360	O1809P44	500	1.600512	0.001984	2021-08-20 11:10:01	15.735	0.000	0.322	8.148	3.708	3.496	0.056	0.006	0.000	87.998	65.436	
10.7680	C1310R20	500	1.914972	0.000839	2021-08-20 11:10:13	11.575	0.000	0.337	4.383	3.298	3.499	0.058	0.000	0.000	89.687	89.647	
9.5190	O1809P42	500	1.552780	0.001160	2021-08-20 11:10:24	11.482	0.000	0.324	3.870	3.724	3.503	0.054	0.007	0.000	80.000	47.534	
10.7530	C1310R22	500	1.903116	0.002019	2021-08-20 11:10:33	9.228	0.000	0.322	2.370	2.959	3.512	0.055	0.009	0.000	100.000	100.000	
9.7330	CO209P40	500	2.019321	0.000534	2021-08-20 11:10:47	13.734	0.000	0.319	4.559	5.315	3.486	0.055	0.000	0.000	90.000	74.253	
9.5030	O1809P40	500	1.500636	0.001769	2021-08-20 11:10:59	11.428	0.000	0.318	4.284	3.269	3.497	0.051	0.010	0.000	90.000	23.844	
10.7380	C1310R24	500	1.887030	0.001208	2021-08-20 11:11:08	9.015	0.000	0.320	2.363	2.797	3.479	0.054	0.002	0.000	100.000	100.000	
9.7140	CO209P38	500	2.184457	0.000786	2021-08-20 11:11:21	13.451	0.000	0.317	4.686	4.867	3.516	0.056	0.009	0.000	90.000	75.165	
9.4880	O1809P38	500	1.502556	0.000821	2021-08-20 11:11:34	12.143	0.000	0.312	4.946	3.342	3.486	0.049	0.008	0.000	90.000	17.808	
10.7230	C1310R26	500	1.894833	0.003691	2021-08-20 11:11:44	10.415	0.000	0.311	2.468	4.068	3.503	0.052	0.012	0.000	100.000	100.000	
9.6950	CO209P36	500	2.097078	0.001672	2021-08-20 11:11:57	12.703	0.000	0.324	4.377	4.437	3.501	0.056	0.008	0.000	60.000	68.892	
9.4720	O1809P36	500	1.465300	0.000544	2021-08-20 11:12:09	12.194	0.000	0.329	4.653	3.654	3.493	0.057	0.008	0.000	90.000	20.072	
10.7080	C1310R28	500	1.894791	0.002081	2021-08-20 11:12:19	9.267	0.000	0.314	2.082	3.317	3.492	0.052	0.009	0.000	100.000	100.000	
9.6750	CO209P34	500	1.844664	0.000425	2021-08-20 11:12:31	12.579	0.000	0.315	3.985	4.739	3.476	0.051	0.012	0.000	87.500	51.858	
9.4570	O1809P34	500	1.372122	0.003227	2021-08-20 11:12:43	11.844	0.000	0.321	4.150	3.783	3.527	0.057	0.006	0.000	90.000	17.258	
10.6940	C1310R30	500	1.872134	0.001133	2021-08-20 11:12:54	10.456	0.000	0.318	2.149	4.449	3.477	0.055	0.008	0.000	100.000	100.000	
9.6570	CO209P32	500	1.969231	0.001182	2021-08-20 11:13:08	14.230	0.000	0.340	4.950	5.390	3.488	0.056	0.006	0.000	81.111	38.300	
9.4410	O1809P32	500	1.419498	0.001166	2021-08-20 11:13:24	15.407	0.000	0.337	8.163	3.356	3.493	0.058	0.000	0.000	90.000	12.058	
10.6800	C1310R32	500	1.876700	0.001952	2021-08-20 11:13:34	9.953	0.000	0.325	2.254	3.814	3.497	0.056	0.006	0.000	100.000	100.000	
9.6390	CO209P30	500	1.810170	0.000647	2021-08-20 11:13:47	13.581	0.000	0.326	4.369	5.327	3.497	0.058	0.004	0.000	87.500	41.004	
9.4270	O1809P30	500	1.414084	0.001128	2021-08-20 11:14:01	13.224	0.000	0.336	5.868	3.375	3.575	0.059	0.012	0.000	90.000	15.250	
10.6660	C1310R34	500	1.860678	0.001002	2021-08-20 11:14:10	8.935	0.000	0.315	2.171	2.865	3.525	0.058	0.001	0.000	100.000	100.000	
9.6210	CO209P28	500	1.809356	0.000678	2021-08-20 11:14:23	13.226	0.000	0.313	3.866	5.449	3.539	0.050	0.010	0.000	85.000	30.191	
9.4120	O1809P28	500	1.351854	0.001375	2021-08-20 11:14:41	17.431	0.000	0.317	10.067	3.465	3.517	0.060	0.006	0.000	90.000	11.524	
10.6520	C1310R36	500	1.868036	0.003883	2021-08-20 11:14:51	10.397	0.000	0.337	2.251	4.225	3.522	0.056	0.006	0.000	100.000	100.000	
9.6040	CO209P26	500	1.779605	0.000503	2021-08-20 11:15:04	12.893	0.000	0.313	4.352	4.683	3.484	0.055	0.007	0.000	90.000	29.003	
9.3970	O1809P26	500	1.310665	0.001813	2021-08-20 11:15:24	19.484	0.000	0.329	11.853	3.736	3.502	0.057	0.007	0.000	90.000	11.971	
10.6390	C1310R38	500	1.867935	0.001886	2021-08-20 11:15:33	9.212	0.000	0.320	2.280	3.060	3.489	0.057	0.005	0.000	100.000	100.000	
9.5880	CO209P24	500	1.741376	0.000947	2021-08-20 11:15:48	15.501	0.000	0.321	6.266	5.355	3.498	0.057	0.005	0.000	64.400	30.460	
9.3830	O1809P24	500	1.184273	0.000611	2021-08-20 11:15:59	10.411	0.000	0.341	3.162	3.321	3.519	0.065	0.003	0.000	90.000	0.211	
10.6260	C1310R40	500	1.864443	0.003299	2021-08-20 11:16:10	10.791	0.000	0.321	2.264	4.634	3.508	0.058	0.006	0.000	100.000	100.000	
9.5690	CO209P22	500	1.677137	0.000561	2021-08-20 11:16:24	14.057	0.000	0.311	4.788	5.400	3.495	0.058	0.005	0.000	90.000	27.843	
9.3690	O1809P22	500	1.215496	0.000537	2021-08-20 11:16:34	9.939	0.000	0.324	2.686	3.275	3.534	0.104	0.015	0.000	90.000	0.324	
9.5520	CO209P20	500	1.650595	0.000774	2021-08-20 11:16:50	12.553	0.000	0.317	3.654	4.998	3.508	0.069	0.006	0.000	90.000	21.733	
9.3550	O1809P20	500	1.233523	0.001064	2021-08-20 11:17:01	10.949	0.000	0.311	3.663	3.416	3.495	0.059	0.004	0.000	63.053	0.100	
9.5360	CO209P18	500	1.599376	0.000897	2021-08-20 11:17:17	12.831	0.000	0.340	3.765	5.172	3.492	0.054	0.008	0.000	90.000	25.266	
9.3410	O1809P18	500	1.197397	0.000871	2021-08-20 11:17:28	10.961	0.000	0.317	3.772	3.310	3.502	0.053	0.008	0.000	62.306	0.100	
9.5200	CO209P16	500	1.545585	0.000953	2021-08-20 11:17:44	12.944	0.000	0.317	3.578	5.458	3.531	0.059	0.000	0.000	90.000	19.966	
9.3280	O1809P16	500	1.159344	0.000477	2021-08-20 11:17:55	10.644	0.000	0.315	3.469	3.313	3.486	0.057	0.004	0.000	72.106	0.100	
10.1520	C1309P36	-1	-1000000.000000	-1.000000	2021-08-20 11:18:10	0.000	0.000	0.000	0.000	0.000	0.000	0.000	0.000	0.000	-1.000	-1.000	
9.5040	CO209P14	500	1.494890	0.000817	2021-08-20 11:18:10	12.140	0.000	0.319	2.952	5.289	3.516	0.059	0.004	0.000	90.000	27.067	
9.3150	O1809P14	500	1.127761	0.002690	2021-08-20 11:18:22	11.974	0.000	0.316	4.580	3.500	3.516	0.058	0.005	0.000	77.206	0.100	
9.4880	CO209P12	500	1.491799	0.001175	2021-08-20 11:18:37	13.186	0.000	0.314	4.665	4.629	3.515	0.059	0.003	0.000	90.000	17.826	
9.3020	O1809P12	500	1.094702	0.000794	2021-08-20 11:18:52	14.660	0.000	0.321	7.463	3.320	3.495	0.060	0.000	0.000	83.928	0.100	
9.4730	CO209P10	500	1.446275	0.000798	2021-08-20 11:19:05	13.270	0.000	0.324	3.893	5.484	3.501	0.062	0.005	0.000	90.000	20.212	
9.2890	O1809P10	500	1.088201	0.001882	2021-08-20 11:19:16	10.698	0.000	0.333	3.565	3.256	3.481	0.054	0.008	0.000	65.920	0.100	
9.4580	CO209P08	500	1.389060	0.000500	2021-08-20 11:19:31	12.098	0.000	0.328	2.770	5.406	3.529	0.062	0.003	0.000	85.000	26.771	
9.2760	O1809P08	500	1.050416	0.002207	2021-08-20 11:19:41	10.189	0.000	0.323	2.670	3.651	3.482	0.059	0.005	0.000	90.000	0.203	
9.3540	CO209R06	500	1.231524	0.000746	2021-08-20 11:19:59	14.634	0.000	0.322	5.260	5.468	3.520	0.059	0.005	0.000	90.000	16.475	
10.1310	C1309P34	-1	-1000000.000000	-1.000000	2021-08-20 11:20:10	0.000	0.000	0.000	0.000	0.000	0.000	0.000	0.000	0.000	-1.000	-1.000	
9.2640	O1809P06	500	1.037619	0.000800	2021-08-20 11:20:18	19.255	0.000	0.319	12.150	3.186	3.541	0.059	0.000	0.000	90.000	11.447	
9.3420	CO209R08	500	1.197034	0.001641	2021-08-20 11:20:31	13.178	0.000	0.326	4.297	4.992	3.499	0.061	0.004	0.000	90.000	19.201	
10.1100	C1309P32	500	3.442838	0.001638	2021-08-20 11:20:41	9.954	0.000	0.327	2.227	3.790	3.535	0.072	0.004	0.000	100.000	100.000	
9.1990	O1809R04	500	0.916331	0.003768	2021-08-20 11:20:55	13.453	0.000	0.329	5.998	3.554	3.510	0.059	0.003	0.000	89.375	22.201	
10.0900	C1309P30	500	3.416988	0.000790	2021-08-20 11:21:06	11.169	0.000	0.323	2.152	5.131	3.499	0.061	0.004	0.000	100.000	100.000	
9.3290	CO209R10	500	1.165303	0.000671	2021-08-20 11:21:22	15.499	0.000	0.316	6.669	4.994	3.461	0.059	0.000	0.000	90.000	13.923	
10.0700	C1309P28	500	3.439484	0.000367	2021-08-20 11:21:32	10.138	0.000	0.315	3.176	3.092	3.493	0.061	0.000	0.000	100.000	100.000	
9.1870	O1809R06	500	0.881405	0.002258	2021-08-20 11:21:49	16.695	0.000	0.328	8.467	4.318	3.515	0.059	0.008	0.000	83.471	0.100	
10.0500	C1309P26	500	3.396730	0.001148	2021-08-20 11:21:59	10.575	0.000	0.318	2.995	3.689	3.507	0.060	0.006	0.000	100.000	100.000	
9.3170	CO209R12	500	1.087697	0.003474	2021-08-20 11:22:23	23.404	0.000	0.320	6.754	7.010	9.254	0.065	0.002	0.000	90.000	12.495	
10.0310	C1309P24	500	3.363851	0.000859	2021-08-20 11:22:34	10.640	0.000	0.337	3.370	3.363	3.506	0.062	0.002	0.000	90.000	80.597	
9.1760	O1809R08	500	0.870791	0.000761	2021-08-20 11:22:45	10.738	0.000	0.318	3.141	3.698	3.520	0.061	0.001	0.000	83.002	0.100	
9.3050	CO209R14	500	1.090781	0.001299	2021-08-20 11:22:58	13.487	0.000	0.321	5.180	4.401	3.520	0.062	0.003	0.000	90.000	12.737	
10.0120	C1309P22	500	3.196190	0.000477	2021-08-20 11:23:09	11.111	0.000	0.326	2.552	4.658	3.511	0.062	0.003	0.000	100.000	100.000	
9.1660	O1809R10	500	0.867596	0.001622	2021-08-20 11:23:22	12.518	0.000	0.320	5.068	3.535	3.530	0.063	0.002	0.000	44.961	0.100	
9.9940	C1309P20	500	3.240794	0.002221	2021-08-20 11:23:33	11.237	0.000	0.314	2.668	4.669	3.522	0.063	0.001	0.000	100.000	100.000	
9.1550	O1809R12	500	0.878258	0.001382	2021-08-20 11:23:45	11.268	0.000	0.312	3.854	3.525	3.511	0.065	0.000	0.000	39.114	0.100	
9.2940	CO209R16	500	1.074423	0.002499	2021-08-20 11:23:57	11.796	0.000	0.317	2.782	5.150	3.489	0.058	0.000	0.000	90.000	0.667	
9.9750	C1309P18	500	3.152139	0.002069	2021-08-20 11:24:08	11.193	0.000	0.325	2.967	4.341	3.495	0.063	0.002	0.000	100.000	100.000	
9.1450	O1809R14	500	0.876874	0.001861	2021-08-20 11:24:21	13.128	0.000	0.337	5.374	3.841	3.516	0.060	0.000	0.000	41.730	0.100	
9.9570	C1309P16	500	3.116399	0.001144	2021-08-20 11:24:32	11.085	0.000	0.319	2.383	4.805	3.511	0.067	0.001	0.000	100.000	100.000	
9.2820	CO209R18	500	1.060515	0.000896	2021-08-20 11:24:49	15.988	0.000	0.315	6.649	5.460	3.494	0.066	0.003	0.000	90.000	12.892	
9.9400	C1309P14	500	3.025676	0.001335	2021-08-20 11:25:00	11.134	0.000	0.325	2.551	4.681	3.508	0.068	0.000	0.000	100.000	100.000	
9.1340	O1809R16	500	0.871471	0.002697	2021-08-20 11:25:13	12.746	0.000	0.322	5.286	3.589	3.486	0.063	0.000	0.000	31.319	0.100	
9.9230	C1309P12	500	3.024795	0.001476	2021-08-20 11:25:26	13.213	0.000	0.315	4.865	4.498	3.474	0.061	0.000	0.000	90.000	88.484	
9.1250	O1809R18	500	0.880590	0.003349	2021-08-20 11:25:38	12.147	0.000	0.323	4.710	3.511	3.539	0.064	0.001	0.000	40.556	0.100	
9.9060	C1309P10	500	2.977091	0.001369	2021-08-20 11:25:49	11.216	0.000	0.320	2.364	4.932	3.529	0.069	0.002	0.000	100.000	100.000	
9.2710	CO209R20	500	1.040696	0.000801	2021-08-20 11:26:02	12.446	0.000	0.329	4.264	4.276	3.513	0.064	0.001	0.000	69.937	0.100	
9.1150	O1809R20	500	0.879990	0.000784	2021-08-20 11:26:14	11.580	0.000	0.318	4.366	3.335	3.496	0.065	0.000	0.000	35.040	0.100	
9.2610	CO209R22	500	1.036653	0.003166	2021-08-20 11:26:39	23.480	0.000	0.318	14.266	5.339	3.488	0.067	0.002	0.000	90.000	11.157	
9.1050	O1809R22	500	0.881280	0.002182	2021-08-20 11:26:51	11.789	0.000	0.327	4.165	3.709	3.525	0.059	0.004	0.000	33.218	0.100	
9.2500	CO209R24	500	1.007363	0.007399	2021-08-20 11:27:05	12.380	0.000	0.315	3.280	5.180	3.537	0.068	0.000	0.000	74.473	0.100	
9.0950	O1809R24	500	0.878729	0.003058	2021-08-20 11:27:17	10.099	0.000	0.321	2.551	3.662	3.499	0.063	0.003	0.000	29.171	0.100	
9.2400	CO209R26	500	1.003683	0.002506	2021-08-20 11:27:30	11.681	0.000	0.321	3.262	4.534	3.497	0.066	0.001	0.000	66.222	0.100	
9.0860	O1809R26	500	0.883820	0.001455	2021-08-20 11:27:44	12.127	0.000	0.340	4.353	3.837	3.528	0.069	0.001	0.000	23.869	0.100	
9.7620	C1309R08	-1	-1000000.000000	-1.000000	2021-08-20 11:27:46	0.000	0.000	0.000	0.000	0.000	0.000	0.000	0.000	0.000	-1.000	-1.000	
9.2300	CO209R28	500	0.979819	0.007787	2021-08-20 11:27:59	15.121	0.000	0.325	5.750	5.470	3.513	0.062	0.000	0.000	81.414	0.100	
9.0770	O1809R28	500	0.883830	0.003557	2021-08-20 11:28:09	10.055	0.000	0.320	2.880	3.266	3.524	0.064	0.000	0.000	28.404	0.100	
9.2190	CO209R30	500	0.938733	0.000809	2021-08-20 11:28:27	14.463	0.000	0.326	5.263	5.290	3.518	0.067	0.000	0.000	87.366	11.587	
9.0680	O1809R30	500	0.870488	0.000887	2021-08-20 11:28:39	11.577	0.000	0.320	4.066	3.627	3.496	0.067	0.000	0.000	22.604	0.100	
9.7490	C1309R10	500	2.303178	0.001333	2021-08-20 11:28:50	10.688	0.000	0.313	2.357	4.446	3.504	0.066	0.001	0.000	100.000	100.000	
9.2100	CO209R32	500	0.944956	0.000956	2021-08-20 11:29:03	12.710	0.000	0.312	3.863	4.966	3.503	0.065	0.000	0.000	90.000	0.542	
9.7360	C1309R12	500	2.046516	0.001693	2021-08-20 11:29:13	10.307	0.000	0.323	2.371	4.080	3.468	0.060	0.004	0.000	100.000	100.000	
9.0590	O1809R32	500	0.857247	0.002125	2021-08-20 11:29:26	12.454	0.000	0.321	4.873	3.688	3.507	0.066	0.000	0.000	20.587	0.100	
9.7230	C1309R14	500	2.135901	0.001555	2021-08-20 11:29:39	13.011	0.000	0.328	2.717	6.414	3.488	0.064	0.000	0.000	100.000	100.000	
9.0510	O1809R34	500	0.848162	0.003001	2021-08-20 11:29:52	12.341	0.000	0.322	4.968	3.447	3.535	0.068	0.001	0.000	24.037	0.100	
9.7100	C1309R16	500	2.203536	0.002544	2021-08-20 11:30:03	11.190	0.000	0.309	2.373	4.942	3.494	0.069	0.003	0.000	100.000	100.000	
9.2010	CO209R34	500	0.940407	0.000953	2021-08-20 11:30:33	30.333	0.000	0.318	9.481	5.507	14.961	0.066	0.000	0.000	86.126	0.100	
9.6980	C1309R18	500	2.133050	0.000845	2021-08-20 11:30:44	10.569	0.000	0.328	2.748	3.907	3.519	0.067	0.001	0.000	100.000	100.000	
9.0420	O1809R36	500	0.830898	0.002191	2021-08-20 11:30:57	12.582	0.000	0.343	5.055	3.614	3.504	0.066	0.000	0.000	23.171	0.100	
9.6860	C1309R20	500	1.972441	0.003145	2021-08-20 11:31:08	10.919	0.000	0.319	2.668	4.356	3.509	0.066	0.000	0.000	100.000	100.000	
9.0340	O1809R38	500	0.798308	0.001918	2021-08-20 11:31:21	12.629	0.000	0.328	4.852	3.857	3.524	0.067	0.000	0.000	30.617	0.100	
9.6750	C1309R22	500	1.830161	0.001473	2021-08-20 11:31:32	10.403	0.000	0.325	2.549	3.926	3.538	0.065	0.000	0.000	100.000	100.000	
9.0260	O1809R40	500	0.795638	0.001945	2021-08-20 11:31:46	13.134	0.000	0.321	5.668	3.564	3.513	0.068	0.000	0.000	51.651	0.100	
9.6630	C1309R24	500	1.978108	0.001215	2021-08-20 11:31:58	11.382	0.000	0.324	2.552	4.943	3.499	0.062	0.000	0.000	100.000	100.000	
9.6520	C1309R26	500	1.910353	0.001193	2021-08-20 11:32:22	11.398	0.000	0.325	2.667	4.784	3.554	0.068	0.000	0.000	100.000	100.000	
9.0180	O1809R42	-1	-1000000.000000	-1.000000	2021-08-20 11:34:19	0.000	0.000	0.000	0.000	0.000	0.000	0.000	0.000	0.000	-1.000	-1.000	
10.6640	O1810P36	500	1.873329	0.004783	2021-08-20 11:34:47	8.127	0.000	0.316	1.370	2.844	3.500	0.079	0.018	0.000	100.000	100.000	
9.6420	C1309R28	-1	1.905572	0.004421	2021-08-20 11:34:49	0.000	0.000	0.000	0.000	0.000	0.000	0.000	0.000	0.000	-1.000	-1.000	
10.4530	O1810P14	500	1.971744	0.002467	2021-08-20 11:35:13	9.548	0.000	0.319	2.357	3.265	3.536	0.072	0.000	0.000	100.000	100.000	
10.2650	O1810R10	500	2.633883	0.001437	2021-08-20 11:35:38	9.606	0.000	0.318	2.377	3.276	3.554	0.081	0.000	0.000	100.000	100.000	
10.1410	O1810R32	500	3.317849	0.000335	2021-08-20 11:36:05	10.579	0.000	0.318	3.176	3.509	3.510	0.063	0.002	0.000	100.000	100.000	
9.6310	C1309R30	-1	1.867977	0.000785	2021-08-20 11:36:43	0.000	0.000	0.000	0.000	0.000	0.000	0.000	0.000	0.000	-1.000	-1.000	
9.6210	C1309R32	-1	-1000000.000000	-1.000000	2021-08-20 11:38:40	0.000	0.000	0.000	0.000	0.000	0.000	0.000	0.000	0.000	-1.000	-1.000	
9.5520	O1809P46	-1	-1000000.000000	-1.000000	2021-08-20 11:38:57	0.000	0.000	0.000	0.000	0.000	0.000	0.000	0.000	0.000	-1.000	-1.000	
9.6110	C1309R34	-1	-1000000.000000	-1.000000	2021-08-20 11:40:38	0.000	0.000	0.000	0.000	0.000	0.000	0.000	0.000	0.000	-1.000	-1.000	
9.0180	O1809R42	-1	-1000000.000000	-1.000000	2021-08-20 11:41:57	0.000	0.000	0.000	0.000	0.000	0.000	0.000	0.000	0.000	-1.000	-1.000	
11.2160	C1310P26	500	1.395035	0.000699	2021-08-20 11:42:47	10.458	0.000	0.315	2.572	3.909	3.572	0.089	0.000	0.000	100.000	100.000	
11.1940	C1310P24	500	1.456281	0.001357	2021-08-20 11:43:31	20.033	0.000	0.318	2.888	7.421	9.336	0.069	0.000	0.000	100.000	100.000	
10.1520	C1309P36	-1	-1000000.000000	-1.000000	2021-08-20 11:45:11	0.000	0.000	0.000	0.000	0.000	0.000	0.000	0.000	0.000	-1.000	-1.000	
10.1310	C1309P34	-1	-1000000.000000	-1.000000	2021-08-20 11:46:44	0.000	0.000	0.000	0.000	0.000	0.000	0.000	0.000	0.000	-1.000	-1.000	
9.7620	C1309R08	-1	-1000000.000000	-1.000000	2021-08-20 11:48:18	0.000	0.000	0.000	0.000	0.000	0.000	0.000	0.000	0.000	-1.000	-1.000	
9.6420	C1309R28	500	1.905572	0.004421	2021-08-20 11:50:20	9.192	0.000	0.328	2.398	2.792	3.563	0.099	0.012	0.000	100.000	100.000	
9.6310	C1309R30	500	1.867977	0.000785	2021-08-20 11:52:48	51.856	0.000	0.333	8.539	22.307	20.616	0.058	0.003	0.000	100.000	100.000	
9.6210	C1309R32	-1	-1000000.000000	-1.000000	2021-08-20 11:54:23	0.000	0.000	0.000	0.000	0.000	0.000	0.000	0.000	0.000	-1.000	-1.000	
9.6110	C1309R34	-1	-1000000.000000	-1.000000	2021-08-20 11:55:55	0.000	0.000	0.000	0.000	0.000	0.000	0.000	0.000	0.000	-1.000	-1.000	
