Wavelength	Line name	# of completed ringdowns	Ringdowntimes (us)	STOT	TimeStamp	Get ringdown time (s)	Step time (s)	Step time (s)	Step time(s)	Step time(s) 	Step time(s) 	Step time(s)	Step time(s)	Step time(s) 	AOM setting	Attenuator setting
10.8110	CO210P40	500	1.733789	0.002262	2021-08-19 23:49:48	10.637	0.000	0.320	1.347	5.239	3.571	0.142	0.018	0.000	100.000	100.000	
10.7870	CO210P38	500	1.871159	0.001618	2021-08-19 23:50:17	10.707	0.000	0.319	2.368	4.332	3.574	0.101	0.014	0.000	100.000	100.000	
10.7640	CO210P36	500	1.880503	0.001775	2021-08-19 23:50:46	10.718	0.000	0.319	2.358	4.361	3.568	0.095	0.017	0.000	100.000	100.000	
10.7410	CO210P34	500	1.943815	0.001510	2021-08-19 23:51:15	11.064	0.000	0.315	2.362	4.670	3.589	0.110	0.016	0.000	100.000	100.000	
10.7190	CO210P32	500	1.998387	0.001205	2021-08-19 23:51:47	13.357	0.000	0.337	3.659	5.686	3.563	0.095	0.016	0.000	94.925	100.000	
11.2390	C1310P28	500	1.235210	0.004974	2021-08-19 23:51:58	9.523	0.000	0.317	1.347	4.176	3.557	0.108	0.018	0.000	100.000	100.000	
10.6960	CO210P30	500	2.114858	0.001197	2021-08-19 23:52:13	12.903	0.000	0.339	3.345	5.544	3.557	0.099	0.019	0.000	90.000	90.000	
10.6640	O1810P36	-1	-1000000.000000	-1.000000	2021-08-19 23:52:24	0.000	0.000	0.000	0.000	0.000	0.000	0.000	0.000	0.000	-1.000	-1.000	
10.6750	CO210P28	500	2.171843	0.002052	2021-08-19 23:52:42	11.498	0.000	0.326	2.163	5.282	3.608	0.102	0.017	0.000	100.000	100.000	
10.6430	O1810P34	0	NaN	NaN	2021-08-19 23:53:01	0.432	0.000	0.311	0.118	0.000	0.000	0.003	0.000	0.000	0.100	0.100	
10.6530	CO210P26	500	2.229546	0.013281	2021-08-19 23:53:12	10.354	0.000	0.313	2.350	4.035	3.517	0.127	0.012	0.000	100.000	100.000	
10.6220	O1810P32	500	2.318179	0.001475	2021-08-19 23:53:24	9.443	0.000	0.316	2.067	3.362	3.571	0.102	0.026	0.000	100.000	100.000	
10.6320	CO210P24	500	2.285214	0.011171	2021-08-19 23:53:37	10.632	0.000	0.323	2.348	4.224	3.620	0.101	0.017	0.000	100.000	100.000	
10.6020	O1810P30	500	2.375256	0.000974	2021-08-19 23:53:47	9.310	0.000	0.321	2.163	3.199	3.524	0.079	0.025	0.000	100.000	100.000	
10.6110	CO210P22	500	2.349435	0.002417	2021-08-19 23:54:02	10.304	0.000	0.337	1.367	4.919	3.567	0.093	0.021	0.000	100.000	100.000	
10.5820	O1810P28	500	2.405062	0.000889	2021-08-19 23:54:12	10.036	0.000	0.319	2.882	3.122	3.593	0.099	0.021	0.000	90.000	99.334	
11.2160	C1310P26	500	1.258215	0.007994	2021-08-19 23:54:23	10.155	0.000	0.324	2.066	4.039	3.614	0.099	0.013	0.000	100.000	100.000	
10.5910	CO210P20	500	2.402359	0.002191	2021-08-19 23:54:34	10.757	0.000	0.319	1.566	5.171	3.585	0.099	0.017	0.000	100.000	100.000	
10.5630	O1810P26	500	2.477376	0.000873	2021-08-19 23:54:45	11.261	0.000	0.321	3.645	3.568	3.618	0.100	0.009	0.000	80.000	80.000	
10.5710	CO210P18	500	2.401743	0.007119	2021-08-19 23:54:58	9.893	0.000	0.315	1.660	4.257	3.554	0.093	0.013	0.000	100.000	100.000	
10.5430	O1810P24	500	2.434054	0.001172	2021-08-19 23:55:10	10.574	0.000	0.312	3.063	3.519	3.566	0.096	0.019	0.000	85.000	72.482	
10.5510	CO210P16	500	2.493082	0.002216	2021-08-19 23:55:23	10.964	0.000	0.343	1.754	5.154	3.605	0.098	0.010	0.000	100.000	100.000	
10.5250	O1810P22	500	2.569820	0.000886	2021-08-19 23:55:37	12.254	0.000	0.331	4.470	3.728	3.610	0.102	0.012	0.000	89.381	87.847	
10.5320	CO210P14	500	2.488344	0.005901	2021-08-19 23:55:48	10.840	0.000	0.319	1.965	4.893	3.548	0.096	0.020	0.000	100.000	100.000	
10.5060	O1810P20	500	2.538144	0.000883	2021-08-19 23:56:02	10.953	0.000	0.326	3.348	3.570	3.592	0.098	0.019	0.000	90.000	74.852	
10.5130	CO210P12	500	2.588380	0.000862	2021-08-19 23:56:14	11.121	0.000	0.320	2.459	4.659	3.573	0.097	0.013	0.000	85.000	81.636	
10.4880	O1810P18	500	2.541994	0.000992	2021-08-19 23:56:27	10.349	0.000	0.314	3.446	2.878	3.595	0.097	0.020	0.000	77.448	80.000	
11.1940	C1310P24	500	1.277689	0.006192	2021-08-19 23:56:37	9.746	0.000	0.326	2.071	3.638	3.595	0.095	0.020	0.000	100.000	100.000	
10.4940	CO210P10	500	2.599925	0.015768	2021-08-19 23:57:58	81.254	0.000	0.324	2.919	57.121	20.770	0.101	0.020	0.000	100.000	100.000	
10.4710	O1810P16	500	2.686231	0.000891	2021-08-19 23:58:08	10.398	0.000	0.321	3.071	3.209	3.621	0.141	0.036	0.000	85.000	73.917	
11.1710	C1310P22	500	1.251153	0.001969	2021-08-19 23:58:22	13.340	0.000	0.325	3.680	5.532	3.608	0.114	0.081	0.000	90.000	92.953	
10.4530	O1810P14	500	2.741400	0.000913	2021-08-19 23:58:35	11.772	0.000	0.344	3.977	3.791	3.553	0.098	0.009	0.000	90.000	79.641	
10.4760	CO210P08	500	2.676047	0.010867	2021-08-19 23:58:46	11.031	0.000	0.325	2.149	4.850	3.578	0.113	0.016	0.000	100.000	100.000	
10.4360	O1810P12	500	2.781975	0.000866	2021-08-19 23:58:59	12.264	0.000	0.320	4.462	3.766	3.600	0.099	0.016	0.000	90.000	81.497	
11.1490	C1310P20	500	1.280342	0.001946	2021-08-19 23:59:09	10.341	0.000	0.312	2.870	3.458	3.581	0.104	0.016	0.000	90.000	84.507	
10.4580	CO210P06	500	2.728237	0.002603	2021-08-19 23:59:20	10.579	0.000	0.311	1.686	4.841	3.616	0.103	0.022	0.000	100.000	100.000	
10.4200	O1810P10	500	2.803440	0.000758	2021-08-19 23:59:31	10.680	0.000	0.312	3.777	2.917	3.562	0.097	0.015	0.000	88.180	85.867	
10.3650	CO210R04	500	2.863604	0.000968	2021-08-19 23:59:48	13.453	0.000	0.329	4.062	5.329	3.617	0.101	0.015	0.000	100.000	100.000	
10.4040	O1810P08	500	2.854936	0.001190	2021-08-19 23:59:58	9.540	0.000	0.340	1.767	3.701	3.615	0.103	0.015	0.000	100.000	100.000	
10.3490	CO210R06	500	2.768754	0.001471	2021-08-20 00:00:15	11.005	0.000	0.324	1.985	4.971	3.609	0.102	0.015	0.000	100.000	100.000	
10.2780	O1810R08	500	3.215365	0.000859	2021-08-20 00:00:24	9.486	0.000	0.318	2.362	3.088	3.605	0.098	0.015	0.000	100.000	100.000	
10.3340	CO210R08	500	2.861574	0.000811	2021-08-20 00:00:41	11.628	0.000	0.313	2.147	5.450	3.596	0.103	0.018	0.000	77.037	62.563	
10.2650	O1810R10	500	3.249665	0.000950	2021-08-20 00:00:53	11.483	0.000	0.319	3.965	3.475	3.605	0.101	0.019	0.000	90.000	72.934	
10.3180	CO210R10	500	3.047475	0.000808	2021-08-20 00:01:07	11.467	0.000	0.326	2.350	5.070	3.596	0.106	0.021	0.000	80.000	50.238	
10.2520	O1810R12	500	3.296111	0.000740	2021-08-20 00:01:17	10.004	0.000	0.314	2.868	3.092	3.612	0.102	0.016	0.000	85.000	72.468	
11.1280	C1310P18	500	1.296078	0.002516	2021-08-20 00:01:27	9.720	0.000	0.320	2.262	3.441	3.578	0.097	0.024	0.000	100.000	100.000	
10.3030	CO210R12	500	3.050161	0.000810	2021-08-20 00:01:39	12.248	0.000	0.318	3.872	4.357	3.586	0.095	0.020	0.000	87.500	53.987	
10.2400	O1810R14	500	3.342836	0.000633	2021-08-20 00:01:50	10.795	0.000	0.317	3.372	3.384	3.604	0.103	0.015	0.000	87.500	72.807	
11.1070	C1310P16	500	1.311539	0.002732	2021-08-20 00:02:00	9.995	0.000	0.342	2.046	3.884	3.600	0.103	0.020	0.000	100.000	100.000	
10.2890	CO210R14	500	3.102553	0.000724	2021-08-20 00:02:14	14.254	0.000	0.325	5.167	5.098	3.548	0.099	0.018	0.000	84.661	38.883	
10.2280	O1810R16	500	3.368606	0.000706	2021-08-20 00:02:25	10.646	0.000	0.315	3.561	3.067	3.589	0.099	0.017	0.000	90.000	65.670	
11.0860	C1310P14	500	1.337044	0.001991	2021-08-20 00:02:36	10.704	0.000	0.320	2.645	4.019	3.595	0.101	0.023	0.000	92.059	97.288	
10.2740	CO210R16	500	3.196876	0.000819	2021-08-20 00:02:49	12.833	0.000	0.318	3.953	4.858	3.581	0.098	0.024	0.000	69.520	48.646	
10.2160	O1810R18	500	3.426013	0.000769	2021-08-20 00:02:59	10.247	0.000	0.325	2.762	3.458	3.586	0.101	0.015	0.000	85.000	62.687	
11.0650	C1310P12	500	1.365876	0.013237	2021-08-20 00:03:10	11.004	0.000	0.320	2.438	4.545	3.589	0.094	0.017	0.000	100.000	100.000	
10.2600	CO210R18	500	3.276913	0.000773	2021-08-20 00:03:22	11.756	0.000	0.311	2.852	4.889	3.588	0.098	0.018	0.000	83.333	39.274	
10.2040	O1810R20	500	3.458410	0.000768	2021-08-20 00:03:34	11.183	0.000	0.321	3.351	3.789	3.613	0.100	0.009	0.000	87.500	60.414	
11.0450	C1310P10	500	1.381375	0.005858	2021-08-20 00:03:47	10.736	0.000	0.327	2.666	4.039	3.595	0.100	0.008	0.000	100.000	100.000	
10.1930	O1810R22	500	3.492445	0.000769	2021-08-20 00:03:58	10.832	0.000	0.315	3.364	3.453	3.593	0.101	0.007	0.000	85.000	51.005	
10.2470	CO210R20	500	2.927323	0.000886	2021-08-20 00:04:10	12.034	0.000	0.318	3.064	4.942	3.592	0.101	0.018	0.000	79.136	47.637	
10.1820	O1810R24	500	3.494160	0.000746	2021-08-20 00:04:22	9.887	0.000	0.313	2.762	3.093	3.603	0.100	0.017	0.000	85.000	60.327	
10.2330	CO210R22	500	3.349445	0.000699	2021-08-20 00:04:37	12.248	0.000	0.338	3.279	4.955	3.563	0.096	0.017	0.000	83.489	42.895	
10.1710	O1810R26	500	3.551240	0.000799	2021-08-20 00:04:47	9.866	0.000	0.320	3.467	2.463	3.520	0.067	0.028	0.000	76.667	68.229	
10.2200	CO210R24	500	3.410274	0.000687	2021-08-20 00:05:04	11.987	0.000	0.315	2.846	5.142	3.572	0.095	0.016	0.000	80.233	44.909	
10.1610	O1810R28	500	3.548740	0.000678	2021-08-20 00:05:15	11.072	0.000	0.324	3.263	3.800	3.576	0.096	0.014	0.000	87.500	56.879	
10.2070	CO210R26	500	3.440364	0.000793	2021-08-20 00:05:31	12.768	0.000	0.314	3.856	4.890	3.590	0.101	0.017	0.000	77.344	44.349	
10.1500	O1810R30	500	3.601108	0.000744	2021-08-20 00:05:42	10.819	0.000	0.319	4.361	2.433	3.589	0.098	0.019	0.000	90.000	82.925	
10.1950	CO210R28	500	3.489906	0.000685	2021-08-20 00:06:00	15.410	0.000	0.327	6.359	5.043	3.564	0.093	0.023	0.000	84.967	41.170	
11.0250	C1310P08	500	1.396327	0.016539	2021-08-20 00:06:11	9.929	0.000	0.330	2.090	3.787	3.601	0.101	0.021	0.000	100.000	100.000	
10.1410	O1810R32	500	3.618953	0.000665	2021-08-20 00:06:21	10.845	0.000	0.319	3.266	3.527	3.620	0.104	0.010	0.000	98.315	100.000	
10.1820	CO210R30	500	3.498107	0.000790	2021-08-20 00:06:33	11.353	0.000	0.325	2.545	4.779	3.587	0.098	0.019	0.000	70.000	52.944	
11.0050	C1310P06	500	1.408877	0.002856	2021-08-20 00:06:46	9.667	0.000	0.326	1.877	3.738	3.609	0.098	0.019	0.000	100.000	100.000	
10.1310	O1810R34	500	3.661143	0.001765	2021-08-20 00:06:56	9.419	0.000	0.325	2.000	3.379	3.599	0.098	0.018	0.000	100.000	100.000	
10.1700	CO210R32	500	3.558637	0.000700	2021-08-20 00:07:10	14.236	0.000	0.333	4.760	5.396	3.629	0.097	0.020	0.000	77.712	53.500	
10.8840	C1310R06	500	1.670306	0.002079	2021-08-20 00:07:22	11.777	0.000	0.331	4.164	3.561	3.605	0.094	0.023	0.000	100.000	100.000	
10.1590	CO210R34	500	3.567608	0.000737	2021-08-20 00:07:36	11.984	0.000	0.326	2.965	5.011	3.566	0.097	0.017	0.000	78.750	46.368	
10.8670	C1310R08	500	1.719177	0.001989	2021-08-20 00:07:48	11.481	0.000	0.320	2.550	4.905	3.586	0.100	0.021	0.000	100.000	100.000	
10.1470	CO210R36	500	3.610229	0.000743	2021-08-20 00:08:01	11.855	0.000	0.325	3.145	4.674	3.593	0.093	0.024	0.000	67.500	55.636	
10.1220	O1810R36	328	3.647202	0.025765	2021-08-20 00:08:56	54.342	0.000	0.324	6.041	28.527	19.359	0.057	0.034	0.000	100.000	100.000	
10.8500	C1310R10	500	1.746321	0.002100	2021-08-20 00:09:07	10.863	0.000	0.322	2.079	4.820	3.512	0.112	0.016	0.000	100.000	100.000	
10.1360	CO210R38	500	3.618713	0.000743	2021-08-20 00:09:21	13.946	0.000	0.311	4.952	4.992	3.564	0.108	0.019	0.000	84.698	42.997	
10.8330	C1310R12	500	1.797619	0.001350	2021-08-20 00:09:33	12.025	0.000	0.321	2.648	5.340	3.592	0.104	0.021	0.000	100.000	100.000	
10.1250	CO210R40	500	3.650539	0.000715	2021-08-20 00:09:48	13.640	0.000	0.320	4.479	5.133	3.588	0.102	0.018	0.000	90.000	65.463	
10.8160	C1310R14	500	1.835210	0.001405	2021-08-20 00:09:59	10.900	0.000	0.320	3.763	3.091	3.607	0.101	0.019	0.000	89.375	93.682	
9.7530	CO209P42	500	3.386200	0.000674	2021-08-20 00:10:19	16.465	0.000	0.319	6.947	5.535	3.552	0.092	0.020	0.000	81.563	56.850	
10.8000	C1310R16	500	1.871669	0.001273	2021-08-20 00:10:40	21.863	0.000	0.314	3.163	8.908	9.361	0.098	0.018	0.000	100.000	100.000	
9.7330	CO209P40	500	3.072905	0.000777	2021-08-20 00:10:54	12.949	0.000	0.318	4.046	4.875	3.589	0.093	0.027	0.000	90.000	37.535	
10.7840	C1310R18	500	1.791810	0.001319	2021-08-20 00:11:06	11.658	0.000	0.321	3.873	3.774	3.575	0.093	0.021	0.000	89.688	77.266	
9.7140	CO209P38	500	3.165055	0.000819	2021-08-20 00:11:19	12.429	0.000	0.324	3.566	4.878	3.549	0.092	0.020	0.000	87.500	43.354	
10.7680	C1310R20	500	1.893783	0.002138	2021-08-20 00:11:31	11.258	0.000	0.314	3.088	4.161	3.576	0.095	0.025	0.000	100.000	100.000	
9.5520	O1809P46	-1	-1000000.000000	-1.000000	2021-08-20 00:11:38	0.000	0.000	0.000	0.000	0.000	0.000	0.000	0.000	0.000	-1.000	-1.000	
9.6950	CO209P36	500	3.184156	0.000819	2021-08-20 00:11:49	16.333	0.000	0.326	7.568	4.774	3.555	0.094	0.017	0.000	88.311	29.863	
9.5360	O1809P44	500	2.531972	0.000917	2021-08-20 00:12:01	12.067	0.000	0.318	4.678	3.382	3.569	0.098	0.021	0.000	90.000	52.278	
10.7530	C1310R22	500	1.920149	0.003845	2021-08-20 00:12:10	8.951	0.000	0.319	1.865	3.054	3.595	0.101	0.017	0.000	100.000	100.000	
9.6750	CO209P34	500	2.931406	0.000847	2021-08-20 00:12:24	13.904	0.000	0.314	5.064	4.853	3.559	0.099	0.015	0.000	89.687	24.795	
9.5190	O1809P42	500	2.494775	0.000889	2021-08-20 00:12:37	13.258	0.000	0.323	5.678	3.567	3.579	0.095	0.016	0.000	89.375	23.691	
10.7380	C1310R24	500	1.929496	0.002206	2021-08-20 00:12:49	11.147	0.000	0.323	2.395	4.707	3.615	0.104	0.002	0.000	100.000	100.000	
9.5030	O1809P40	500	2.431193	0.001090	2021-08-20 00:13:16	26.790	0.000	0.318	19.180	3.525	3.593	0.145	0.029	0.000	90.000	11.303	
10.7230	C1310R26	500	2.028333	0.001694	2021-08-20 00:13:27	11.209	0.000	0.340	2.662	4.507	3.573	0.110	0.017	0.000	100.000	100.000	
9.4880	O1809P38	500	2.429704	0.001083	2021-08-20 00:13:39	11.555	0.000	0.331	4.064	3.408	3.633	0.098	0.021	0.000	65.718	0.100	
9.6570	CO209P32	500	3.047149	0.000789	2021-08-20 00:13:54	15.002	0.000	0.317	6.052	4.901	3.603	0.117	0.013	0.000	89.480	18.665	
10.7080	C1310R28	500	2.083656	0.001926	2021-08-20 00:14:03	9.139	0.000	0.321	2.159	2.984	3.561	0.098	0.015	0.000	100.000	100.000	
9.4720	O1809P36	500	2.388747	0.000944	2021-08-20 00:14:15	12.134	0.000	0.321	4.366	3.763	3.563	0.102	0.020	0.000	65.236	0.100	
10.6940	C1310R30	500	2.127510	0.002643	2021-08-20 00:14:25	9.556	0.000	0.323	2.252	3.297	3.573	0.095	0.016	0.000	100.000	100.000	
9.6390	CO209P30	500	2.886534	0.000887	2021-08-20 00:14:38	12.977	0.000	0.337	3.551	5.400	3.577	0.097	0.015	0.000	85.000	19.716	
9.4570	O1809P34	500	2.284233	0.001139	2021-08-20 00:14:49	10.815	0.000	0.323	3.462	3.367	3.550	0.097	0.015	0.000	64.921	0.100	
10.6800	C1310R32	500	2.168562	0.003682	2021-08-20 00:14:59	10.038	0.000	0.327	2.387	3.645	3.572	0.093	0.014	0.000	100.000	100.000	
9.6210	CO209P28	500	2.780619	0.000901	2021-08-20 00:15:13	13.815	0.000	0.324	4.669	5.150	3.559	0.093	0.021	0.000	88.750	13.552	
9.4410	O1809P32	500	2.333013	0.000973	2021-08-20 00:15:26	11.944	0.000	0.313	4.667	3.276	3.571	0.096	0.021	0.000	47.821	0.100	
10.6660	C1310R34	500	2.198790	0.002312	2021-08-20 00:15:35	9.800	0.000	0.338	2.361	3.441	3.545	0.097	0.018	0.000	100.000	100.000	
9.6040	CO209P26	500	2.781351	0.000841	2021-08-20 00:15:50	14.437	0.000	0.323	5.646	4.751	3.595	0.103	0.018	0.000	90.000	15.249	
9.4270	O1809P30	500	2.321339	0.000941	2021-08-20 00:16:01	11.155	0.000	0.340	3.568	3.547	3.576	0.104	0.020	0.000	57.539	0.100	
10.6520	C1310R36	500	2.243858	0.002174	2021-08-20 00:16:12	10.767	0.000	0.321	2.279	4.425	3.621	0.102	0.020	0.000	100.000	100.000	
9.4120	O1809P28	500	2.224827	0.001106	2021-08-20 00:16:23	10.977	0.000	0.326	3.449	3.496	3.591	0.095	0.019	0.000	47.659	0.100	
9.5880	CO209P24	500	2.714600	0.000841	2021-08-20 00:16:37	13.587	0.000	0.320	4.463	5.112	3.579	0.096	0.017	0.000	81.111	13.116	
10.6390	C1310R38	500	2.283575	0.002064	2021-08-20 00:16:48	11.122	0.000	0.321	2.276	4.828	3.577	0.099	0.021	0.000	100.000	100.000	
9.3970	O1809P26	500	2.181964	0.000993	2021-08-20 00:17:01	12.441	0.000	0.333	4.651	3.735	3.599	0.107	0.017	0.000	45.627	0.100	
10.6260	C1310R40	500	2.273256	0.002587	2021-08-20 00:17:12	10.953	0.000	0.323	2.265	4.659	3.593	0.096	0.018	0.000	100.000	100.000	
9.5690	CO209P22	500	2.647318	0.000929	2021-08-20 00:17:28	16.299	0.000	0.316	7.165	5.133	3.576	0.096	0.014	0.000	90.000	14.207	
9.3830	O1809P24	500	1.968652	0.001017	2021-08-20 00:17:40	11.307	0.000	0.333	4.345	2.960	3.557	0.098	0.014	0.000	44.397	0.100	
9.5520	CO209P20	500	2.587240	0.001000	2021-08-20 00:17:58	16.871	0.000	0.317	8.349	4.500	3.588	0.097	0.020	0.000	90.000	12.591	
9.3690	O1809P22	500	2.063792	0.001054	2021-08-20 00:18:10	11.591	0.000	0.335	3.864	3.678	3.596	0.097	0.021	0.000	41.636	0.100	
9.5360	CO209P18	500	2.538630	0.000950	2021-08-20 00:18:27	15.180	0.000	0.319	5.968	5.219	3.562	0.095	0.018	0.000	90.000	13.353	
9.3550	O1809P20	500	2.075102	0.001107	2021-08-20 00:18:38	10.546	0.000	0.316	2.968	3.591	3.557	0.095	0.020	0.000	35.405	0.100	
9.5200	CO209P16	500	2.483269	0.000942	2021-08-20 00:18:52	10.665	0.000	0.323	1.744	4.928	3.554	0.097	0.020	0.000	90.000	0.165	
9.3410	O1809P18	500	2.010485	0.001117	2021-08-20 00:19:02	10.050	0.000	0.340	3.261	2.727	3.619	0.097	0.006	0.000	36.302	0.100	
10.1520	C1309P36	-1	-1000000.000000	-1.000000	2021-08-20 00:19:12	0.000	0.000	0.000	0.000	0.000	0.000	0.000	0.000	0.000	-1.000	-1.000	
9.5040	CO209P14	500	2.427961	0.000971	2021-08-20 00:19:20	15.050	0.000	0.325	6.162	4.886	3.565	0.096	0.018	0.000	90.000	12.042	
9.3280	O1809P16	500	1.961716	0.001057	2021-08-20 00:19:31	11.202	0.000	0.322	4.347	2.848	3.572	0.097	0.016	0.000	41.391	0.100	
9.4880	CO209P12	500	2.414272	0.000922	2021-08-20 00:19:45	12.508	0.000	0.316	3.263	5.230	3.590	0.094	0.015	0.000	63.181	0.100	
9.3150	O1809P14	500	1.913311	0.001228	2021-08-20 00:19:57	11.104	0.000	0.323	3.472	3.648	3.561	0.094	0.006	0.000	41.772	0.100	
9.4730	CO209P10	500	2.349351	0.001120	2021-08-20 00:20:10	10.318	0.000	0.311	2.067	4.263	3.562	0.095	0.020	0.000	90.000	0.260	
9.3020	O1809P12	500	1.850640	0.001015	2021-08-20 00:20:22	11.294	0.000	0.322	3.576	3.693	3.585	0.096	0.022	0.000	38.779	0.100	
9.4580	CO209P08	500	2.310946	0.000969	2021-08-20 00:20:52	29.620	0.000	0.313	21.245	4.358	3.583	0.096	0.024	0.000	90.000	11.035	
9.2890	O1809P10	500	1.829791	0.001356	2021-08-20 00:21:03	11.066	0.000	0.315	4.468	2.590	3.585	0.096	0.012	0.000	32.678	0.100	
10.1310	C1309P34	-1	-1000000.000000	-1.000000	2021-08-20 00:21:06	0.000	0.000	0.000	0.000	0.000	0.000	0.000	0.000	0.000	-1.000	-1.000	
9.3540	CO209R06	500	2.070777	0.001172	2021-08-20 00:21:17	11.762	0.000	0.318	3.179	4.549	3.596	0.097	0.023	0.000	57.617	0.100	
9.2760	O1809P08	500	1.784193	0.001464	2021-08-20 00:21:29	11.156	0.000	0.320	3.678	3.422	3.616	0.095	0.025	0.000	37.088	0.100	
10.1100	C1309P32	500	3.696024	0.001949	2021-08-20 00:21:40	11.199	0.000	0.316	2.369	4.849	3.552	0.098	0.015	0.000	100.000	100.000	
9.2640	O1809P06	500	1.758673	0.001124	2021-08-20 00:21:53	12.807	0.000	0.313	5.161	3.619	3.595	0.098	0.021	0.000	46.896	0.100	
10.0900	C1309P30	500	3.733852	0.001296	2021-08-20 00:22:04	10.484	0.000	0.315	2.668	3.793	3.589	0.096	0.024	0.000	100.000	100.000	
9.3420	CO209R08	500	2.018825	0.001246	2021-08-20 00:22:18	14.224	0.000	0.315	5.267	4.978	3.550	0.096	0.020	0.000	64.253	0.100	
10.0700	C1309P28	500	3.754720	0.000693	2021-08-20 00:22:30	11.748	0.000	0.327	3.764	3.945	3.597	0.097	0.018	0.000	97.151	100.000	
9.1990	O1809R04	500	1.539491	0.001173	2021-08-20 00:22:42	11.710	0.000	0.317	4.068	3.636	3.574	0.095	0.019	0.000	90.000	0.231	
10.0500	C1309P26	500	3.805122	0.000664	2021-08-20 00:22:53	11.339	0.000	0.326	4.283	3.005	3.600	0.104	0.021	0.000	90.000	77.455	
9.1870	O1809R06	500	1.398646	0.001654	2021-08-20 00:23:06	13.009	0.000	0.315	5.244	3.719	3.610	0.098	0.022	0.000	43.827	0.100	
10.0310	C1309P24	500	3.821337	0.000776	2021-08-20 00:23:18	11.509	0.000	0.320	2.669	4.850	3.556	0.095	0.019	0.000	90.000	56.594	
9.1760	O1809R08	500	1.400013	0.001555	2021-08-20 00:23:29	11.383	0.000	0.325	3.767	3.612	3.562	0.096	0.021	0.000	36.743	0.100	
9.3290	CO209R10	500	1.978817	0.001209	2021-08-20 00:23:43	13.118	0.000	0.339	4.346	4.704	3.611	0.099	0.019	0.000	62.503	0.100	
10.0120	C1309P22	500	3.591177	0.000708	2021-08-20 00:23:55	11.706	0.000	0.315	2.968	4.726	3.579	0.101	0.018	0.000	100.000	100.000	
9.1660	O1809R10	500	1.272036	0.001924	2021-08-20 00:24:07	12.762	0.000	0.324	5.050	3.673	3.590	0.101	0.024	0.000	27.684	0.100	
9.9940	C1309P20	500	3.775023	0.001033	2021-08-20 00:24:19	11.347	0.000	0.325	2.949	4.392	3.556	0.104	0.023	0.000	100.000	100.000	
9.1550	O1809R12	500	1.270208	0.001513	2021-08-20 00:24:30	10.745	0.000	0.328	3.452	3.288	3.565	0.096	0.017	0.000	25.815	0.100	
9.3170	CO209R12	500	1.831890	0.001365	2021-08-20 00:24:44	14.373	0.000	0.325	4.966	5.397	3.565	0.095	0.025	0.000	60.580	0.100	
9.9750	C1309P18	500	3.771302	0.000816	2021-08-20 00:24:56	11.886	0.000	0.313	4.378	3.485	3.593	0.095	0.022	0.000	90.000	76.070	
9.1450	O1809R14	500	1.295272	0.001651	2021-08-20 00:25:09	12.555	0.000	0.324	4.462	4.078	3.573	0.096	0.021	0.000	28.684	0.100	
9.9570	C1309P16	500	3.769733	0.000923	2021-08-20 00:25:20	10.706	0.000	0.336	2.947	3.740	3.565	0.096	0.022	0.000	100.000	100.000	
9.1340	O1809R16	500	1.150407	0.001946	2021-08-20 00:25:32	12.266	0.000	0.341	4.252	3.817	3.611	0.120	0.126	0.000	23.489	0.100	
9.9400	C1309P14	500	3.729410	0.000796	2021-08-20 00:25:44	11.507	0.000	0.317	2.653	4.861	3.558	0.108	0.011	0.000	100.000	100.000	
9.3050	CO209R14	500	1.831301	0.001265	2021-08-20 00:25:58	14.133	0.000	0.323	5.269	4.863	3.549	0.104	0.024	0.000	60.231	0.100	
9.9230	C1309P12	500	3.686117	0.000627	2021-08-20 00:26:11	12.634	0.000	0.319	3.948	4.701	3.550	0.095	0.022	0.000	89.375	90.444	
9.1250	O1809R18	500	1.230362	0.001751	2021-08-20 00:26:21	10.001	0.000	0.311	2.665	3.353	3.559	0.097	0.016	0.000	24.913	0.100	
9.2940	CO209R16	500	1.791110	0.001422	2021-08-20 00:26:35	13.817	0.000	0.322	4.461	5.366	3.549	0.100	0.018	0.000	51.800	0.100	
9.9060	C1309P10	500	3.691084	0.001260	2021-08-20 00:26:46	10.627	0.000	0.313	2.646	3.950	3.601	0.098	0.019	0.000	100.000	100.000	
9.1150	O1809R20	500	1.230948	0.001748	2021-08-20 00:26:58	12.293	0.000	0.316	4.866	3.393	3.595	0.100	0.023	0.000	26.907	0.100	
9.2820	CO209R18	500	1.793887	0.001535	2021-08-20 00:27:12	13.384	0.000	0.338	4.381	4.994	3.553	0.097	0.019	0.000	61.489	0.100	
9.1050	O1809R22	500	1.192058	0.002248	2021-08-20 00:27:24	11.041	0.000	0.316	3.658	3.361	3.595	0.097	0.014	0.000	23.797	0.100	
9.2710	CO209R20	500	1.773744	0.001253	2021-08-20 00:27:39	12.902	0.000	0.326	4.049	4.807	3.605	0.103	0.011	0.000	44.632	0.100	
9.0950	O1809R24	500	1.192438	0.001685	2021-08-20 00:27:48	9.748	0.000	0.312	2.462	3.280	3.577	0.096	0.021	0.000	20.062	0.100	
9.2610	CO209R22	500	1.753875	0.001172	2021-08-20 00:28:08	14.159	0.000	0.319	4.776	5.414	3.541	0.097	0.012	0.000	52.626	0.100	
9.0860	O1809R26	500	1.125825	0.001776	2021-08-20 00:28:17	9.668	0.000	0.317	2.265	3.295	3.621	0.147	0.023	0.000	17.130	0.100	
9.2500	CO209R24	500	1.723591	0.001494	2021-08-20 00:28:34	13.315	0.000	0.326	3.962	5.344	3.557	0.112	0.013	0.000	49.142	0.100	
9.7620	C1309R08	-1	-1000000.000000	-1.000000	2021-08-20 00:28:44	0.000	0.000	0.000	0.000	0.000	0.000	0.000	0.000	0.000	-1.000	-1.000	
9.0770	O1809R28	500	1.125285	0.002234	2021-08-20 00:28:44	9.715	0.000	0.319	2.269	3.413	3.594	0.101	0.019	0.000	23.198	0.100	
9.2400	CO209R26	500	1.696758	0.001396	2021-08-20 00:29:02	13.807	0.000	0.328	4.464	5.324	3.578	0.100	0.013	0.000	41.697	0.100	
9.0680	O1809R30	500	1.048959	0.002014	2021-08-20 00:29:13	10.135	0.000	0.314	2.364	3.794	3.547	0.097	0.019	0.000	17.180	0.100	
9.7490	C1309R10	500	3.317608	0.000813	2021-08-20 00:29:26	13.089	0.000	0.321	3.953	5.113	3.567	0.111	0.024	0.000	89.252	73.921	
9.0590	O1809R32	500	0.996670	0.002071	2021-08-20 00:29:37	10.808	0.000	0.329	2.963	3.853	3.543	0.099	0.020	0.000	16.963	0.100	
9.7360	C1309R12	500	3.066234	0.001385	2021-08-20 00:29:48	11.279	0.000	0.328	2.959	4.312	3.566	0.096	0.019	0.000	100.000	100.000	
9.2300	CO209R28	500	1.662309	0.001305	2021-08-20 00:30:03	14.076	0.000	0.322	4.982	5.080	3.576	0.095	0.021	0.000	45.343	0.100	
9.7230	C1309R14	500	3.172765	0.001132	2021-08-20 00:30:15	12.096	0.000	0.316	3.246	4.858	3.564	0.095	0.016	0.000	93.989	100.000	
9.0510	O1809R34	500	0.969978	0.002057	2021-08-20 00:30:28	12.877	0.000	0.335	4.863	4.006	3.562	0.094	0.016	0.000	21.580	0.100	
9.7100	C1309R16	500	3.225175	0.000774	2021-08-20 00:30:42	13.713	0.000	0.319	4.687	4.999	3.591	0.095	0.022	0.000	89.917	76.947	
9.0420	O1809R36	500	0.929931	0.002450	2021-08-20 00:30:53	11.171	0.000	0.319	3.751	3.434	3.554	0.093	0.021	0.000	20.926	0.100	
9.2190	CO209R30	500	1.446511	0.001612	2021-08-20 00:31:08	14.585	0.000	0.334	5.465	5.134	3.539	0.097	0.017	0.000	54.426	0.100	
9.6980	C1309R18	500	3.219967	0.000839	2021-08-20 00:31:20	12.484	0.000	0.312	4.866	3.602	3.584	0.098	0.023	0.000	90.000	78.295	
9.0340	O1809R38	500	0.861787	0.002810	2021-08-20 00:31:32	11.765	0.000	0.318	3.978	3.772	3.577	0.102	0.018	0.000	25.006	0.100	
9.6860	C1309R20	500	3.053587	0.001300	2021-08-20 00:31:42	9.993	0.000	0.310	3.147	2.858	3.566	0.099	0.014	0.000	100.000	100.000	
9.2100	CO209R32	500	1.595376	0.001272	2021-08-20 00:31:56	13.999	0.000	0.312	4.864	5.140	3.567	0.095	0.021	0.000	47.607	0.100	
9.6750	C1309R22	500	2.927916	0.001200	2021-08-20 00:32:08	11.412	0.000	0.325	2.948	4.426	3.592	0.100	0.021	0.000	100.000	100.000	
9.0260	O1809R40	500	0.865815	0.003058	2021-08-20 00:32:21	12.700	0.000	0.326	5.061	3.605	3.597	0.095	0.017	0.000	47.959	0.100	
9.6630	C1309R24	500	3.063724	0.000789	2021-08-20 00:32:36	14.667	0.000	0.321	5.664	4.957	3.596	0.102	0.027	0.000	90.000	80.879	
9.2010	CO209R34	500	1.596360	0.001234	2021-08-20 00:33:04	28.399	0.000	0.329	5.269	7.670	15.018	0.091	0.022	0.000	44.427	0.100	
9.6520	C1309R26	500	2.996514	0.001297	2021-08-20 00:33:16	11.679	0.000	0.323	2.766	4.907	3.582	0.095	0.006	0.000	100.000	100.000	
9.0180	O1809R42	-1	-1000000.000000	-1.000000	2021-08-20 00:34:52	0.000	0.000	0.000	0.000	0.000	0.000	0.000	0.000	0.000	-1.000	-1.000	
10.6640	O1810P36	500	2.215935	0.004517	2021-08-20 00:35:20	8.359	0.000	0.323	1.347	3.029	3.550	0.095	0.014	0.000	100.000	100.000	
9.6420	C1309R28	-1	-1000000.000000	-1.000000	2021-08-20 00:35:40	0.000	0.000	0.000	0.000	0.000	0.000	0.000	0.000	0.000	-1.000	-1.000	
10.6430	O1810P34	500	2.274413	0.005734	2021-08-20 00:36:03	8.758	0.000	0.322	1.967	2.803	3.556	0.097	0.013	0.000	100.000	100.000	
9.6310	C1309R30	-1	-1000000.000000	-1.000000	2021-08-20 00:37:41	0.000	0.000	0.000	0.000	0.000	0.000	0.000	0.000	0.000	-1.000	-1.000	
9.5520	O1809P46	-1	-1000000.000000	-1.000000	2021-08-20 00:38:57	0.000	0.000	0.000	0.000	0.000	0.000	0.000	0.000	0.000	-1.000	-1.000	
9.6210	C1309R32	500	2.741356	0.003652	2021-08-20 00:39:08	13.181	0.000	0.332	4.462	4.672	3.597	0.101	0.016	0.000	100.000	100.000	
9.6110	C1309R34	-1	-1000000.000000	-1.000000	2021-08-20 00:41:15	0.000	0.000	0.000	0.000	0.000	0.000	0.000	0.000	0.000	-1.000	-1.000	
9.0180	O1809R42	-1	-1000000.000000	-1.000000	2021-08-20 00:41:34	0.000	0.000	0.000	0.000	0.000	0.000	0.000	0.000	0.000	-1.000	-1.000	
10.1520	C1309P36	-1	-1000000.000000	-1.000000	2021-08-20 00:42:54	0.000	0.000	0.000	0.000	0.000	0.000	0.000	0.000	0.000	-1.000	-1.000	
10.1310	C1309P34	-1	-1000000.000000	-1.000000	2021-08-20 00:44:26	0.000	0.000	0.000	0.000	0.000	0.000	0.000	0.000	0.000	-1.000	-1.000	
9.7620	C1309R08	-1	-1000000.000000	-1.000000	2021-08-20 00:46:00	0.000	0.000	0.000	0.000	0.000	0.000	0.000	0.000	0.000	-1.000	-1.000	
9.6420	C1309R28	-1	-1000000.000000	-1.000000	2021-08-20 00:48:02	0.000	0.000	0.000	0.000	0.000	0.000	0.000	0.000	0.000	-1.000	-1.000	
9.6310	C1309R30	-1	-1000000.000000	-1.000000	2021-08-20 00:49:35	0.000	0.000	0.000	0.000	0.000	0.000	0.000	0.000	0.000	-1.000	-1.000	
9.6110	C1309R34	-1	-1000000.000000	-1.000000	2021-08-20 00:51:07	0.000	0.000	0.000	0.000	0.000	0.000	0.000	0.000	0.000	-1.000	-1.000	
