Wavelength	Line name	# of completed ringdowns	Ringdowntimes (us)	STOT	TimeStamp	Get ringdown time (s)	Step time (s)	Step time (s)	Step time(s)	Step time(s) 	Step time(s) 	Step time(s)	Step time(s)	Step time(s) 	AOM setting	Attenuator setting
10.8110	CO210P40	500	1.679055	0.001425	2021-08-12 14:07:54	10.656	0.000	0.316	1.477	5.133	3.585	0.136	0.009	0.000	100.000	100.000	
11.2390	C1310P28	500	1.177220	0.004249	2021-08-12 14:08:04	10.487	0.000	0.321	1.385	5.132	3.544	0.104	0.000	0.000	100.000	100.000	
10.7870	CO210P38	500	1.857421	0.001705	2021-08-12 14:08:19	11.237	0.000	0.325	2.376	4.930	3.514	0.093	0.000	0.000	100.000	100.000	
10.7640	CO210P36	500	1.839649	0.001384	2021-08-12 14:08:48	10.918	0.000	0.327	2.378	4.559	3.554	0.100	0.000	0.000	100.000	100.000	
10.7410	CO210P34	500	1.888703	0.007010	2021-08-12 14:09:17	11.293	0.000	0.340	2.363	4.934	3.554	0.102	0.000	0.000	100.000	100.000	
10.7190	CO210P32	500	1.934782	0.000839	2021-08-12 14:09:46	11.668	0.000	0.323	2.992	4.660	3.593	0.099	0.000	0.000	100.000	100.000	
10.6960	CO210P30	500	2.129568	0.000893	2021-08-12 14:10:15	12.358	0.000	0.316	3.008	5.271	3.661	0.102	0.000	0.000	100.000	100.000	
10.6640	O1810P36	-1	-1000000.000000	-1.000000	2021-08-12 14:10:30	0.000	0.000	0.000	0.000	0.000	0.000	0.000	0.000	0.000	-1.000	-1.000	
11.2160	C1310P26	500	1.094959	0.003819	2021-08-12 14:10:42	10.253	0.000	0.332	2.283	3.671	3.867	0.098	0.001	0.000	100.000	100.000	
10.6750	CO210P28	500	2.186350	0.002463	2021-08-12 14:10:57	14.525	0.000	0.339	2.628	7.846	3.610	0.102	0.000	0.000	100.000	100.000	
10.6430	O1810P34	500	2.273892	0.001403	2021-08-12 14:11:06	9.076	0.000	0.317	1.952	3.109	3.588	0.110	0.000	0.000	100.000	100.000	
10.6530	CO210P26	500	2.230719	0.001929	2021-08-12 14:11:22	10.968	0.000	0.326	2.352	4.607	3.587	0.095	0.000	0.000	100.000	100.000	
10.6220	O1810P32	500	2.317571	0.000666	2021-08-12 14:11:32	9.867	0.000	0.321	2.089	3.780	3.574	0.103	0.000	0.000	100.000	100.000	
10.6320	CO210P24	500	2.273039	0.004942	2021-08-12 14:11:49	11.298	0.000	0.325	2.384	4.896	3.595	0.098	0.000	0.000	100.000	100.000	
10.6020	O1810P30	500	2.365041	0.000574	2021-08-12 14:12:00	10.642	0.000	0.325	2.859	3.784	3.575	0.099	0.000	0.000	100.000	100.000	
10.6110	CO210P22	500	2.321624	0.004016	2021-08-12 14:12:14	11.105	0.000	0.328	1.379	4.788	4.512	0.097	0.000	0.000	100.000	100.000	
10.5820	O1810P28	500	2.367945	0.000609	2021-08-12 14:12:26	10.709	0.000	0.321	2.965	3.802	3.529	0.090	0.000	0.000	90.000	90.000	
11.1940	C1310P24	-1	-1000000.000000	-1.000000	2021-08-12 14:12:42	0.000	0.000	0.000	0.000	0.000	0.000	0.000	0.000	0.000	-1.000	-1.000	
10.5910	CO210P20	500	2.360790	0.007574	2021-08-12 14:13:48	79.298	0.000	0.338	3.129	54.950	20.784	0.097	0.000	0.000	100.000	100.000	
10.5630	O1810P26	500	2.422518	0.000575	2021-08-12 14:14:01	12.330	0.000	0.318	4.878	3.428	3.602	0.103	0.000	0.000	87.037	79.024	
10.5710	CO210P18	500	2.354621	0.002530	2021-08-12 14:14:14	11.451	0.000	0.317	1.645	5.775	3.617	0.098	0.000	0.000	100.000	100.000	
11.1710	C1310P22	-1	-1000000.000000	-1.000000	2021-08-12 14:14:21	0.000	0.000	0.000	0.000	0.000	0.000	0.000	0.000	0.000	-1.000	-1.000	
10.5430	O1810P24	500	2.316178	0.000570	2021-08-12 14:14:26	10.541	0.000	0.333	3.852	2.683	3.575	0.098	0.001	0.000	88.800	80.828	
10.5510	CO210P16	500	2.405961	0.001081	2021-08-12 14:14:38	9.882	0.000	0.316	1.646	4.235	3.584	0.101	0.000	0.000	100.000	100.000	
10.5250	O1810P22	500	2.466842	0.000667	2021-08-12 14:14:51	10.820	0.000	0.309	3.579	3.273	3.560	0.098	0.000	0.000	87.500	67.017	
10.5320	CO210P14	500	2.380583	0.006638	2021-08-12 14:15:04	11.683	0.000	0.317	2.162	5.569	3.543	0.091	0.000	0.000	100.000	100.000	
10.5060	O1810P20	500	2.371837	0.000600	2021-08-12 14:15:14	9.921	0.000	0.335	3.054	2.772	3.615	0.144	0.002	0.000	85.000	77.348	
11.1490	C1310P20	500	1.256381	0.001612	2021-08-12 14:15:28	10.521	0.000	0.328	2.851	3.649	3.588	0.104	0.001	0.000	90.000	86.686	
10.4880	O1810P18	500	2.411431	0.000558	2021-08-12 14:15:41	13.181	0.000	0.313	5.463	3.772	3.543	0.090	0.000	0.000	87.566	72.900	
10.5130	CO210P12	500	2.474240	0.000588	2021-08-12 14:15:53	11.174	0.000	0.320	2.352	4.811	3.581	0.109	0.000	0.000	70.000	73.349	
10.4710	O1810P16	500	2.573706	0.000532	2021-08-12 14:16:06	9.812	0.000	0.326	2.653	3.144	3.588	0.101	0.000	0.000	85.000	79.292	
10.4940	CO210P10	500	2.518642	0.004483	2021-08-12 14:16:19	12.550	0.000	0.323	1.664	5.097	5.371	0.095	0.000	0.000	100.000	100.000	
10.4530	O1810P14	500	2.604980	0.000521	2021-08-12 14:16:31	11.298	0.000	0.322	3.954	3.370	3.552	0.100	0.000	0.000	90.000	86.632	
10.4760	CO210P08	500	2.563013	0.008002	2021-08-12 14:17:53	80.057	0.000	0.326	3.710	55.186	20.739	0.096	0.000	0.000	100.000	100.000	
11.1280	C1310P18	500	1.241338	0.002942	2021-08-12 14:18:04	10.190	0.000	0.315	2.162	4.018	3.592	0.103	0.000	0.000	100.000	100.000	
10.4360	O1810P12	500	2.631715	0.000561	2021-08-12 14:18:15	11.495	0.000	0.320	4.048	3.444	3.584	0.100	0.000	0.000	89.364	82.101	
10.4580	CO210P06	500	2.589497	0.000547	2021-08-12 14:18:26	10.794	0.000	0.321	1.973	4.742	3.643	0.101	0.014	0.000	80.000	73.756	
10.4200	O1810P10	500	2.647483	0.000519	2021-08-12 14:18:41	11.130	0.000	0.321	3.451	3.673	3.583	0.103	0.000	0.000	88.853	80.823	
10.3650	CO210R04	500	2.558971	0.000629	2021-08-12 14:18:54	12.687	0.000	0.318	4.556	4.142	3.570	0.100	0.000	0.000	100.000	100.000	
10.4040	O1810P08	500	2.676592	0.000846	2021-08-12 14:19:04	8.867	0.000	0.323	1.768	3.114	3.568	0.094	0.000	0.000	100.000	100.000	
10.3490	CO210R06	500	2.356297	0.000617	2021-08-12 14:19:19	10.406	0.000	0.323	1.966	4.440	3.574	0.103	0.000	0.000	100.000	100.000	
10.2780	O1810R08	500	2.911389	0.000627	2021-08-12 14:19:31	10.608	0.000	0.314	2.378	4.224	3.591	0.100	0.000	0.000	100.000	100.000	
10.3340	CO210R08	500	2.457996	0.000562	2021-08-12 14:19:46	12.160	0.000	0.330	2.979	5.162	3.583	0.106	0.000	0.000	86.759	52.667	
10.2650	O1810R10	500	2.922416	0.000607	2021-08-12 14:19:57	10.876	0.000	0.315	3.448	3.414	3.594	0.105	0.000	0.000	87.500	75.565	
10.3180	CO210R10	500	2.779040	0.000594	2021-08-12 14:20:15	13.602	0.000	0.320	4.064	5.527	3.590	0.101	0.000	0.000	88.750	48.950	
11.1070	C1310P16	500	1.281362	0.001527	2021-08-12 14:20:26	11.244	0.000	0.320	2.254	4.958	3.601	0.111	0.000	0.000	100.000	100.000	
10.2520	O1810R12	500	2.952927	0.000488	2021-08-12 14:20:38	11.378	0.000	0.318	3.862	3.516	3.581	0.100	0.000	0.000	87.500	70.364	
10.3030	CO210R12	500	2.710701	0.000563	2021-08-12 14:20:49	11.683	0.000	0.317	2.964	4.717	3.579	0.105	0.000	0.000	87.500	50.089	
11.0860	C1310P14	500	1.287336	0.001504	2021-08-12 14:21:00	10.848	0.000	0.318	3.470	3.437	3.525	0.098	0.000	0.000	100.000	100.000	
10.2400	O1810R14	500	2.990811	0.000502	2021-08-12 14:21:12	11.030	0.000	0.323	3.668	3.357	3.576	0.106	0.000	0.000	85.000	67.791	
10.2890	CO210R14	500	2.711328	0.000542	2021-08-12 14:21:26	13.986	0.000	0.315	5.357	4.610	3.603	0.101	0.000	0.000	85.995	38.907	
11.0650	C1310P12	500	1.226501	0.006234	2021-08-12 14:21:37	11.195	0.000	0.319	2.749	4.473	3.556	0.098	0.000	0.000	100.000	100.000	
10.2280	O1810R16	500	3.002750	0.000464	2021-08-12 14:21:48	10.927	0.000	0.329	3.250	3.688	3.567	0.092	0.000	0.000	85.000	66.919	
10.2740	CO210R16	500	2.843214	0.000550	2021-08-12 14:22:02	13.697	0.000	0.319	4.656	5.084	3.544	0.094	0.000	0.000	69.520	48.889	
11.0450	C1310P10	500	1.004823	0.004538	2021-08-12 14:22:11	9.305	0.000	0.335	1.863	3.531	3.504	0.051	0.019	0.000	100.000	100.000	
10.2160	O1810R18	500	3.043481	0.000433	2021-08-12 14:22:23	11.422	0.000	0.315	4.162	3.302	3.559	0.084	0.000	0.000	81.074	77.885	
10.2600	CO210R18	500	2.918639	0.000502	2021-08-12 14:22:35	11.837	0.000	0.315	2.455	5.417	3.558	0.093	0.000	0.000	80.000	42.319	
10.2040	O1810R20	500	3.069550	0.000529	2021-08-12 14:22:47	10.355	0.000	0.328	3.062	3.288	3.581	0.095	0.000	0.000	70.000	73.166	
10.2470	CO210R20	500	2.507613	0.000623	2021-08-12 14:23:03	13.769	0.000	0.315	4.361	5.446	3.552	0.095	0.000	0.000	86.049	47.211	
10.1930	O1810R22	500	3.102496	0.000590	2021-08-12 14:23:14	10.567	0.000	0.335	3.263	3.313	3.562	0.093	0.000	0.000	85.000	51.713	
10.2330	CO210R22	500	2.948260	0.000543	2021-08-12 14:23:29	11.391	0.000	0.322	3.065	4.397	3.518	0.088	0.000	0.000	87.500	40.761	
10.1820	O1810R24	500	3.085647	0.000460	2021-08-12 14:23:40	10.622	0.000	0.328	2.871	3.803	3.533	0.085	0.002	0.000	85.000	65.914	
10.2200	CO210R24	500	2.996172	0.000582	2021-08-12 14:23:57	11.091	0.000	0.317	2.682	4.406	3.591	0.094	0.000	0.000	75.350	46.426	
10.1710	O1810R26	500	3.121776	0.000477	2021-08-12 14:24:08	11.279	0.000	0.327	4.185	3.101	3.571	0.093	0.000	0.000	89.931	77.549	
11.0250	C1310P08	500	1.251504	0.008008	2021-08-12 14:24:22	11.301	0.000	0.319	1.846	5.477	3.554	0.104	0.000	0.000	100.000	100.000	
10.1610	O1810R28	500	3.074432	0.000526	2021-08-12 14:24:33	10.832	0.000	0.338	3.469	3.343	3.581	0.101	0.000	0.000	85.000	57.870	
10.2070	CO210R26	500	3.024677	0.000495	2021-08-12 14:24:46	12.915	0.000	0.329	4.346	4.563	3.572	0.105	0.000	0.000	87.366	43.885	
10.1500	O1810R30	500	3.105682	0.000528	2021-08-12 14:24:58	9.881	0.000	0.313	2.564	3.388	3.521	0.095	0.000	0.000	100.000	100.000	
10.1950	CO210R28	500	3.069413	0.000567	2021-08-12 14:25:12	11.539	0.000	0.316	3.176	4.374	3.570	0.102	0.000	0.000	60.000	60.000	
10.1410	O1810R32	500	3.070383	0.000828	2021-08-12 14:25:21	8.745	0.000	0.325	1.850	2.901	3.566	0.103	0.000	0.000	100.000	100.000	
10.1310	O1810R34	-1	-1000000.000000	-1.000000	2021-08-12 14:25:36	0.000	0.000	0.000	0.000	0.000	0.000	0.000	0.000	0.000	-1.000	-1.000	
10.1820	CO210R30	500	3.073640	0.000590	2021-08-12 14:25:39	12.037	0.000	0.335	2.963	5.059	3.575	0.105	0.001	0.000	76.667	49.801	
11.0050	C1310P06	500	1.284861	0.002301	2021-08-12 14:25:51	9.609	0.000	0.326	1.870	3.735	3.576	0.102	0.000	0.000	100.000	100.000	
10.1700	CO210R32	500	3.111702	0.000518	2021-08-12 14:26:06	13.804	0.000	0.313	4.346	5.490	3.559	0.096	0.000	0.000	77.712	52.736	
10.8840	C1310R06	501	1.546936	0.002089	2021-08-12 14:27:01	54.271	0.000	0.315	8.008	25.053	20.787	0.107	0.000	0.000	100.000	100.000	
10.1590	CO210R34	500	3.068382	0.000577	2021-08-12 14:27:13	12.214	0.000	0.312	3.969	4.248	3.580	0.104	0.000	0.000	88.750	40.357	
10.8670	C1310R08	500	1.620049	0.001246	2021-08-12 14:27:25	10.642	0.000	0.322	2.691	3.964	3.568	0.096	0.000	0.000	100.000	100.000	
10.1470	CO210R36	500	3.086510	0.000520	2021-08-12 14:27:40	13.093	0.000	0.316	3.563	5.556	3.556	0.102	0.000	0.000	73.125	53.416	
10.8500	C1310R10	500	1.649589	0.002115	2021-08-12 14:27:52	11.210	0.000	0.321	2.649	4.566	3.570	0.104	0.000	0.000	100.000	100.000	
10.1360	CO210R38	500	3.044906	0.000473	2021-08-12 14:28:07	12.289	0.000	0.313	4.043	4.257	3.574	0.101	0.000	0.000	84.136	59.167	
10.1220	O1810R36	0	NaN	NaN	2021-08-12 14:28:11	3.310	0.000	0.336	2.971	0.000	0.000	0.003	0.000	0.000	100.000	100.000	
10.8330	C1310R12	500	1.716420	0.002576	2021-08-12 14:28:20	9.200	0.000	0.334	1.377	3.821	3.531	0.135	0.000	0.000	100.000	100.000	
10.1250	CO210R40	500	2.995722	0.000530	2021-08-12 14:28:36	13.602	0.000	0.318	4.480	5.207	3.521	0.056	0.021	0.000	90.000	80.261	
10.8160	C1310R14	500	1.766780	0.001335	2021-08-12 14:28:46	10.100	0.000	0.339	1.470	4.666	3.537	0.088	0.000	0.000	100.000	100.000	
9.7530	CO209P42	500	2.877540	0.000522	2021-08-12 14:29:08	16.346	0.000	0.330	6.845	5.490	3.581	0.100	0.000	0.000	81.562	58.549	
10.8000	C1310R16	500	1.798243	0.001755	2021-08-12 14:29:18	9.909	0.000	0.325	2.205	3.730	3.552	0.096	0.000	0.000	100.000	100.000	
9.7330	CO209P40	500	2.600390	0.000475	2021-08-12 14:29:33	11.878	0.000	0.325	3.078	4.787	3.586	0.100	0.000	0.000	85.000	63.272	
10.7840	C1310R18	500	1.635525	0.000897	2021-08-12 14:29:46	12.706	0.000	0.340	3.763	4.977	3.533	0.092	0.000	0.000	89.687	81.411	
9.7140	CO209P38	500	2.612118	0.000576	2021-08-12 14:29:59	12.506	0.000	0.317	3.362	5.186	3.552	0.089	0.000	0.000	90.000	32.356	
10.7680	C1310R20	500	1.798517	0.000985	2021-08-12 14:30:11	10.523	0.000	0.322	2.464	4.000	3.585	0.139	0.011	0.000	100.000	100.000	
9.6950	CO209P36	500	2.601748	0.000523	2021-08-12 14:30:24	13.102	0.000	0.326	4.274	4.867	3.539	0.097	0.000	0.000	81.111	36.674	
10.7530	C1310R22	500	1.820247	0.001421	2021-08-12 14:30:34	9.669	0.000	0.312	1.951	3.783	3.535	0.086	0.000	0.000	100.000	100.000	
9.6750	CO209P34	500	2.317632	0.000602	2021-08-12 14:30:50	12.530	0.000	0.318	3.420	5.129	3.565	0.097	0.000	0.000	85.000	31.210	
9.5520	O1809P46	-1	-1000000.000000	-1.000000	2021-08-12 14:30:55	0.000	0.000	0.000	0.000	0.000	0.000	0.000	0.000	0.000	-1.000	-1.000	
10.7380	C1310R24	500	1.811303	0.001701	2021-08-12 14:30:59	9.280	0.000	0.312	2.065	3.252	3.555	0.096	0.000	0.000	100.000	100.000	
9.6570	CO209P32	500	2.533562	0.000657	2021-08-12 14:31:16	12.786	0.000	0.316	3.659	5.129	3.587	0.095	0.000	0.000	85.000	20.603	
9.5360	O1809P44	500	2.263088	0.000623	2021-08-12 14:31:29	13.046	0.000	0.318	5.445	3.575	3.603	0.105	0.000	0.000	89.375	29.539	
10.7230	C1310R26	500	1.969482	0.000997	2021-08-12 14:31:39	9.848	0.000	0.341	2.344	3.438	3.622	0.103	0.000	0.000	100.000	100.000	
9.6390	CO209P30	500	2.429644	0.000563	2021-08-12 14:31:53	13.697	0.000	0.328	4.079	5.629	3.559	0.102	0.000	0.000	87.500	20.642	
9.5190	O1809P42	500	2.221716	0.000596	2021-08-12 14:32:07	13.206	0.000	0.314	5.547	3.660	3.582	0.102	0.000	0.000	89.375	23.678	
10.7080	C1310R28	500	2.039605	0.001157	2021-08-12 14:32:16	9.758	0.000	0.325	2.056	3.689	3.583	0.105	0.000	0.000	100.000	100.000	
9.6210	CO209P28	500	2.370424	0.000682	2021-08-12 14:32:31	14.219	0.000	0.339	5.068	5.149	3.559	0.104	0.000	0.000	89.688	15.099	
9.5030	O1809P40	500	2.142858	0.000623	2021-08-12 14:32:45	13.883	0.000	0.319	7.167	2.740	3.550	0.107	0.000	0.000	89.687	13.575	
10.6940	C1310R30	500	2.108713	0.001862	2021-08-12 14:32:56	11.104	0.000	0.326	2.166	4.930	3.576	0.106	0.000	0.000	100.000	100.000	
9.4880	O1809P38	500	2.135469	0.000640	2021-08-12 14:33:51	54.461	0.000	0.326	47.574	2.883	3.574	0.105	0.000	0.000	90.000	11.948	
10.6800	C1310R32	500	2.152935	0.002159	2021-08-12 14:34:01	10.086	0.000	0.323	2.245	3.834	3.581	0.103	0.000	0.000	100.000	100.000	
9.6040	CO209P26	500	2.415023	0.000626	2021-08-12 14:34:16	14.959	0.000	0.311	6.563	4.424	3.558	0.103	0.000	0.000	89.375	17.834	
9.4720	O1809P36	500	2.084992	0.000608	2021-08-12 14:34:27	11.195	0.000	0.318	3.348	3.832	3.588	0.108	0.000	0.000	73.775	0.100	
10.6660	C1310R34	500	2.176695	0.001332	2021-08-12 14:34:37	10.218	0.000	0.311	2.579	3.687	3.542	0.098	0.000	0.000	100.000	100.000	
9.5880	CO209P24	500	2.378592	0.000630	2021-08-12 14:34:55	17.343	0.000	0.318	8.062	5.290	3.571	0.102	0.000	0.000	89.480	12.570	
9.4570	O1809P34	500	1.978492	0.000663	2021-08-12 14:35:06	10.822	0.000	0.314	3.453	3.377	3.571	0.107	0.000	0.000	70.300	0.100	
10.6520	C1310R36	500	2.218211	0.001194	2021-08-12 14:35:17	10.882	0.000	0.318	2.447	4.464	3.546	0.107	0.000	0.000	100.000	100.000	
9.4410	O1809P32	500	2.004302	0.000599	2021-08-12 14:35:29	11.897	0.000	0.324	4.755	3.157	3.555	0.105	0.000	0.000	62.497	0.100	
10.6390	C1310R38	500	2.252750	0.001181	2021-08-12 14:35:40	11.329	0.000	0.321	2.380	4.930	3.590	0.108	0.000	0.000	100.000	100.000	
9.4270	O1809P30	500	1.977388	0.000651	2021-08-12 14:35:52	11.246	0.000	0.325	3.662	3.585	3.572	0.102	0.000	0.000	60.000	0.100	
9.5690	CO209P22	500	2.334817	0.000661	2021-08-12 14:36:07	15.144	0.000	0.324	5.972	5.180	3.561	0.107	0.000	0.000	90.000	14.562	
9.4120	O1809P28	500	1.880776	0.000632	2021-08-12 14:36:18	11.444	0.000	0.326	3.560	3.898	3.557	0.104	0.000	0.000	56.578	0.100	
9.5520	CO209P20	500	2.293154	0.000585	2021-08-12 14:36:35	15.334	0.000	0.318	6.550	4.765	3.596	0.105	0.000	0.000	90.000	13.811	
10.6260	C1310R40	500	2.227495	0.001652	2021-08-12 14:36:46	11.052	0.000	0.308	2.282	4.805	3.554	0.103	0.000	0.000	100.000	100.000	
9.3970	O1809P26	500	1.853557	0.000702	2021-08-12 14:36:58	11.527	0.000	0.324	4.183	3.349	3.564	0.106	0.000	0.000	49.424	0.100	
9.5360	CO209P18	500	2.249128	0.000631	2021-08-12 14:37:13	14.970	0.000	0.325	5.567	5.406	3.568	0.104	0.000	0.000	90.000	14.289	
9.3830	O1809P24	500	1.640959	0.000773	2021-08-12 14:37:23	9.703	0.000	0.340	2.984	2.665	3.608	0.105	0.000	0.000	50.000	0.100	
9.5200	CO209P16	500	2.198731	0.000632	2021-08-12 14:37:44	18.185	0.000	0.311	8.747	5.485	3.544	0.096	0.000	0.000	89.922	12.472	
9.3690	O1809P22	500	1.752016	0.000715	2021-08-12 14:37:56	11.709	0.000	0.344	3.945	3.787	3.535	0.098	0.000	0.000	48.408	0.100	
9.5040	CO209P14	500	2.123893	0.000620	2021-08-12 14:38:13	15.328	0.000	0.316	5.868	5.450	3.588	0.105	0.000	0.000	90.000	12.136	
9.3550	O1809P20	500	1.725265	0.000661	2021-08-12 14:38:24	10.999	0.000	0.319	3.360	3.609	3.602	0.109	0.000	0.000	39.547	0.100	
9.4880	CO209P12	500	2.105158	0.000600	2021-08-12 14:38:39	12.195	0.000	0.316	3.362	4.839	3.575	0.102	0.001	0.000	68.303	0.100	
10.1520	C1309P36	-1	-1000000.000000	-1.000000	2021-08-12 14:38:45	0.000	0.000	0.000	0.000	0.000	0.000	0.000	0.000	0.000	-1.000	-1.000	
9.3410	O1809P18	500	1.662188	0.000781	2021-08-12 14:38:49	10.550	0.000	0.320	3.363	3.206	3.565	0.096	0.000	0.000	42.001	0.100	
9.4730	CO209P10	500	2.027319	0.000650	2021-08-12 14:39:08	16.096	0.000	0.323	7.450	4.637	3.589	0.097	0.000	0.000	90.000	12.115	
9.3280	O1809P16	500	1.628280	0.000770	2021-08-12 14:39:19	10.923	0.000	0.315	3.974	2.942	3.588	0.103	0.000	0.000	47.048	0.100	
9.4580	CO209P08	500	1.989291	0.000683	2021-08-12 14:39:33	12.503	0.000	0.314	4.065	4.443	3.574	0.106	0.000	0.000	89.687	12.017	
9.3150	O1809P14	500	1.601624	0.000744	2021-08-12 14:39:46	12.173	0.000	0.327	4.447	3.740	3.563	0.097	0.000	0.000	46.207	0.100	
9.3540	CO209R06	500	1.717689	0.000747	2021-08-12 14:39:59	11.878	0.000	0.315	3.259	4.628	3.576	0.100	0.000	0.000	67.457	0.100	
9.3020	O1809P12	500	1.536628	0.000728	2021-08-12 14:40:11	11.620	0.000	0.320	3.761	3.839	3.593	0.106	0.000	0.000	47.762	0.100	
9.3420	CO209R08	500	1.668692	0.000788	2021-08-12 14:40:26	12.497	0.000	0.324	3.265	5.216	3.583	0.109	0.000	0.000	66.645	0.100	
9.2890	O1809P10	500	1.513742	0.000796	2021-08-12 14:40:37	11.601	0.000	0.316	4.071	3.548	3.564	0.103	0.000	0.000	41.971	0.100	
10.1310	C1309P34	-1	-1000000.000000	-1.000000	2021-08-12 14:40:45	0.000	0.000	0.000	0.000	0.000	0.000	0.000	0.000	0.000	-1.000	-1.000	
9.3290	CO209R10	500	1.630018	0.000841	2021-08-12 14:40:52	13.113	0.000	0.310	4.064	5.063	3.578	0.097	0.000	0.000	72.699	0.100	
9.2760	O1809P08	500	1.462233	0.000829	2021-08-12 14:41:04	11.389	0.000	0.318	4.098	3.285	3.580	0.107	0.000	0.000	46.412	0.100	
10.1100	C1309P32	500	2.849579	0.001877	2021-08-12 14:41:13	9.762	0.000	0.315	2.268	3.477	3.599	0.103	0.000	0.000	100.000	100.000	
9.3170	CO209R12	0	NaN	NaN	2021-08-12 14:41:16	0.441	0.000	0.320	0.118	0.000	0.000	0.002	0.000	0.000	0.100	0.100	
9.2640	O1809P06	500	1.425811	0.000750	2021-08-12 14:41:27	12.083	0.000	0.319	4.464	3.597	3.567	0.137	0.000	0.000	56.835	0.100	
10.0900	C1309P30	500	2.352826	0.002751	2021-08-12 14:41:38	10.563	0.000	0.324	2.343	4.245	3.547	0.104	0.000	0.000	100.000	100.000	
9.3050	CO209R14	500	1.513888	0.000786	2021-08-12 14:41:52	14.529	0.000	0.327	5.278	5.265	3.550	0.108	0.000	0.000	64.302	0.100	
10.0700	C1309P28	500	3.150653	0.001367	2021-08-12 14:42:03	10.053	0.000	0.313	2.666	3.506	3.496	0.054	0.018	0.000	100.000	100.000	
9.1990	O1809R04	500	1.193813	0.000915	2021-08-12 14:42:19	16.187	0.000	0.321	8.484	3.734	3.555	0.093	0.000	0.000	90.000	12.119	
10.0500	C1309P26	500	3.247132	0.000937	2021-08-12 14:42:29	10.057	0.000	0.314	2.964	3.125	3.549	0.105	0.000	0.000	100.000	100.000	
9.2940	CO209R16	500	1.444199	0.001134	2021-08-12 14:42:44	14.541	0.000	0.321	5.660	4.931	3.523	0.104	0.000	0.000	55.229	0.100	
10.0310	C1309P24	500	3.266422	0.000716	2021-08-12 14:42:55	10.384	0.000	0.323	2.645	3.741	3.574	0.101	0.000	0.000	100.000	100.000	
9.1870	O1809R06	500	1.121182	0.001089	2021-08-12 14:43:07	12.693	0.000	0.319	5.447	3.263	3.557	0.106	0.000	0.000	51.635	0.100	
10.0120	C1309P22	500	3.015365	0.000741	2021-08-12 14:43:19	11.468	0.000	0.314	2.672	4.830	3.552	0.099	0.000	0.000	100.000	100.000	
9.1760	O1809R08	500	1.120988	0.000962	2021-08-12 14:43:32	13.454	0.000	0.319	5.568	3.894	3.570	0.102	0.000	0.000	51.198	0.100	
9.9940	C1309P20	500	3.168348	0.000525	2021-08-12 14:43:43	10.322	0.000	0.317	3.285	3.025	3.585	0.109	0.000	0.000	94.381	100.000	
9.2820	CO209R18	500	1.463917	0.001025	2021-08-12 14:43:58	14.837	0.000	0.314	5.364	5.473	3.579	0.106	0.001	0.000	62.469	0.100	
9.9750	C1309P18	500	3.132916	0.000967	2021-08-12 14:44:10	11.698	0.000	0.326	2.653	5.066	3.551	0.102	0.000	0.000	100.000	100.000	
9.1660	O1809R10	500	1.053196	0.001146	2021-08-12 14:44:23	13.518	0.000	0.322	5.780	3.733	3.577	0.106	0.000	0.000	32.145	0.100	
9.9570	C1309P16	500	3.117461	0.000882	2021-08-12 14:44:34	10.906	0.000	0.339	2.578	4.276	3.603	0.110	0.000	0.000	100.000	100.000	
9.1550	O1809R12	500	1.074294	0.000995	2021-08-12 14:44:45	10.734	0.000	0.317	3.182	3.574	3.565	0.095	0.000	0.000	28.941	0.100	
9.2710	CO209R20	500	1.434312	0.001208	2021-08-12 14:44:59	13.612	0.000	0.318	4.847	4.771	3.569	0.107	0.000	0.000	48.263	0.100	
9.9400	C1309P14	500	3.085602	0.001219	2021-08-12 14:45:10	10.970	0.000	0.332	2.355	4.616	3.558	0.109	0.000	0.000	100.000	100.000	
9.1450	O1809R14	500	1.059700	0.001045	2021-08-12 14:45:24	13.509	0.000	0.321	4.864	4.609	3.568	0.147	0.000	0.000	30.882	0.100	
9.9230	C1309P12	500	3.030684	0.001071	2021-08-12 14:45:34	10.164	0.000	0.319	2.666	3.534	3.539	0.105	0.000	0.000	100.000	100.000	
9.2610	CO209R22	500	1.404220	0.000974	2021-08-12 14:45:49	14.821	0.000	0.328	5.283	5.547	3.551	0.112	0.000	0.000	55.332	0.100	
9.1340	O1809R16	500	1.034548	0.001245	2021-08-12 14:46:00	11.063	0.000	0.324	3.346	3.730	3.566	0.097	0.000	0.000	23.792	0.100	
9.9060	C1309P10	500	3.107102	0.001034	2021-08-12 14:46:11	10.787	0.000	0.337	2.361	4.459	3.530	0.100	0.000	0.000	100.000	100.000	
9.1250	O1809R18	500	1.027427	0.001194	2021-08-12 14:46:23	11.562	0.000	0.323	4.178	3.374	3.581	0.105	0.000	0.000	28.149	0.100	
9.2500	CO209R24	500	1.363578	0.000850	2021-08-12 14:46:37	13.534	0.000	0.316	4.561	4.990	3.558	0.108	0.000	0.000	53.693	0.100	
9.1150	O1809R20	500	1.027715	0.001210	2021-08-12 14:46:49	12.079	0.000	0.318	4.662	3.434	3.559	0.105	0.000	0.000	29.792	0.100	
9.2400	CO209R26	500	1.334312	0.000939	2021-08-12 14:47:03	13.270	0.000	0.320	4.163	5.121	3.559	0.105	0.000	0.000	47.401	0.100	
9.1050	O1809R22	500	1.010749	0.001468	2021-08-12 14:47:15	11.832	0.000	0.318	4.264	3.543	3.602	0.106	0.000	0.000	27.849	0.100	
9.2300	CO209R28	500	1.296135	0.000989	2021-08-12 14:47:30	13.536	0.000	0.321	4.344	5.195	3.571	0.105	0.000	0.000	51.355	0.100	
9.0950	O1809R24	0	NaN	NaN	2021-08-12 14:47:32	0.416	0.000	0.312	0.102	0.000	0.000	0.002	0.000	0.000	0.100	0.100	
9.2190	CO209R30	500	1.041818	0.001588	2021-08-12 14:48:00	12.896	0.000	0.313	3.781	5.089	3.571	0.141	0.000	0.000	76.667	3.286	
9.7620	C1309R08	-1	-1000000.000000	-1.000000	2021-08-12 14:48:09	0.000	0.000	0.000	0.000	0.000	0.000	0.000	0.000	0.000	-1.000	-1.000	
9.0860	O1809R26	500	0.986822	0.001206	2021-08-12 14:48:10	10.775	0.000	0.312	3.455	3.339	3.554	0.115	0.000	0.000	20.200	0.100	
9.2100	CO209R32	500	1.228290	0.001130	2021-08-12 14:48:25	12.198	0.000	0.320	3.163	5.015	3.585	0.114	0.000	0.000	66.484	0.100	
9.0770	O1809R28	500	0.986584	0.001007	2021-08-12 14:48:35	9.781	0.000	0.323	2.003	3.773	3.577	0.104	0.000	0.000	23.996	0.100	
9.7490	C1309R10	500	2.804595	0.000861	2021-08-12 14:48:48	12.539	0.000	0.311	2.776	5.775	3.568	0.109	0.000	0.000	100.000	100.000	
9.0680	O1809R30	500	0.949341	0.001289	2021-08-12 14:49:00	12.016	0.000	0.335	4.172	3.835	3.563	0.111	0.000	0.000	18.612	0.100	
9.7360	C1309R12	500	2.526365	0.001306	2021-08-12 14:49:12	11.406	0.000	0.318	2.373	5.036	3.570	0.108	0.000	0.000	100.000	100.000	
9.0590	O1809R32	500	0.913112	0.001147	2021-08-12 14:49:23	11.184	0.000	0.323	3.445	3.703	3.602	0.110	0.000	0.000	17.596	0.100	
9.7230	C1309R14	500	2.653898	0.001026	2021-08-12 14:49:35	11.647	0.000	0.319	2.662	4.969	3.587	0.109	0.000	0.000	100.000	100.000	
9.2010	CO209R34	500	1.194570	0.001257	2021-08-12 14:49:48	13.480	0.000	0.312	3.956	5.529	3.573	0.109	0.000	0.000	58.643	0.100	
9.7100	C1309R16	500	2.667360	0.000719	2021-08-12 14:50:01	13.125	0.000	0.321	3.247	5.847	3.600	0.109	0.001	0.000	100.000	100.000	
9.0510	O1809R34	500	0.892721	0.001336	2021-08-12 14:50:14	12.370	0.000	0.325	4.963	3.440	3.545	0.097	0.000	0.000	21.689	0.100	
9.6980	C1309R18	500	2.629461	0.000989	2021-08-12 14:50:26	11.891	0.000	0.317	2.700	5.183	3.578	0.113	0.000	0.000	100.000	100.000	
9.0420	O1809R36	500	0.869400	0.001298	2021-08-12 14:50:38	11.616	0.000	0.315	4.177	3.442	3.576	0.106	0.000	0.000	20.639	0.100	
9.6860	C1309R20	500	2.451092	0.001167	2021-08-12 14:50:49	11.089	0.000	0.323	2.750	4.342	3.571	0.102	0.000	0.000	100.000	100.000	
9.3170	CO209R12	500	1.506804	0.000834	2021-08-12 14:51:04	14.509	0.000	0.317	5.162	5.365	3.555	0.109	0.000	0.000	63.081	0.100	
9.6750	C1309R22	500	2.326559	0.000921	2021-08-12 14:51:14	10.419	0.000	0.324	2.755	3.646	3.590	0.105	0.000	0.000	100.000	100.000	
9.0340	O1809R38	500	0.805111	0.001623	2021-08-12 14:51:26	11.944	0.000	0.325	3.952	3.989	3.569	0.108	0.000	0.000	24.593	0.100	
9.6630	C1309R24	500	2.531271	0.000771	2021-08-12 14:51:39	12.649	0.000	0.322	2.985	5.670	3.564	0.108	0.000	0.000	100.000	100.000	
9.0260	O1809R40	500	0.822931	0.001775	2021-08-12 14:51:51	11.937	0.000	0.315	4.245	3.688	3.583	0.106	0.000	0.000	38.311	0.100	
9.6520	C1309R26	500	2.489704	0.001328	2021-08-12 14:53:05	11.000	0.000	0.313	2.270	4.756	3.552	0.109	0.000	0.000	100.000	100.000	
9.0180	O1809R42	-1	-1000000.000000	-1.000000	2021-08-12 14:54:34	0.000	0.000	0.000	0.000	0.000	0.000	0.000	0.000	0.000	-1.000	-1.000	
10.6640	O1810P36	500	2.184092	0.000859	2021-08-12 14:55:03	8.829	0.000	0.315	1.363	3.487	3.561	0.103	0.000	0.000	100.000	100.000	
9.6420	C1309R28	500	2.420935	0.001123	2021-08-12 14:55:24	11.708	0.000	0.318	2.661	5.093	3.540	0.095	0.000	0.000	100.000	100.000	
10.1310	O1810R34	500	3.052200	0.002005	2021-08-12 14:55:33	8.477	0.000	0.326	1.965	2.529	3.550	0.107	0.000	0.000	100.000	100.000	
10.1220	O1810R36	500	2.945711	0.001727	2021-08-12 14:55:58	9.488	0.000	0.325	2.261	3.235	3.564	0.102	0.000	0.000	100.000	100.000	
9.6310	C1309R30	500	2.461845	0.001883	2021-08-12 14:57:53	27.210	0.000	0.320	4.467	14.777	7.530	0.116	0.001	0.000	100.000	100.000	
9.5520	O1809P46	-1	-1000000.000000	-1.000000	2021-08-12 14:58:41	0.000	0.000	0.000	0.000	0.000	0.000	0.000	0.000	0.000	-1.000	-1.000	
9.0950	O1809R24	500	1.009487	0.001196	2021-08-12 14:59:07	11.076	0.000	0.326	3.767	3.283	3.589	0.111	0.000	0.000	27.186	0.100	
9.6210	C1309R32	-1	-1000000.000000	-1.000000	2021-08-12 14:59:51	0.000	0.000	0.000	0.000	0.000	0.000	0.000	0.000	0.000	-1.000	-1.000	
9.6110	C1309R34	-1	-1000000.000000	-1.000000	2021-08-12 15:01:48	0.000	0.000	0.000	0.000	0.000	0.000	0.000	0.000	0.000	-1.000	-1.000	
9.0180	O1809R42	-1	-1000000.000000	-1.000000	2021-08-12 15:01:50	0.000	0.000	0.000	0.000	0.000	0.000	0.000	0.000	0.000	-1.000	-1.000	
11.1940	C1310P24	500	0.746778	0.006579	2021-08-12 15:03:40	9.856	0.000	0.323	2.420	3.438	3.575	0.100	0.000	0.000	100.000	100.000	
11.1710	C1310P22	500	1.196717	0.001150	2021-08-12 15:04:05	12.803	0.000	0.325	5.254	3.533	3.579	0.111	0.000	0.000	90.000	75.930	
10.1520	C1309P36	-1	-1000000.000000	-1.000000	2021-08-12 15:05:46	0.000	0.000	0.000	0.000	0.000	0.000	0.000	0.000	0.000	-1.000	-1.000	
10.1310	C1309P34	-1	-1000000.000000	-1.000000	2021-08-12 15:07:19	0.000	0.000	0.000	0.000	0.000	0.000	0.000	0.000	0.000	-1.000	-1.000	
9.7620	C1309R08	-1	-1000000.000000	-1.000000	2021-08-12 15:08:54	0.000	0.000	0.000	0.000	0.000	0.000	0.000	0.000	0.000	-1.000	-1.000	
9.6210	C1309R32	500	2.308085	0.001028	2021-08-12 15:09:27	13.168	0.000	0.314	4.755	4.327	3.617	0.152	0.002	0.000	100.000	100.000	
9.6110	C1309R34	-1	-1000000.000000	-1.000000	2021-08-12 15:11:02	0.000	0.000	0.000	0.000	0.000	0.000	0.000	0.000	0.000	-1.000	-1.000	
