Wavelength	Line name	# of completed ringdowns	Ringdowntimes (us)	STOT	TimeStamp	Get ringdown time (s)	Step time (s)	Step time (s)	Step time(s)	Step time(s) 	Step time(s) 	Step time(s)	Step time(s)	Step time(s) 	AOM setting	Attenuator setting
10.8110	CO210P40	510	2.057780	0.001905	2021-08-19 22:30:12	25.535	0.000	0.327	1.587	14.940	8.543	0.125	0.013	0.000	100.000	100.000	
10.7870	CO210P38	500	2.186178	0.001163	2021-08-19 22:30:41	10.836	0.000	0.325	2.384	4.445	3.554	0.105	0.023	0.000	100.000	100.000	
10.7640	CO210P36	500	2.183467	0.001133	2021-08-19 22:31:17	17.443	0.000	0.319	8.865	4.530	3.607	0.101	0.020	0.000	89.999	67.681	
10.7410	CO210P34	500	2.250553	0.001179	2021-08-19 22:31:46	11.509	0.000	0.327	2.577	4.906	3.587	0.099	0.013	0.000	100.000	100.000	
11.2390	C1310P28	-1	-1000000.000000	-1.000000	2021-08-19 22:31:50	0.000	0.000	0.000	0.000	0.000	0.000	0.000	0.000	0.000	-1.000	-1.000	
10.7190	CO210P32	500	2.292312	0.001116	2021-08-19 22:32:18	14.036	0.000	0.326	5.148	4.829	3.612	0.102	0.020	0.000	90.000	78.980	
10.6640	O1810P36	-1	-1000000.000000	-1.000000	2021-08-19 22:32:43	0.000	0.000	0.000	0.000	0.000	0.000	0.000	0.000	0.000	-1.000	-1.000	
10.6960	CO210P30	500	2.379875	0.001163	2021-08-19 22:32:49	13.405	0.000	0.316	3.777	5.605	3.587	0.101	0.018	0.000	91.830	100.000	
10.6430	O1810P34	500	2.496196	0.001682	2021-08-19 22:33:06	9.282	0.000	0.320	1.984	3.271	3.582	0.103	0.022	0.000	100.000	100.000	
10.6750	CO210P28	500	2.425628	0.001532	2021-08-19 22:33:17	11.301	0.000	0.316	2.378	4.929	3.562	0.099	0.018	0.000	100.000	100.000	
10.6220	O1810P32	500	2.546273	0.000978	2021-08-19 22:33:30	9.982	0.000	0.342	2.077	3.784	3.581	0.110	0.087	0.000	100.000	100.000	
10.6530	CO210P26	500	2.466032	0.008212	2021-08-19 22:33:43	11.324	0.000	0.325	2.249	5.037	3.610	0.101	0.003	0.000	100.000	100.000	
10.6020	O1810P30	500	2.588190	0.000840	2021-08-19 22:33:56	10.625	0.000	0.321	4.068	2.546	3.578	0.097	0.015	0.000	90.045	91.715	
10.6320	CO210P24	500	2.499529	0.006642	2021-08-19 22:34:09	10.831	0.000	0.334	2.177	4.618	3.588	0.098	0.017	0.000	100.000	100.000	
11.2160	C1310P26	500	1.511388	0.004841	2021-08-19 22:34:20	10.913	0.000	0.327	2.186	4.656	3.615	0.106	0.023	0.000	100.000	100.000	
10.5820	O1810P28	500	2.603489	0.000823	2021-08-19 22:34:30	9.836	0.000	0.317	3.286	2.541	3.573	0.100	0.019	0.000	92.062	100.000	
10.6110	CO210P22	500	2.563471	0.004397	2021-08-19 22:34:41	11.051	0.000	0.320	1.453	5.524	3.629	0.103	0.023	0.000	100.000	100.000	
10.5630	O1810P26	500	2.647363	0.000870	2021-08-19 22:34:56	11.669	0.000	0.320	3.752	3.869	3.606	0.103	0.020	0.000	80.000	80.000	
10.5910	CO210P20	500	2.605656	0.002983	2021-08-19 22:35:07	10.647	0.000	0.314	1.790	4.827	3.600	0.104	0.012	0.000	100.000	100.000	
10.5430	O1810P24	500	2.573820	0.000846	2021-08-19 22:35:22	11.443	0.000	0.318	3.552	3.876	3.580	0.100	0.018	0.000	87.500	70.393	
10.5710	CO210P18	500	2.602722	0.007101	2021-08-19 22:35:32	10.263	0.000	0.319	1.867	4.396	3.562	0.097	0.021	0.000	100.000	100.000	
10.5250	O1810P22	500	2.584844	0.000841	2021-08-19 22:35:47	10.140	0.000	0.324	3.062	3.077	3.557	0.101	0.018	0.000	85.000	87.610	
10.5510	CO210P16	500	2.607742	0.002158	2021-08-19 22:35:58	10.861	0.000	0.315	1.648	5.098	3.616	0.105	0.078	0.000	100.000	100.000	
10.5060	O1810P20	500	2.736294	0.000909	2021-08-19 22:36:12	11.039	0.000	0.314	3.267	3.763	3.565	0.106	0.023	0.000	90.000	65.580	
10.5320	CO210P14	500	2.608158	0.013510	2021-08-19 22:36:34	21.433	0.000	0.316	1.800	9.879	9.312	0.108	0.018	0.000	100.000	100.000	
11.1940	C1310P24	500	1.557305	0.003258	2021-08-19 22:36:44	10.195	0.000	0.323	2.464	3.670	3.619	0.107	0.012	0.000	100.000	100.000	
10.4880	O1810P18	500	2.747813	0.001039	2021-08-19 22:36:55	11.184	0.000	0.317	3.751	3.508	3.505	0.074	0.030	0.000	87.500	58.657	
10.5130	CO210P12	500	2.737700	0.000752	2021-08-19 22:37:09	13.273	0.000	0.315	3.690	5.596	3.556	0.097	0.019	0.000	89.375	67.657	
10.4710	O1810P16	500	2.859419	0.000825	2021-08-19 22:37:19	10.186	0.000	0.323	2.147	4.003	3.585	0.106	0.022	0.000	87.778	68.605	
11.1710	C1310P22	500	1.575059	0.001516	2021-08-19 22:37:31	12.114	0.000	0.313	3.584	4.474	3.617	0.103	0.023	0.000	89.375	49.772	
10.4940	CO210P10	500	2.793685	0.007790	2021-08-19 22:37:58	26.938	0.000	0.318	1.847	15.192	9.452	0.106	0.023	0.000	100.000	100.000	
10.4530	O1810P14	500	2.929612	0.000847	2021-08-19 22:38:10	11.056	0.000	0.322	3.856	3.155	3.598	0.101	0.024	0.000	83.333	78.809	
11.1490	C1310P20	500	1.592812	0.001630	2021-08-19 22:38:21	10.856	0.000	0.316	3.779	3.038	3.614	0.098	0.011	0.000	89.424	64.916	
10.4760	CO210P08	500	2.873120	0.004904	2021-08-19 22:38:32	11.259	0.000	0.322	1.868	5.324	3.624	0.097	0.024	0.000	100.000	100.000	
10.4360	O1810P12	500	2.982447	0.000842	2021-08-19 22:38:43	11.150	0.000	0.324	3.763	3.328	3.615	0.103	0.018	0.000	85.000	76.962	
10.4200	O1810P10	500	3.013903	0.000745	2021-08-19 22:39:13	10.943	0.000	0.318	3.567	3.366	3.577	0.094	0.021	0.000	88.072	77.993	
10.4580	CO210P06	500	2.914375	0.003937	2021-08-19 22:39:23	10.818	0.000	0.328	1.802	4.986	3.581	0.103	0.018	0.000	100.000	100.000	
10.4040	O1810P08	500	3.078878	0.001119	2021-08-19 22:39:37	9.342	0.000	0.315	1.776	3.559	3.577	0.100	0.015	0.000	100.000	100.000	
10.3650	CO210R04	500	3.098154	0.000856	2021-08-19 22:39:53	14.834	0.000	0.315	6.471	4.368	3.566	0.097	0.017	0.000	90.000	78.861	
10.2780	O1810R08	500	3.399158	0.000818	2021-08-19 22:40:04	11.368	0.000	0.311	4.065	3.322	3.552	0.098	0.019	0.000	90.000	84.370	
10.3490	CO210R06	500	3.044785	0.001151	2021-08-19 22:40:17	10.454	0.000	0.313	1.649	4.836	3.546	0.093	0.017	0.000	100.000	100.000	
10.2650	O1810R10	500	3.434394	0.000682	2021-08-19 22:40:29	10.614	0.000	0.322	3.662	2.971	3.545	0.095	0.019	0.000	90.000	75.256	
11.1280	C1310P18	500	1.629568	0.001674	2021-08-19 22:40:40	9.918	0.000	0.324	2.262	3.636	3.580	0.096	0.021	0.000	100.000	100.000	
10.3340	CO210R08	500	3.120496	0.000774	2021-08-19 22:40:52	12.044	0.000	0.326	2.849	5.207	3.547	0.097	0.018	0.000	74.691	49.122	
10.2520	O1810R12	500	3.410996	0.000832	2021-08-19 22:41:02	10.564	0.000	0.325	3.146	3.405	3.571	0.099	0.019	0.000	90.000	58.452	
10.3180	CO210R10	500	3.267681	0.000940	2021-08-19 22:41:17	11.553	0.000	0.317	2.667	4.889	3.560	0.104	0.017	0.000	85.000	35.174	
10.2400	O1810R14	500	3.419265	0.000668	2021-08-19 22:41:27	10.249	0.000	0.325	2.904	3.291	3.613	0.103	0.014	0.000	85.000	67.626	
10.3030	CO210R12	500	3.231770	0.000829	2021-08-19 22:41:44	12.922	0.000	0.340	3.259	5.665	3.556	0.097	0.005	0.000	76.667	55.844	
11.1070	C1310P16	500	1.649843	0.001517	2021-08-19 22:41:57	13.419	0.000	0.324	4.269	5.122	3.583	0.099	0.022	0.000	89.549	83.456	
10.2280	O1810R16	500	3.449697	0.000717	2021-08-19 22:42:08	10.640	0.000	0.319	2.980	3.671	3.554	0.095	0.020	0.000	85.000	59.189	
10.2890	CO210R14	500	3.287511	0.000770	2021-08-19 22:42:21	13.167	0.000	0.323	4.282	4.853	3.590	0.097	0.021	0.000	69.520	40.817	
11.0860	C1310P14	500	1.672031	0.001444	2021-08-19 22:42:35	13.774	0.000	0.326	5.595	4.151	3.585	0.100	0.018	0.000	90.000	67.543	
10.2160	O1810R18	500	3.495463	0.000732	2021-08-19 22:42:45	9.892	0.000	0.331	3.368	2.478	3.596	0.098	0.021	0.000	87.500	60.704	
10.2740	CO210R16	500	3.371684	0.000956	2021-08-19 22:43:03	17.548	0.000	0.334	8.362	5.085	3.598	0.142	0.027	0.000	87.801	30.725	
11.0650	C1310P12	500	1.700312	0.016613	2021-08-19 22:43:13	9.698	0.000	0.321	2.764	2.881	3.604	0.115	0.012	0.000	100.000	100.000	
10.2040	O1810R20	500	3.566410	0.000640	2021-08-19 22:43:25	11.890	0.000	0.317	4.087	3.799	3.559	0.109	0.019	0.000	76.667	68.638	
10.2600	CO210R18	500	3.444995	0.000823	2021-08-19 22:43:37	12.405	0.000	0.316	3.364	5.013	3.594	0.103	0.015	0.000	89.375	30.902	
10.1930	O1810R22	500	3.610828	0.000718	2021-08-19 22:43:50	9.715	0.000	0.322	3.259	2.435	3.580	0.097	0.021	0.000	87.500	49.000	
10.2470	CO210R20	500	3.069643	0.000908	2021-08-19 22:44:06	14.163	0.000	0.317	4.946	5.193	3.590	0.100	0.017	0.000	86.781	38.601	
10.1820	O1810R24	500	3.599247	0.000735	2021-08-19 22:44:16	10.422	0.000	0.333	3.065	3.313	3.587	0.100	0.024	0.000	90.000	55.579	
11.0450	C1310P10	500	1.730830	0.002903	2021-08-19 22:44:27	10.059	0.000	0.317	2.563	3.487	3.576	0.094	0.021	0.000	100.000	100.000	
10.2330	CO210R22	500	3.434154	0.000734	2021-08-19 22:44:39	11.862	0.000	0.324	3.266	4.602	3.556	0.096	0.019	0.000	80.233	41.494	
10.1710	O1810R26	500	3.652885	0.000665	2021-08-19 22:44:49	10.328	0.000	0.325	3.376	2.962	3.547	0.097	0.021	0.000	87.500	65.824	
10.2200	CO210R24	500	3.450209	0.000710	2021-08-19 22:45:04	11.373	0.000	0.325	2.661	4.724	3.547	0.100	0.016	0.000	75.350	46.636	
10.1610	O1810R28	500	3.635148	0.000859	2021-08-19 22:45:15	10.244	0.000	0.324	2.967	3.258	3.576	0.097	0.022	0.000	85.000	49.125	
10.2070	CO210R26	500	3.522100	0.000763	2021-08-19 22:45:31	12.505	0.000	0.320	3.550	4.968	3.558	0.091	0.018	0.000	73.125	45.008	
10.1500	O1810R30	500	3.628231	0.000649	2021-08-19 22:45:42	11.069	0.000	0.313	4.161	2.910	3.564	0.100	0.021	0.000	90.000	90.953	
11.0250	C1310P08	500	1.750119	0.008813	2021-08-19 22:45:56	10.880	0.000	0.319	2.362	4.537	3.547	0.095	0.019	0.000	100.000	100.000	
10.1950	CO210R28	500	3.564664	0.000754	2021-08-19 22:46:10	13.426	0.000	0.324	4.763	4.675	3.550	0.096	0.020	0.000	90.000	34.286	
10.1410	O1810R32	500	3.584664	0.000790	2021-08-19 22:46:21	11.431	0.000	0.317	4.071	3.393	3.542	0.094	0.015	0.000	90.037	94.012	
10.1820	CO210R30	500	3.604485	0.000847	2021-08-19 22:46:38	13.309	0.000	0.325	4.246	5.038	3.579	0.101	0.022	0.000	80.508	38.609	
10.1310	O1810R34	500	3.684869	0.002668	2021-08-19 22:46:47	9.234	0.000	0.320	1.953	3.219	3.628	0.100	0.014	0.000	100.000	100.000	
11.0050	C1310P06	500	1.730381	0.001849	2021-08-19 22:47:00	9.480	0.000	0.318	2.097	3.378	3.569	0.100	0.018	0.000	100.000	100.000	
10.1700	CO210R32	500	3.645657	0.000811	2021-08-19 22:47:13	13.055	0.000	0.326	4.066	4.957	3.593	0.104	0.009	0.000	70.800	54.138	
10.8840	C1310R06	500	1.989323	0.001650	2021-08-19 22:47:26	13.257	0.000	0.315	4.847	4.394	3.583	0.101	0.017	0.000	100.000	100.000	
10.1590	CO210R34	500	3.632131	0.000707	2021-08-19 22:47:39	11.955	0.000	0.325	3.362	4.590	3.563	0.101	0.014	0.000	87.500	48.269	
10.8670	C1310R08	500	2.026664	0.001100	2021-08-19 22:47:51	10.325	0.000	0.319	2.786	3.563	3.542	0.097	0.018	0.000	90.000	94.356	
10.1470	CO210R36	500	3.644686	0.000706	2021-08-19 22:48:07	14.842	0.000	0.314	5.254	5.573	3.581	0.096	0.025	0.000	84.661	42.320	
10.1220	O1810R36	0	NaN	NaN	2021-08-19 22:48:11	3.393	0.000	0.327	3.062	0.000	0.000	0.004	0.000	0.000	100.000	100.000	
10.8500	C1310R10	500	2.057072	0.001414	2021-08-19 22:48:22	11.186	0.000	0.321	2.856	4.308	3.549	0.142	0.010	0.000	100.000	100.000	
10.1360	CO210R38	500	3.585251	0.000655	2021-08-19 22:48:36	12.652	0.000	0.316	4.266	4.384	3.573	0.097	0.015	0.000	86.090	55.626	
10.8330	C1310R12	500	2.104867	0.001087	2021-08-19 22:48:49	12.876	0.000	0.333	4.863	3.981	3.585	0.092	0.021	0.000	90.000	73.861	
10.1250	CO210R40	500	3.567245	0.000674	2021-08-19 22:49:04	13.623	0.000	0.319	4.963	4.687	3.551	0.090	0.014	0.000	90.000	82.861	
10.8160	C1310R14	500	2.144923	0.001192	2021-08-19 22:49:25	21.338	0.000	0.325	3.565	8.029	9.313	0.087	0.019	0.000	89.688	85.219	
9.7530	CO209P42	500	3.240446	0.000815	2021-08-19 22:49:42	16.400	0.000	0.334	6.776	5.641	3.543	0.090	0.016	0.000	81.562	58.048	
10.8000	C1310R16	500	2.171047	0.001113	2021-08-19 22:49:54	12.123	0.000	0.311	4.670	3.463	3.566	0.092	0.021	0.000	89.826	70.485	
9.7330	CO209P40	500	2.969098	0.000793	2021-08-19 22:50:07	13.308	0.000	0.311	3.866	5.427	3.585	0.097	0.022	0.000	88.750	39.673	
10.7840	C1310R18	500	2.123087	0.001004	2021-08-19 22:50:19	11.030	0.000	0.319	3.164	3.886	3.557	0.094	0.011	0.000	88.750	70.888	
9.7140	CO209P38	500	3.025240	0.000823	2021-08-19 22:50:33	13.611	0.000	0.340	4.162	5.446	3.555	0.090	0.018	0.000	81.111	47.898	
10.7680	C1310R20	500	2.184466	0.001463	2021-08-19 22:50:45	11.083	0.000	0.313	3.277	3.826	3.558	0.092	0.017	0.000	100.000	100.000	
9.5520	O1809P46	-1	-1000000.000000	-1.000000	2021-08-19 22:50:55	0.000	0.000	0.000	0.000	0.000	0.000	0.000	0.000	0.000	-1.000	-1.000	
9.6950	CO209P36	500	2.993725	0.000855	2021-08-19 22:51:04	17.816	0.000	0.318	8.445	5.388	3.552	0.093	0.020	0.000	89.287	34.659	
10.7530	C1310R22	500	2.210183	0.002788	2021-08-19 22:51:13	9.526	0.000	0.330	2.361	3.131	3.595	0.096	0.013	0.000	100.000	100.000	
9.5360	O1809P44	500	2.557921	0.000857	2021-08-19 22:51:27	12.925	0.000	0.323	5.062	3.825	3.598	0.101	0.015	0.000	90.000	51.102	
10.7380	C1310R24	500	2.223976	0.001824	2021-08-19 22:51:37	9.875	0.000	0.322	2.264	3.581	3.589	0.095	0.024	0.000	100.000	100.000	
9.6750	CO209P34	500	2.621111	0.000811	2021-08-19 22:51:49	12.849	0.000	0.327	3.365	5.473	3.572	0.093	0.019	0.000	85.000	30.838	
9.5190	O1809P42	500	2.601401	0.000830	2021-08-19 22:52:01	11.405	0.000	0.314	3.568	3.827	3.589	0.095	0.012	0.000	90.000	21.695	
10.7230	C1310R26	500	2.300704	0.001142	2021-08-19 22:52:13	11.614	0.000	0.332	2.963	4.629	3.572	0.097	0.020	0.000	100.000	100.000	
9.5030	O1809P40	500	2.506220	0.000933	2021-08-19 22:52:33	19.782	0.000	0.338	12.662	3.105	3.564	0.095	0.017	0.000	89.998	12.005	
10.7080	C1310R28	500	2.346925	0.001772	2021-08-19 22:52:43	10.115	0.000	0.326	2.677	3.453	3.548	0.092	0.020	0.000	100.000	100.000	
9.6570	CO209P32	500	2.940554	0.000975	2021-08-19 22:52:58	14.619	0.000	0.316	5.546	5.089	3.567	0.093	0.007	0.000	89.844	19.348	
9.4880	O1809P38	500	2.512492	0.000839	2021-08-19 22:53:08	10.503	0.000	0.324	3.763	2.696	3.612	0.096	0.013	0.000	71.134	0.100	
10.6940	C1310R30	500	2.383474	0.002103	2021-08-19 22:53:20	11.182	0.000	0.341	2.266	4.975	3.503	0.072	0.025	0.000	100.000	100.000	
9.4720	O1809P36	500	2.485796	0.000901	2021-08-19 22:53:33	12.935	0.000	0.341	5.164	3.778	3.544	0.092	0.015	0.000	58.307	0.100	
10.6800	C1310R32	500	2.405917	0.002278	2021-08-19 22:53:43	9.737	0.000	0.326	2.287	3.400	3.605	0.099	0.018	0.000	100.000	100.000	
9.6390	CO209P30	500	2.834398	0.000877	2021-08-19 22:53:57	13.877	0.000	0.326	4.366	5.509	3.562	0.099	0.015	0.000	87.500	18.870	
9.4570	O1809P34	500	2.365157	0.001111	2021-08-19 22:54:08	10.831	0.000	0.320	3.082	3.755	3.562	0.095	0.019	0.000	59.477	0.100	
10.6660	C1310R34	500	2.431371	0.001998	2021-08-19 22:54:19	11.213	0.000	0.331	2.359	4.809	3.608	0.103	0.004	0.000	100.000	100.000	
9.4410	O1809P32	500	2.387559	0.001173	2021-08-19 22:54:31	11.845	0.000	0.326	4.377	3.413	3.607	0.104	0.018	0.000	44.572	0.100	
10.6520	C1310R36	500	2.463201	0.001928	2021-08-19 22:54:42	10.714	0.000	0.338	2.247	4.388	3.624	0.102	0.014	0.000	100.000	100.000	
9.6210	CO209P28	500	2.800175	0.000888	2021-08-19 22:54:54	12.170	0.000	0.327	3.068	5.082	3.580	0.099	0.013	0.000	90.000	15.330	
9.4270	O1809P30	500	2.381003	0.000884	2021-08-19 22:55:06	11.908	0.000	0.325	4.353	3.523	3.603	0.097	0.009	0.000	53.059	0.100	
10.6390	C1310R38	500	2.491675	0.001814	2021-08-19 22:55:17	10.705	0.000	0.321	2.349	4.311	3.599	0.103	0.022	0.000	100.000	100.000	
9.4120	O1809P28	500	2.281669	0.000902	2021-08-19 22:55:29	11.913	0.000	0.327	4.253	3.610	3.611	0.099	0.013	0.000	45.114	0.100	
9.6040	CO209P26	500	2.802503	0.000858	2021-08-19 22:55:42	13.378	0.000	0.322	4.051	5.300	3.587	0.101	0.017	0.000	90.000	14.941	
9.3970	O1809P26	500	2.235787	0.001096	2021-08-19 22:55:54	11.380	0.000	0.320	3.962	3.380	3.600	0.092	0.026	0.000	45.942	0.100	
10.6260	C1310R40	500	2.478495	0.002515	2021-08-19 22:56:04	10.413	0.000	0.326	2.379	3.986	3.602	0.094	0.026	0.000	100.000	100.000	
9.5880	CO209P24	500	2.781173	0.000902	2021-08-19 22:56:21	16.923	0.000	0.334	8.580	4.278	3.608	0.098	0.025	0.000	88.733	13.377	
9.3830	O1809P24	500	2.057407	0.001195	2021-08-19 22:56:31	10.236	0.000	0.329	2.969	3.254	3.574	0.094	0.016	0.000	40.919	0.100	
9.5690	CO209P22	500	2.710685	0.000925	2021-08-19 22:56:49	14.906	0.000	0.328	5.860	5.047	3.563	0.094	0.015	0.000	90.000	13.685	
9.3690	O1809P22	500	2.118458	0.000966	2021-08-19 22:57:01	11.412	0.000	0.321	3.550	3.821	3.603	0.099	0.019	0.000	42.692	0.100	
9.5520	CO209P20	500	2.708473	0.000904	2021-08-19 22:57:21	18.479	0.000	0.318	9.949	4.513	3.593	0.098	0.008	0.000	90.000	12.505	
9.3550	O1809P20	500	2.110715	0.001099	2021-08-19 22:57:32	11.081	0.000	0.327	3.278	3.769	3.591	0.100	0.016	0.000	35.450	0.100	
9.5360	CO209P18	500	2.577275	0.000869	2021-08-19 22:57:50	15.242	0.000	0.315	5.945	5.288	3.584	0.098	0.012	0.000	90.000	13.437	
10.1520	C1309P36	-1	-1000000.000000	-1.000000	2021-08-19 22:58:01	0.000	0.000	0.000	0.000	0.000	0.000	0.000	0.000	0.000	-1.000	-1.000	
9.3410	O1809P18	500	2.045450	0.001049	2021-08-19 22:58:01	11.218	0.000	0.330	4.047	3.053	3.611	0.151	0.026	0.000	34.455	0.100	
9.5200	CO209P16	500	2.581073	0.000912	2021-08-19 22:58:14	11.041	0.000	0.327	1.968	5.065	3.555	0.107	0.018	0.000	90.000	0.188	
9.3280	O1809P16	500	1.954548	0.001144	2021-08-19 22:58:26	10.612	0.000	0.326	3.762	2.816	3.598	0.096	0.014	0.000	39.766	0.100	
9.5040	CO209P14	500	2.495010	0.000898	2021-08-19 22:58:44	16.654	0.000	0.324	7.350	5.311	3.557	0.095	0.017	0.000	90.000	11.846	
9.3150	O1809P14	500	1.931963	0.001168	2021-08-19 22:58:57	12.269	0.000	0.327	4.647	3.627	3.563	0.098	0.006	0.000	39.249	0.100	
9.4880	CO209P12	500	2.440627	0.000880	2021-08-19 22:59:10	12.622	0.000	0.320	3.548	5.022	3.614	0.104	0.013	0.000	61.758	0.100	
9.3020	O1809P12	500	1.800079	0.001082	2021-08-19 22:59:21	11.488	0.000	0.319	3.761	3.709	3.580	0.095	0.024	0.000	41.813	0.100	
9.4730	CO209P10	500	2.431695	0.001029	2021-08-19 22:59:33	10.156	0.000	0.318	1.948	4.181	3.595	0.096	0.017	0.000	90.000	0.243	
9.2890	O1809P10	500	1.850518	0.001321	2021-08-19 22:59:46	11.321	0.000	0.313	4.848	2.430	3.611	0.098	0.021	0.000	33.527	0.100	
10.1310	C1309P34	-1	-1000000.000000	-1.000000	2021-08-19 23:00:01	0.000	0.000	0.000	0.000	0.000	0.000	0.000	0.000	0.000	-1.000	-1.000	
9.4580	CO209P08	500	2.389430	0.001012	2021-08-19 23:00:03	16.271	0.000	0.342	7.860	4.350	3.596	0.102	0.021	0.000	90.000	11.279	
9.2760	O1809P08	500	1.808928	0.001499	2021-08-19 23:00:14	11.101	0.000	0.320	3.765	3.293	3.616	0.101	0.006	0.000	36.403	0.100	
10.1100	C1309P32	500	3.754851	0.002266	2021-08-19 23:00:26	11.151	0.000	0.325	2.262	4.883	3.561	0.112	0.007	0.000	100.000	100.000	
9.2640	O1809P06	500	1.735143	0.001540	2021-08-19 23:00:37	11.373	0.000	0.329	4.565	2.771	3.598	0.101	0.010	0.000	40.409	0.100	
10.0900	C1309P30	500	3.736186	0.001444	2021-08-19 23:00:49	11.644	0.000	0.312	2.366	5.247	3.591	0.103	0.024	0.000	100.000	100.000	
9.1990	O1809R04	500	1.516133	0.001435	2021-08-19 23:01:15	25.414	0.000	0.316	17.682	3.738	3.565	0.095	0.018	0.000	90.000	11.174	
10.0700	C1309P28	500	3.789516	0.001189	2021-08-19 23:01:25	10.053	0.000	0.323	2.647	3.304	3.657	0.097	0.025	0.000	100.000	100.000	
9.3540	CO209R06	500	2.100866	0.001174	2021-08-19 23:01:37	12.610	0.000	0.316	4.078	4.538	3.560	0.097	0.021	0.000	56.975	0.100	
9.1870	O1809R06	-1	-1000000.000000	-1.000000	2021-08-19 23:01:46	0.000	0.000	0.000	0.000	0.000	0.000	0.000	0.000	0.000	-1.000	-1.000	
10.0500	C1309P26	500	3.790617	0.000791	2021-08-19 23:01:53	13.214	0.000	0.311	5.385	3.864	3.550	0.100	0.004	0.000	100.000	100.000	
9.3420	CO209R08	500	2.048024	0.001208	2021-08-19 23:02:07	14.090	0.000	0.321	5.044	5.037	3.571	0.098	0.019	0.000	61.288	0.100	
9.1760	O1809R08	500	1.436437	0.001446	2021-08-19 23:02:17	10.184	0.000	0.330	2.548	3.628	3.566	0.098	0.014	0.000	36.787	0.100	
10.0310	C1309P24	500	3.712047	0.000739	2021-08-19 23:02:29	11.903	0.000	0.322	4.248	3.627	3.588	0.101	0.016	0.000	90.000	79.665	
9.1660	O1809R10	500	1.361317	0.001388	2021-08-19 23:02:40	11.429	0.000	0.335	3.582	3.813	3.583	0.096	0.020	0.000	26.864	0.100	
10.0120	C1309P22	500	3.600452	0.001134	2021-08-19 23:02:50	9.697	0.000	0.325	2.683	3.019	3.555	0.095	0.020	0.000	100.000	100.000	
9.3290	CO209R10	500	1.989967	0.001149	2021-08-19 23:03:04	13.453	0.000	0.336	4.950	4.481	3.577	0.096	0.012	0.000	61.748	0.100	
9.9940	C1309P20	500	3.693708	0.000882	2021-08-19 23:03:15	11.355	0.000	0.315	2.960	4.331	3.630	0.102	0.017	0.000	100.000	100.000	
9.1550	O1809R12	500	1.356898	0.001512	2021-08-19 23:03:26	11.033	0.000	0.316	3.565	3.446	3.588	0.101	0.016	0.000	22.678	0.100	
9.3170	CO209R12	0	NaN	NaN	2021-08-19 23:03:29	0.415	0.000	0.309	0.103	0.000	0.000	0.003	0.000	0.000	0.100	0.100	
9.9750	C1309P18	500	3.679700	0.001053	2021-08-19 23:03:38	10.822	0.000	0.323	2.798	4.036	3.517	0.138	0.009	0.000	100.000	100.000	
9.3050	CO209R14	500	1.787873	0.001261	2021-08-19 23:03:54	14.254	0.000	0.314	5.480	4.749	3.583	0.112	0.017	0.000	57.670	0.100	
9.1450	O1809R14	500	1.318011	0.001696	2021-08-19 23:04:06	11.390	0.000	0.312	3.266	4.109	3.579	0.108	0.016	0.000	27.826	0.100	
9.9570	C1309P16	500	3.683770	0.001241	2021-08-19 23:04:18	11.796	0.000	0.328	2.977	4.802	3.576	0.096	0.017	0.000	100.000	100.000	
9.1340	O1809R16	500	1.290461	0.001697	2021-08-19 23:04:29	11.676	0.000	0.324	3.966	3.663	3.597	0.104	0.022	0.000	20.374	0.100	
9.9400	C1309P14	500	3.629197	0.000941	2021-08-19 23:04:40	10.885	0.000	0.327	2.685	4.174	3.583	0.100	0.017	0.000	100.000	100.000	
9.1250	O1809R18	500	1.227581	0.002155	2021-08-19 23:04:51	10.916	0.000	0.320	3.564	3.318	3.585	0.109	0.021	0.000	23.754	0.100	
9.9230	C1309P12	500	3.587265	0.000968	2021-08-19 23:05:01	9.913	0.000	0.313	2.847	3.041	3.603	0.101	0.008	0.000	100.000	100.000	
9.2940	CO209R16	500	1.802912	0.001288	2021-08-19 23:05:16	14.453	0.000	0.343	5.479	4.917	3.602	0.096	0.016	0.000	51.880	0.100	
9.9060	C1309P10	500	3.658859	0.001292	2021-08-19 23:05:27	11.007	0.000	0.328	2.661	4.338	3.559	0.098	0.022	0.000	100.000	100.000	
9.1150	O1809R20	500	1.227494	0.001673	2021-08-19 23:05:40	12.501	0.000	0.327	5.061	3.418	3.578	0.100	0.017	0.000	26.850	0.100	
9.2820	CO209R18	500	1.794592	0.001518	2021-08-19 23:05:54	14.202	0.000	0.323	4.699	5.476	3.580	0.100	0.023	0.000	61.550	0.100	
9.1050	O1809R22	500	1.175145	0.001975	2021-08-19 23:06:06	11.754	0.000	0.333	4.349	3.411	3.561	0.093	0.008	0.000	24.633	0.100	
9.0950	O1809R24	-1	-1000000.000000	-1.000000	2021-08-19 23:06:21	0.000	0.000	0.000	0.000	0.000	0.000	0.000	0.000	0.000	-1.000	-1.000	
9.2710	CO209R20	500	1.788330	0.001272	2021-08-19 23:06:23	14.602	0.000	0.332	5.961	4.630	3.565	0.093	0.021	0.000	42.716	0.100	
9.0860	O1809R26	500	1.140367	0.001866	2021-08-19 23:06:44	9.462	0.000	0.317	2.245	3.217	3.577	0.096	0.011	0.000	16.979	0.100	
9.2610	CO209R22	500	1.756400	0.001410	2021-08-19 23:06:58	13.897	0.000	0.322	4.463	5.442	3.552	0.097	0.020	0.000	50.364	0.100	
9.0770	O1809R28	500	1.139844	0.002041	2021-08-19 23:07:09	9.660	0.000	0.316	2.292	3.354	3.575	0.096	0.026	0.000	22.779	0.100	
9.2500	CO209R24	500	1.717600	0.001170	2021-08-19 23:07:25	13.050	0.000	0.321	4.282	4.714	3.610	0.101	0.022	0.000	48.070	0.100	
9.7620	C1309R08	-1	-1000000.000000	-1.000000	2021-08-19 23:07:29	0.000	0.000	0.000	0.000	0.000	0.000	0.000	0.000	0.000	-1.000	-1.000	
9.0680	O1809R30	500	1.073589	0.001884	2021-08-19 23:07:35	10.093	0.000	0.327	2.247	3.811	3.591	0.095	0.023	0.000	17.407	0.100	
9.2400	CO209R26	500	1.677894	0.001483	2021-08-19 23:07:51	13.345	0.000	0.327	4.551	4.709	3.638	0.102	0.017	0.000	41.184	0.100	
9.0590	O1809R32	500	1.016960	0.002591	2021-08-19 23:08:01	10.327	0.000	0.324	2.464	3.826	3.590	0.100	0.022	0.000	16.789	0.100	
9.2300	CO209R28	500	1.648321	0.001429	2021-08-19 23:08:18	13.805	0.000	0.318	4.446	5.357	3.568	0.095	0.021	0.000	48.028	0.100	
9.0510	O1809R34	500	0.997331	0.002204	2021-08-19 23:08:29	11.388	0.000	0.326	4.062	3.347	3.551	0.095	0.007	0.000	21.866	0.100	
9.2190	CO209R30	500	1.490701	0.001756	2021-08-19 23:08:46	14.606	0.000	0.314	5.183	5.413	3.580	0.100	0.016	0.000	60.514	0.100	
9.0420	O1809R36	500	0.956647	0.002404	2021-08-19 23:08:56	9.733	0.000	0.322	2.264	3.486	3.547	0.098	0.015	0.000	21.072	0.100	
9.2100	CO209R32	500	1.558312	0.001653	2021-08-19 23:09:12	12.781	0.000	0.318	4.481	4.285	3.578	0.101	0.017	0.000	51.950	0.100	
9.0340	O1809R38	500	0.892755	0.002462	2021-08-19 23:09:22	10.646	0.000	0.320	2.883	3.739	3.595	0.092	0.017	0.000	26.488	0.100	
9.2010	CO209R34	500	1.557941	0.001366	2021-08-19 23:09:39	13.674	0.000	0.319	4.565	5.114	3.562	0.095	0.019	0.000	51.062	0.100	
9.7490	C1309R10	500	3.137343	0.001225	2021-08-19 23:09:51	11.804	0.000	0.316	2.748	5.022	3.602	0.098	0.018	0.000	100.000	100.000	
9.0260	O1809R40	500	0.895969	0.002604	2021-08-19 23:10:04	13.053	0.000	0.316	5.446	3.573	3.604	0.099	0.014	0.000	45.287	0.100	
9.7360	C1309R12	500	2.938726	0.001304	2021-08-19 23:10:16	11.196	0.000	0.322	2.707	4.486	3.572	0.097	0.012	0.000	100.000	100.000	
9.3170	CO209R12	500	1.784872	0.001186	2021-08-19 23:10:29	13.746	0.000	0.336	4.979	4.732	3.584	0.096	0.019	0.000	62.816	0.100	
9.7230	C1309R14	500	3.057641	0.000957	2021-08-19 23:10:40	10.615	0.000	0.319	3.064	3.584	3.537	0.096	0.015	0.000	100.000	100.000	
9.7100	C1309R16	500	3.020174	0.000751	2021-08-19 23:11:04	11.109	0.000	0.322	3.453	3.620	3.596	0.097	0.022	0.000	100.000	100.000	
9.6980	C1309R18	500	3.021533	0.001027	2021-08-19 23:11:27	10.395	0.000	0.325	2.767	3.586	3.603	0.098	0.016	0.000	100.000	100.000	
9.6860	C1309R20	500	2.809789	0.000917	2021-08-19 23:11:52	11.814	0.000	0.321	3.467	4.336	3.573	0.097	0.020	0.000	100.000	100.000	
9.6750	C1309R22	500	2.645547	0.001031	2021-08-19 23:12:17	11.046	0.000	0.321	3.349	3.663	3.593	0.099	0.021	0.000	100.000	100.000	
9.0180	O1809R42	-1	-1000000.000000	-1.000000	2021-08-19 23:12:37	0.000	0.000	0.000	0.000	0.000	0.000	0.000	0.000	0.000	-1.000	-1.000	
9.6630	C1309R24	500	2.907728	0.001108	2021-08-19 23:12:41	10.819	0.000	0.319	3.063	3.710	3.610	0.099	0.018	0.000	100.000	100.000	
9.6520	C1309R26	500	2.891853	0.001261	2021-08-19 23:13:08	10.669	0.000	0.316	2.763	3.814	3.605	0.143	0.029	0.000	100.000	100.000	
10.6640	O1810P36	500	2.439911	0.002971	2021-08-19 23:13:17	8.971	0.000	0.319	1.404	3.528	3.601	0.112	0.007	0.000	100.000	100.000	
9.6420	C1309R28	-1	-1000000.000000	-1.000000	2021-08-19 23:14:39	0.000	0.000	0.000	0.000	0.000	0.000	0.000	0.000	0.000	-1.000	-1.000	
10.1220	O1810R36	-1	-1000000.000000	-1.000000	2021-08-19 23:16:04	0.000	0.000	0.000	0.000	0.000	0.000	0.000	0.000	0.000	-1.000	-1.000	
9.6310	C1309R30	-1	-1000000.000000	-1.000000	2021-08-19 23:16:43	0.000	0.000	0.000	0.000	0.000	0.000	0.000	0.000	0.000	-1.000	-1.000	
9.6210	C1309R32	-1	-1000000.000000	-1.000000	2021-08-19 23:18:43	0.000	0.000	0.000	0.000	0.000	0.000	0.000	0.000	0.000	-1.000	-1.000	
9.5520	O1809P46	-1	-1000000.000000	-1.000000	2021-08-19 23:18:51	0.000	0.000	0.000	0.000	0.000	0.000	0.000	0.000	0.000	-1.000	-1.000	
9.1870	O1809R06	0	NaN	NaN	2021-08-19 23:19:04	0.444	0.000	0.341	0.100	0.000	0.000	0.002	0.000	0.000	0.100	0.100	
9.0950	O1809R24	500	1.177295	0.001753	2021-08-19 23:19:28	11.804	0.000	0.318	3.759	4.006	3.564	0.147	0.010	0.000	26.517	0.100	
9.6110	C1309R34	-1	-1000000.000000	-1.000000	2021-08-19 23:20:40	0.000	0.000	0.000	0.000	0.000	0.000	0.000	0.000	0.000	-1.000	-1.000	
9.0180	O1809R42	-1	-1000000.000000	-1.000000	2021-08-19 23:20:43	0.000	0.000	0.000	0.000	0.000	0.000	0.000	0.000	0.000	-1.000	-1.000	
11.2390	C1310P28	500	1.473244	0.001761	2021-08-19 23:22:32	9.220	0.000	0.318	2.265	2.922	3.592	0.102	0.020	0.000	100.000	100.000	
10.1520	C1309P36	-1	-1000000.000000	-1.000000	2021-08-19 23:24:13	0.000	0.000	0.000	0.000	0.000	0.000	0.000	0.000	0.000	-1.000	-1.000	
10.1310	C1309P34	-1	-1000000.000000	-1.000000	2021-08-19 23:25:47	0.000	0.000	0.000	0.000	0.000	0.000	0.000	0.000	0.000	-1.000	-1.000	
9.7620	C1309R08	-1	-1000000.000000	-1.000000	2021-08-19 23:27:21	0.000	0.000	0.000	0.000	0.000	0.000	0.000	0.000	0.000	-1.000	-1.000	
9.6420	C1309R28	-1	-1000000.000000	-1.000000	2021-08-19 23:29:16	0.000	0.000	0.000	0.000	0.000	0.000	0.000	0.000	0.000	-1.000	-1.000	
9.6310	C1309R30	-1	-1000000.000000	-1.000000	2021-08-19 23:30:49	0.000	0.000	0.000	0.000	0.000	0.000	0.000	0.000	0.000	-1.000	-1.000	
9.6210	C1309R32	500	2.733941	0.001613	2021-08-19 23:32:36	12.568	0.000	0.313	4.962	3.476	3.649	0.146	0.021	0.000	100.000	100.000	
9.6110	C1309R34	-1	-1000000.000000	-1.000000	2021-08-19 23:34:11	0.000	0.000	0.000	0.000	0.000	0.000	0.000	0.000	0.000	-1.000	-1.000	
