Wavelength	Line name	# of completed ringdowns	Ringdowntimes (us)	STOT	TimeStamp	Get ringdown time (s)	Step time (s)	Step time (s)	Step time(s)	Step time(s) 	Step time(s) 	Step time(s)	Step time(s)	Step time(s) 	AOM setting	Attenuator setting
10.8110	CO210P40	500	1.467397	0.001358	2021-08-20 12:18:23	9.395	0.000	0.315	1.460	3.960	3.543	0.102	0.014	0.000	100.000	100.000	
10.7870	CO210P38	500	1.580371	0.001131	2021-08-20 12:18:51	10.974	0.000	0.326	2.366	4.625	3.538	0.101	0.018	0.000	100.000	100.000	
10.7640	CO210P36	500	1.609627	0.001233	2021-08-20 12:19:20	10.888	0.000	0.337	2.385	4.572	3.528	0.065	0.000	0.000	100.000	100.000	
10.7410	CO210P34	500	1.666858	0.002849	2021-08-20 12:19:48	10.853	0.000	0.333	2.376	4.575	3.506	0.063	0.000	0.000	100.000	100.000	
10.7190	CO210P32	500	1.665512	0.000802	2021-08-20 12:20:17	11.139	0.000	0.314	2.360	4.891	3.508	0.065	0.000	0.000	100.000	100.000	
11.2390	C1310P28	500	0.994936	0.009509	2021-08-20 12:20:29	8.758	0.000	0.321	1.357	3.516	3.490	0.073	0.002	0.000	100.000	100.000	
10.6960	CO210P30	500	1.735607	0.000700	2021-08-20 12:20:42	11.341	0.000	0.327	2.276	5.148	3.526	0.064	0.000	0.000	100.000	100.000	
10.6640	O1810P36	-1	-1000000.000000	-1.000000	2021-08-20 12:21:05	0.000	0.000	0.000	0.000	0.000	0.000	0.000	0.000	0.000	-1.000	-1.000	
10.6750	CO210P28	500	1.775622	0.004687	2021-08-20 12:21:12	11.835	0.000	0.315	3.355	4.615	3.487	0.062	0.002	0.000	100.000	100.000	
10.6530	CO210P26	500	1.794804	0.002671	2021-08-20 12:21:39	9.701	0.000	0.342	2.346	3.448	3.500	0.065	0.000	0.000	100.000	100.000	
10.6430	O1810P34	500	1.820089	0.001735	2021-08-20 12:21:51	9.047	0.000	0.316	1.963	3.171	3.524	0.073	0.000	0.000	100.000	100.000	
10.6320	CO210P24	500	1.816284	0.013073	2021-08-20 12:22:05	12.040	0.000	0.318	3.369	4.767	3.517	0.068	0.000	0.000	100.000	100.000	
10.6220	O1810P32	500	1.846769	0.001645	2021-08-20 12:22:15	9.406	0.000	0.320	2.166	3.330	3.524	0.066	0.000	0.000	100.000	100.000	
10.6110	CO210P22	500	1.856566	0.003817	2021-08-20 12:22:31	10.536	0.000	0.317	1.362	5.279	3.513	0.064	0.000	0.000	100.000	100.000	
10.6020	O1810P30	500	1.873767	0.001716	2021-08-20 12:22:41	9.861	0.000	0.342	2.163	3.758	3.531	0.066	0.000	0.000	100.000	100.000	
11.2160	C1310P26	500	0.890007	0.006437	2021-08-20 12:22:52	9.308	0.000	0.340	2.149	3.245	3.508	0.065	0.000	0.000	100.000	100.000	
10.5820	O1810P28	500	1.883796	0.001710	2021-08-20 12:23:02	9.899	0.000	0.316	2.261	3.747	3.509	0.066	0.000	0.000	100.000	100.000	
10.5910	CO210P20	500	1.884626	0.003567	2021-08-20 12:23:13	10.331	0.000	0.315	1.546	4.885	3.518	0.066	0.000	0.000	100.000	100.000	
10.5630	O1810P26	500	1.916240	0.001079	2021-08-20 12:23:28	10.543	0.000	0.332	3.468	3.201	3.480	0.061	0.000	0.000	90.000	96.033	
10.5710	CO210P18	500	1.864974	0.011100	2021-08-20 12:23:39	10.519	0.000	0.319	1.461	5.158	3.516	0.065	0.000	0.000	100.000	100.000	
10.5430	O1810P24	500	1.861775	0.001780	2021-08-20 12:23:53	10.336	0.000	0.327	3.059	3.377	3.511	0.062	0.000	0.000	100.000	100.000	
10.5510	CO210P16	500	1.901170	0.003564	2021-08-20 12:24:04	10.008	0.000	0.313	1.362	4.791	3.480	0.061	0.000	0.000	100.000	100.000	
10.5250	O1810P22	500	1.919296	0.000635	2021-08-20 12:24:18	9.092	0.000	0.312	2.164	3.037	3.512	0.066	0.000	0.000	100.000	100.000	
11.1940	C1310P24	-1	0.652148	0.008218	2021-08-20 12:24:49	0.000	0.000	0.000	0.000	0.000	0.000	0.000	0.000	0.000	-1.000	-1.000	
10.5320	CO210P14	508	1.897002	0.009851	2021-08-20 12:25:33	74.857	0.000	0.318	4.516	48.098	21.852	0.073	0.000	0.000	100.000	100.000	
11.1710	C1310P22	500	1.023642	0.008798	2021-08-20 12:25:44	10.731	0.000	0.323	2.749	4.089	3.497	0.073	0.000	0.000	100.000	100.000	
10.5060	O1810P20	500	1.906270	0.001613	2021-08-20 12:25:53	8.455	0.000	0.318	2.156	2.397	3.513	0.070	0.000	0.000	100.000	100.000	
10.5130	CO210P12	500	1.904480	0.001090	2021-08-20 12:26:03	9.900	0.000	0.322	1.762	4.230	3.521	0.065	0.000	0.000	100.000	100.000	
11.1490	C1310P20	500	1.032133	0.004203	2021-08-20 12:26:14	11.189	0.000	0.323	2.563	4.709	3.524	0.068	0.000	0.000	100.000	100.000	
10.4880	O1810P18	500	1.885841	0.001297	2021-08-20 12:26:25	10.757	0.000	0.323	3.146	3.697	3.520	0.071	0.000	0.000	93.944	100.000	
10.4940	CO210P10	500	1.937304	0.006435	2021-08-20 12:26:38	13.011	0.000	0.314	1.464	4.909	6.254	0.069	0.000	0.000	100.000	100.000	
10.4710	O1810P16	500	1.973517	0.001622	2021-08-20 12:26:48	8.684	0.000	0.319	2.149	2.638	3.511	0.067	0.000	0.000	100.000	100.000	
10.4760	CO210P08	500	1.956591	0.007355	2021-08-20 12:27:06	10.660	0.000	0.314	1.964	4.809	3.503	0.070	0.000	0.000	100.000	100.000	
10.4530	O1810P14	500	1.973898	0.002131	2021-08-20 12:27:16	9.299	0.000	0.318	2.347	3.131	3.455	0.037	0.011	0.000	100.000	100.000	
10.4580	CO210P06	500	1.994842	0.002956	2021-08-20 12:27:31	10.636	0.000	0.330	1.947	4.815	3.485	0.059	0.000	0.000	100.000	100.000	
10.4360	O1810P12	500	2.017645	0.000949	2021-08-20 12:27:41	9.971	0.000	0.316	2.394	3.704	3.494	0.064	0.000	0.000	100.000	100.000	
10.3650	CO210R04	500	2.068623	0.001498	2021-08-20 12:28:03	17.617	0.000	0.312	4.478	9.254	3.503	0.070	0.000	0.000	100.000	100.000	
10.4200	O1810P10	500	2.060176	0.002840	2021-08-20 12:28:12	9.699	0.000	0.318	2.162	3.666	3.489	0.063	0.000	0.000	100.000	100.000	
11.1280	C1310P18	500	1.029538	0.001883	2021-08-20 12:28:26	10.793	0.000	0.319	2.162	4.761	3.487	0.063	0.000	0.000	100.000	100.000	
10.4040	O1810P08	500	2.099004	0.000880	2021-08-20 12:28:35	8.906	0.000	0.323	1.769	3.218	3.528	0.068	0.000	0.000	100.000	100.000	
10.3490	CO210R06	500	2.042212	0.000920	2021-08-20 12:28:46	10.981	0.000	0.328	1.966	5.111	3.506	0.070	0.000	0.000	100.000	100.000	
11.1070	C1310P16	500	1.062216	0.007217	2021-08-20 12:28:58	11.516	0.000	0.317	2.191	5.430	3.509	0.068	0.000	0.000	100.000	100.000	
10.3340	CO210R08	500	2.068594	0.001469	2021-08-20 12:29:12	12.642	0.000	0.325	3.181	5.546	3.520	0.070	0.000	0.000	100.000	100.000	
10.2780	O1810R08	500	2.314117	0.002261	2021-08-20 12:29:21	8.997	0.000	0.335	2.366	2.733	3.492	0.070	0.000	0.000	100.000	100.000	
11.0860	C1310P14	500	1.068702	0.001764	2021-08-20 12:29:31	9.785	0.000	0.317	2.195	3.763	3.458	0.034	0.017	0.000	100.000	100.000	
10.3180	CO210R10	500	2.165043	0.000948	2021-08-20 12:29:43	11.784	0.000	0.321	2.851	5.084	3.467	0.061	0.000	0.000	80.000	79.286	
10.2650	O1810R10	500	2.362713	0.001803	2021-08-20 12:29:53	9.386	0.000	0.316	2.153	3.353	3.500	0.061	0.003	0.000	100.000	100.000	
11.0650	C1310P12	500	1.004610	0.001367	2021-08-20 12:30:02	8.824	0.000	0.340	1.364	3.545	3.509	0.065	0.000	0.000	100.000	100.000	
10.3030	CO210R12	500	2.152748	0.000421	2021-08-20 12:30:13	11.397	0.000	0.331	2.384	5.103	3.512	0.067	0.000	0.000	100.000	100.000	
10.2520	O1810R12	500	2.420236	0.001087	2021-08-20 12:30:23	9.620	0.000	0.327	2.444	3.278	3.502	0.069	0.000	0.000	100.000	100.000	
11.0450	C1310P10	500	0.829279	0.002955	2021-08-20 12:30:32	9.003	0.000	0.324	1.390	3.714	3.506	0.069	0.000	0.000	100.000	100.000	
10.2890	CO210R14	500	2.233352	0.000356	2021-08-20 12:30:44	11.562	0.000	0.324	2.763	4.950	3.458	0.067	0.000	0.000	76.667	64.654	
10.2400	O1810R14	500	2.475174	0.001007	2021-08-20 12:30:55	10.932	0.000	0.316	4.065	2.974	3.511	0.064	0.000	0.000	90.000	85.993	
11.0250	C1310P08	500	1.051186	0.003766	2021-08-20 12:31:07	9.180	0.000	0.322	1.851	3.441	3.496	0.070	0.000	0.000	100.000	100.000	
10.2280	O1810R16	500	2.510995	0.000521	2021-08-20 12:31:19	12.037	0.000	0.322	4.446	3.674	3.523	0.071	0.000	0.000	90.000	84.998	
10.2740	CO210R16	500	2.297188	0.000390	2021-08-20 12:31:32	12.976	0.000	0.324	3.744	5.354	3.491	0.063	0.000	0.000	89.375	61.517	
10.2160	O1810R18	500	2.558465	0.001435	2021-08-20 12:31:46	11.131	0.000	0.340	4.048	3.180	3.497	0.065	0.000	0.000	90.000	84.409	
10.2600	CO210R18	500	2.381967	0.000641	2021-08-20 12:31:58	11.551	0.000	0.314	2.862	4.794	3.508	0.072	0.000	0.000	85.000	57.735	
10.2040	O1810R20	500	2.590843	0.000413	2021-08-20 12:32:11	11.769	0.000	0.324	4.160	3.733	3.489	0.063	0.000	0.000	90.000	78.129	
10.2470	CO210R20	500	2.194510	0.000852	2021-08-20 12:32:24	11.558	0.000	0.313	2.277	5.373	3.525	0.070	0.000	0.000	90.000	67.743	
10.1930	O1810R22	500	2.607341	0.001028	2021-08-20 12:32:39	11.548	0.000	0.324	4.478	3.176	3.504	0.066	0.000	0.000	77.496	73.238	
10.2330	CO210R22	500	2.473851	0.000541	2021-08-20 12:32:50	11.563	0.000	0.315	2.563	5.136	3.484	0.064	0.000	0.000	85.000	60.164	
10.1820	O1810R24	500	2.617683	0.000429	2021-08-20 12:33:05	11.405	0.000	0.316	3.851	3.651	3.516	0.070	0.000	0.000	88.118	79.689	
10.2200	CO210R24	500	2.523693	0.000779	2021-08-20 12:33:18	12.240	0.000	0.319	3.362	5.000	3.492	0.066	0.000	0.000	87.500	55.028	
11.0050	C1310P06	500	1.092194	0.004773	2021-08-20 12:33:26	8.362	0.000	0.320	1.863	2.595	3.514	0.070	0.000	0.000	100.000	100.000	
10.1710	O1810R26	500	2.639590	0.000435	2021-08-20 12:33:38	11.965	0.000	0.313	4.584	3.472	3.526	0.071	0.000	0.000	90.000	84.063	
10.2070	CO210R26	500	2.563271	0.000309	2021-08-20 12:33:50	11.663	0.000	0.321	3.081	4.614	3.538	0.107	0.002	0.000	87.500	61.736	
10.8840	C1310R06	500	1.322662	0.000864	2021-08-20 12:34:01	11.535	0.000	0.312	4.166	3.476	3.503	0.078	0.000	0.000	100.000	100.000	
10.1610	O1810R28	500	2.608298	0.001273	2021-08-20 12:34:14	12.055	0.000	0.334	4.344	3.779	3.517	0.081	0.000	0.000	88.707	75.715	
10.8670	C1310R08	500	1.375885	0.001153	2021-08-20 12:34:24	9.754	0.000	0.321	2.460	3.374	3.528	0.071	0.000	0.000	100.000	100.000	
10.1950	CO210R28	500	2.600121	0.002073	2021-08-20 12:34:37	13.487	0.000	0.339	4.649	4.963	3.469	0.066	0.000	0.000	77.712	51.634	
10.1500	O1810R30	500	2.612741	0.000523	2021-08-20 12:34:45	8.163	0.000	0.336	1.985	2.265	3.513	0.063	0.000	0.000	100.000	100.000	
10.8500	C1310R10	500	1.401832	0.000984	2021-08-20 12:34:57	11.047	0.000	0.332	2.149	5.067	3.446	0.036	0.017	0.000	100.000	100.000	
10.1820	CO210R30	500	2.612387	0.000875	2021-08-20 12:35:09	11.764	0.000	0.316	2.579	5.316	3.492	0.059	0.002	0.000	90.000	72.409	
10.1410	O1810R32	500	2.589602	0.000590	2021-08-20 12:35:18	8.963	0.000	0.314	1.981	3.092	3.509	0.067	0.000	0.000	100.000	100.000	
10.8330	C1310R12	500	1.459028	0.002205	2021-08-20 12:35:27	9.085	0.000	0.327	2.192	3.005	3.494	0.066	0.000	0.000	100.000	100.000	
10.1700	CO210R32	500	2.628824	0.001340	2021-08-20 12:35:38	11.344	0.000	0.314	2.067	5.401	3.495	0.065	0.000	0.000	97.134	100.000	
10.1310	O1810R34	0	NaN	NaN	2021-08-20 12:35:41	0.406	0.000	0.317	0.086	0.000	0.000	0.002	0.000	0.000	0.100	0.100	
10.8160	C1310R14	500	1.497497	0.008927	2021-08-20 12:35:49	9.639	0.000	0.317	2.259	3.477	3.499	0.086	0.000	0.000	100.000	100.000	
10.1590	CO210R34	500	2.608384	0.000410	2021-08-20 12:36:05	12.987	0.000	0.320	4.165	4.948	3.488	0.065	0.000	0.000	88.750	72.909	
10.1220	O1810R36	500	2.488855	0.002816	2021-08-20 12:36:14	8.886	0.000	0.341	1.880	3.092	3.504	0.067	0.000	0.000	100.000	100.000	
10.8000	C1310R16	500	1.535176	0.001406	2021-08-20 12:36:24	10.374	0.000	0.324	2.961	3.522	3.503	0.064	0.000	0.000	100.000	100.000	
10.1470	CO210R36	500	2.602566	0.000586	2021-08-20 12:36:36	11.564	0.000	0.319	2.800	4.866	3.508	0.071	0.000	0.000	90.000	73.620	
10.7840	C1310R18	500	1.518143	0.006494	2021-08-20 12:36:50	11.917	0.000	0.324	3.346	4.694	3.488	0.063	0.000	0.000	89.375	80.308	
10.1360	CO210R38	500	2.561603	0.000354	2021-08-20 12:37:02	11.515	0.000	0.311	2.868	4.839	3.449	0.033	0.015	0.000	100.000	100.000	
10.7680	C1310R20	500	1.574304	0.000553	2021-08-20 12:37:13	9.789	0.000	0.319	2.367	3.534	3.509	0.058	0.002	0.000	100.000	100.000	
10.1250	CO210R40	500	2.511817	0.001034	2021-08-20 12:37:28	12.404	0.000	0.312	3.578	4.971	3.477	0.065	0.001	0.000	100.000	100.000	
10.7530	C1310R22	500	1.602498	0.002111	2021-08-20 12:37:39	10.544	0.000	0.320	1.762	4.883	3.508	0.071	0.000	0.000	100.000	100.000	
9.7530	CO209P42	500	1.727147	0.001179	2021-08-20 12:37:57	13.117	0.000	0.337	4.463	4.761	3.486	0.070	0.000	0.000	100.000	100.000	
10.7380	C1310R24	500	1.615571	0.000959	2021-08-20 12:38:07	9.727	0.000	0.326	2.192	3.607	3.532	0.070	0.000	0.000	100.000	100.000	
9.7330	CO209P40	500	1.346191	0.001566	2021-08-20 12:38:20	10.883	0.000	0.323	2.345	4.631	3.513	0.071	0.000	0.000	100.000	100.000	
10.7230	C1310R26	500	1.649296	0.003815	2021-08-20 12:38:32	10.414	0.000	0.327	1.999	4.499	3.519	0.070	0.000	0.000	100.000	100.000	
9.7140	CO209P38	500	1.574378	0.002870	2021-08-20 12:38:44	11.473	0.000	0.322	2.781	4.790	3.510	0.070	0.000	0.000	100.000	100.000	
10.7080	C1310R28	500	1.688875	0.002067	2021-08-20 12:38:55	9.429	0.000	0.325	1.362	4.161	3.510	0.071	0.000	0.000	100.000	100.000	
9.5520	O1809P46	-1	-1000000.000000	-1.000000	2021-08-20 12:38:59	0.000	0.000	0.000	0.000	0.000	0.000	0.000	0.000	0.000	-1.000	-1.000	
9.6950	CO209P36	500	1.502200	0.005081	2021-08-20 12:39:08	11.198	0.000	0.320	2.766	4.546	3.501	0.064	0.000	0.000	100.000	100.000	
10.6940	C1310R30	500	1.697443	0.001376	2021-08-20 12:39:19	10.058	0.000	0.325	1.369	4.816	3.482	0.065	0.000	0.000	100.000	100.000	
9.5360	O1809P44	500	1.063922	0.003956	2021-08-20 12:39:30	10.376	0.000	0.327	3.459	3.012	3.508	0.070	0.000	0.000	100.000	100.000	
9.6750	CO209P34	500	1.377603	0.003231	2021-08-20 12:39:41	11.469	0.000	0.312	2.788	4.768	3.528	0.073	0.000	0.000	100.000	100.000	
10.6800	C1310R32	500	1.731048	0.003174	2021-08-20 12:39:51	9.495	0.000	0.331	1.671	3.888	3.532	0.072	0.001	0.000	100.000	100.000	
9.5190	O1809P42	500	1.037842	0.003630	2021-08-20 12:40:03	12.700	0.000	0.325	5.263	3.545	3.500	0.067	0.000	0.000	90.000	79.937	
10.6660	C1310R34	500	1.747824	0.000991	2021-08-20 12:40:12	8.433	0.000	0.320	1.668	2.942	3.454	0.038	0.012	0.000	100.000	100.000	
9.6570	CO209P32	500	1.335506	0.001785	2021-08-20 12:40:24	12.056	0.000	0.340	3.047	5.094	3.509	0.066	0.000	0.000	100.000	100.000	
9.5030	O1809P40	500	1.019341	0.003348	2021-08-20 12:40:35	11.101	0.000	0.329	4.160	3.023	3.521	0.068	0.000	0.000	90.000	41.786	
10.6520	C1310R36	500	1.775518	0.004619	2021-08-20 12:40:44	8.658	0.000	0.336	1.969	2.757	3.523	0.072	0.000	0.000	100.000	100.000	
9.6390	CO209P30	500	1.179646	0.005726	2021-08-20 12:40:57	12.586	0.000	0.313	3.268	5.401	3.531	0.071	0.000	0.000	100.000	100.000	
9.4880	O1809P38	500	1.018142	0.001850	2021-08-20 12:41:08	11.225	0.000	0.326	4.376	2.934	3.519	0.070	0.000	0.000	90.000	35.665	
10.6390	C1310R38	500	1.788314	0.002119	2021-08-20 12:41:18	9.691	0.000	0.320	2.066	3.705	3.527	0.072	0.000	0.000	100.000	100.000	
9.6210	CO209P28	500	1.193808	0.004901	2021-08-20 12:41:30	12.450	0.000	0.322	3.077	5.450	3.529	0.072	0.000	0.000	90.000	85.746	
9.4720	O1809P36	500	0.998769	0.001348	2021-08-20 12:41:43	12.747	0.000	0.314	5.147	3.704	3.509	0.073	0.000	0.000	88.750	34.739	
10.6260	C1310R40	500	1.788602	0.004240	2021-08-20 12:41:54	10.573	0.000	0.323	2.048	4.638	3.498	0.066	0.000	0.000	100.000	100.000	
9.6040	CO209P26	500	1.176857	0.001427	2021-08-20 12:42:08	14.162	0.000	0.324	4.960	5.285	3.521	0.072	0.000	0.000	90.000	67.295	
9.4570	O1809P34	500	0.931937	0.006670	2021-08-20 12:42:21	12.239	0.000	0.320	5.044	3.307	3.501	0.067	0.000	0.000	88.750	29.513	
9.5880	CO209P24	500	1.140992	0.001266	2021-08-20 12:42:38	16.507	0.000	0.319	6.959	5.643	3.513	0.072	0.000	0.000	83.672	51.706	
9.4410	O1809P32	500	0.991155	0.002122	2021-08-20 12:42:50	11.233	0.000	0.316	3.960	3.401	3.488	0.068	0.000	0.000	90.000	23.086	
9.5690	CO209P22	500	1.101202	0.002200	2021-08-20 12:43:05	13.218	0.000	0.323	3.868	5.441	3.512	0.073	0.000	0.000	90.000	63.762	
9.4270	O1809P30	500	1.005615	0.002871	2021-08-20 12:43:18	12.847	0.000	0.312	5.664	3.385	3.435	0.032	0.019	0.000	89.375	25.183	
9.5520	CO209P20	500	1.077795	0.003690	2021-08-20 12:43:30	12.381	0.000	0.316	3.483	5.000	3.522	0.060	0.000	0.000	90.000	54.090	
9.4120	O1809P28	500	0.964897	0.003173	2021-08-20 12:43:44	11.670	0.000	0.318	4.264	3.526	3.490	0.071	0.001	0.000	90.000	18.754	
10.1520	C1309P36	-1	-1000000.000000	-1.000000	2021-08-20 12:43:53	0.000	0.000	0.000	0.000	0.000	0.000	0.000	0.000	0.000	-1.000	-1.000	
9.5360	CO209P18	500	1.059114	0.000769	2021-08-20 12:43:56	12.091	0.000	0.320	3.482	4.717	3.497	0.076	0.000	0.000	90.000	57.575	
9.3970	O1809P26	500	0.928110	0.004080	2021-08-20 12:44:08	11.562	0.000	0.317	4.065	3.595	3.513	0.072	0.000	0.000	90.000	21.677	
9.5200	CO209P16	500	1.023586	0.003581	2021-08-20 12:44:23	12.987	0.000	0.322	3.661	5.402	3.527	0.074	0.000	0.000	90.000	44.679	
9.3830	O1809P24	500	0.825247	0.001197	2021-08-20 12:44:35	12.022	0.000	0.319	4.670	3.450	3.514	0.068	0.000	0.000	90.000	17.553	
9.5040	CO209P14	500	1.006752	0.000993	2021-08-20 12:44:48	12.182	0.000	0.324	3.063	5.208	3.514	0.072	0.000	0.000	90.000	58.437	
9.3690	O1809P22	500	0.871375	0.000854	2021-08-20 12:45:03	14.080	0.000	0.331	6.462	3.706	3.506	0.074	0.000	0.000	89.375	15.751	
9.4880	CO209P12	500	1.008333	0.004072	2021-08-20 12:45:16	12.681	0.000	0.325	3.567	5.183	3.530	0.076	0.000	0.000	90.000	40.593	
9.3550	O1809P20	500	0.909827	0.002641	2021-08-20 12:45:30	14.229	0.000	0.324	6.761	3.570	3.505	0.068	0.000	0.000	90.000	13.847	
9.4730	CO209P10	500	0.981031	0.002601	2021-08-20 12:45:42	12.147	0.000	0.320	3.178	5.050	3.524	0.074	0.000	0.000	90.000	45.132	
10.1310	C1309P34	-1	-1000000.000000	-1.000000	2021-08-20 12:45:51	0.000	0.000	0.000	0.000	0.000	0.000	0.000	0.000	0.000	-1.000	-1.000	
9.3410	O1809P18	500	0.887798	0.002330	2021-08-20 12:46:01	17.071	0.000	0.336	9.966	3.217	3.482	0.070	0.000	0.000	90.000	11.900	
10.1100	C1309P32	500	2.344698	0.002696	2021-08-20 12:46:11	9.914	0.000	0.315	2.248	3.801	3.481	0.069	0.000	0.000	100.000	100.000	
9.4580	CO209P08	500	0.933437	0.002586	2021-08-20 12:46:25	13.475	0.000	0.318	4.462	5.109	3.514	0.072	0.000	0.000	88.750	54.119	
9.3280	O1809P16	500	0.861614	0.001968	2021-08-20 12:46:38	13.875	0.000	0.314	6.784	3.218	3.490	0.069	0.000	0.000	90.000	12.515	
10.0900	C1309P30	500	1.906263	0.002232	2021-08-20 12:46:49	10.492	0.000	0.320	2.266	4.402	3.452	0.033	0.019	0.000	100.000	100.000	
9.3150	O1809P14	500	0.843309	0.004916	2021-08-20 12:47:03	13.566	0.000	0.334	5.883	3.767	3.516	0.067	0.000	0.000	90.000	13.859	
10.0700	C1309P28	500	2.583532	0.000709	2021-08-20 12:47:12	9.374	0.000	0.316	2.252	3.199	3.532	0.076	0.000	0.000	100.000	100.000	
9.3540	CO209R06	500	0.907084	0.000793	2021-08-20 12:47:26	13.305	0.000	0.340	4.277	5.083	3.529	0.076	0.000	0.000	90.000	31.863	
9.3020	O1809P12	500	0.820285	0.001053	2021-08-20 12:47:40	14.035	0.000	0.322	6.362	3.753	3.524	0.074	0.000	0.000	89.375	14.760	
10.0500	C1309P26	500	2.607240	0.001680	2021-08-20 12:47:51	10.508	0.000	0.316	2.464	4.131	3.522	0.075	0.000	0.000	100.000	100.000	
9.3420	CO209R08	500	0.887841	0.001843	2021-08-20 12:48:04	12.945	0.000	0.318	3.967	5.050	3.535	0.075	0.000	0.000	90.000	33.709	
9.2890	O1809P10	500	0.822763	0.003384	2021-08-20 12:48:17	12.844	0.000	0.317	5.853	3.095	3.503	0.076	0.000	0.000	90.000	13.542	
10.0310	C1309P24	500	2.570849	0.002270	2021-08-20 12:48:28	11.044	0.000	0.321	2.560	4.552	3.537	0.074	0.000	0.000	100.000	100.000	
9.2760	O1809P08	500	0.797149	0.003035	2021-08-20 12:48:41	13.302	0.000	0.321	5.982	3.395	3.528	0.075	0.000	0.000	90.000	14.437	
10.0120	C1309P22	500	2.421191	0.000978	2021-08-20 12:48:51	9.486	0.000	0.317	2.167	3.296	3.587	0.114	0.006	0.000	100.000	100.000	
9.3290	CO209R10	500	0.864600	0.000739	2021-08-20 12:49:05	13.657	0.000	0.326	4.648	5.110	3.494	0.078	0.000	0.000	90.000	25.659	
9.2640	O1809P06	500	0.801040	0.001334	2021-08-20 12:49:17	11.718	0.000	0.313	4.767	3.060	3.499	0.078	0.000	0.000	90.000	16.157	
9.9940	C1309P20	500	2.439323	0.002821	2021-08-20 12:49:27	9.888	0.000	0.340	2.166	3.768	3.539	0.075	0.000	0.000	100.000	100.000	
9.3170	CO209R12	500	0.812280	0.004175	2021-08-20 12:49:40	13.130	0.000	0.312	4.066	5.173	3.503	0.076	0.000	0.000	90.000	22.013	
9.1990	O1809R04	500	0.772139	0.004897	2021-08-20 12:49:52	12.475	0.000	0.321	4.960	3.641	3.484	0.069	0.000	0.000	88.750	30.238	
9.9750	C1309P18	500	2.354385	0.003415	2021-08-20 12:50:02	9.246	0.000	0.325	2.064	3.252	3.531	0.075	0.000	0.000	100.000	100.000	
9.3050	CO209R14	500	0.815086	0.001675	2021-08-20 12:50:15	13.208	0.000	0.313	4.183	5.135	3.501	0.076	0.000	0.000	90.000	22.353	
9.1870	O1809R06	500	0.751717	0.005448	2021-08-20 12:50:28	13.163	0.000	0.321	4.946	4.310	3.511	0.076	0.000	0.000	90.000	14.051	
9.9570	C1309P16	500	2.314140	0.001652	2021-08-20 12:50:38	9.824	0.000	0.332	2.245	3.667	3.505	0.075	0.000	0.000	100.000	100.000	
9.2940	CO209R16	500	0.805759	0.004457	2021-08-20 12:50:53	14.592	0.000	0.332	5.169	5.479	3.536	0.074	0.000	0.000	90.000	19.695	
9.1760	O1809R08	500	0.739379	0.001234	2021-08-20 12:51:27	33.821	0.000	0.336	25.763	4.118	3.526	0.077	0.000	0.000	90.000	10.705	
9.9400	C1309P14	500	2.207504	0.002940	2021-08-20 12:51:37	9.898	0.000	0.319	2.377	3.654	3.475	0.071	0.000	0.000	100.000	100.000	
9.2820	CO209R18	500	0.801670	0.003453	2021-08-20 12:51:51	14.182	0.000	0.322	4.868	5.401	3.515	0.076	0.000	0.000	90.000	18.019	
9.1660	O1809R10	500	0.752329	0.002609	2021-08-20 12:52:03	11.688	0.000	0.318	4.149	3.612	3.533	0.076	0.000	0.000	54.624	0.100	
9.9230	C1309P12	500	2.203153	0.002249	2021-08-20 12:52:14	10.665	0.000	0.310	2.367	4.435	3.479	0.074	0.000	0.000	100.000	100.000	
9.2710	CO209R20	500	0.790150	0.001635	2021-08-20 12:52:30	16.306	0.000	0.315	7.765	4.622	3.526	0.077	0.000	0.000	90.000	14.715	
9.1550	O1809R12	500	0.767508	0.002514	2021-08-20 12:52:42	12.216	0.000	0.309	5.046	3.294	3.496	0.071	0.000	0.000	45.293	0.100	
9.9060	C1309P10	500	2.116125	0.001981	2021-08-20 12:52:53	10.622	0.000	0.325	2.346	4.384	3.496	0.071	0.000	0.000	100.000	100.000	
9.2610	CO209R22	500	0.800671	0.006975	2021-08-20 12:53:07	14.099	0.000	0.327	4.746	5.428	3.520	0.078	0.000	0.000	90.000	15.174	
9.1450	O1809R14	500	0.777855	0.001914	2021-08-20 12:53:20	12.120	0.000	0.325	4.262	3.933	3.521	0.078	0.000	0.000	46.759	0.100	
9.2500	CO209R24	500	0.787615	0.009408	2021-08-20 12:53:34	13.018	0.000	0.322	5.263	3.844	3.513	0.076	0.000	0.000	90.000	14.778	
9.1340	O1809R16	500	0.759531	0.003074	2021-08-20 12:53:46	12.081	0.000	0.329	4.563	3.651	3.467	0.070	0.000	0.000	36.894	0.100	
9.2400	CO209R26	500	0.796549	0.003082	2021-08-20 12:54:14	26.505	0.000	0.316	17.348	5.255	3.509	0.076	0.000	0.000	90.000	11.074	
9.1250	O1809R18	500	0.785804	0.002995	2021-08-20 12:54:26	11.354	0.000	0.338	4.199	3.225	3.515	0.076	0.000	0.000	43.982	0.100	
9.7620	C1309R08	-1	-1000000.000000	-1.000000	2021-08-20 12:54:46	0.000	0.000	0.000	0.000	0.000	0.000	0.000	0.000	0.000	-1.000	-1.000	
9.2300	CO209R28	500	0.787078	0.011814	2021-08-20 12:54:44	15.270	0.000	0.321	5.945	5.420	3.511	0.072	0.000	0.000	90.000	12.382	
9.1150	O1809R20	500	0.785110	0.000685	2021-08-20 12:54:55	11.162	0.000	0.328	3.860	3.418	3.485	0.072	0.000	0.000	44.133	0.100	
9.2190	CO209R30	500	0.763596	0.002094	2021-08-20 12:55:12	15.284	0.000	0.316	5.963	5.392	3.536	0.077	0.001	0.000	82.881	14.935	
9.1050	O1809R22	500	0.783844	0.003659	2021-08-20 12:55:23	11.108	0.000	0.321	3.862	3.347	3.500	0.078	0.000	0.000	42.565	0.100	
9.0950	O1809R24	-1	0.771969	0.000785	2021-08-20 12:55:39	0.000	0.000	0.000	0.000	0.000	0.000	0.000	0.000	0.000	-1.000	-1.000	
9.2100	CO209R32	500	0.785697	0.003120	2021-08-20 12:55:41	15.538	0.000	0.316	6.470	5.176	3.498	0.077	0.000	0.000	89.688	13.698	
9.2010	CO209R34	-1	0.781103	0.000859	2021-08-20 12:55:54	0.000	0.000	0.000	0.000	0.000	0.000	0.000	0.000	0.000	-1.000	-1.000	
9.7490	C1309R10	500	1.627036	0.001591	2021-08-20 12:55:52	10.448	0.000	0.332	2.262	4.295	3.488	0.071	0.000	0.000	100.000	100.000	
9.0860	O1809R26	500	0.784400	0.001835	2021-08-20 12:56:05	12.669	0.000	0.330	5.465	3.261	3.536	0.077	0.000	0.000	26.722	0.100	
9.2010	CO209R34	500	0.781103	0.000859	2021-08-20 12:56:19	13.865	0.000	0.329	4.843	5.100	3.515	0.077	0.000	0.000	90.000	12.779	
9.7360	C1309R12	500	1.375624	0.002019	2021-08-20 12:56:30	11.013	0.000	0.323	2.246	4.864	3.507	0.072	0.000	0.000	100.000	100.000	
9.0770	O1809R28	500	0.783958	0.004281	2021-08-20 12:56:43	12.414	0.000	0.317	5.147	3.353	3.520	0.077	0.000	0.000	32.157	0.100	
9.7230	C1309R14	500	1.478540	0.004461	2021-08-20 12:56:52	9.375	0.000	0.323	2.370	3.087	3.517	0.078	0.000	0.000	100.000	100.000	
9.0680	O1809R30	500	0.774663	0.001032	2021-08-20 12:57:06	11.454	0.000	0.314	3.846	3.719	3.501	0.074	0.000	0.000	24.060	0.100	
9.7100	C1309R16	500	1.580167	0.005519	2021-08-20 12:57:17	11.233	0.000	0.315	2.364	4.969	3.515	0.070	0.000	0.000	100.000	100.000	
9.0590	O1809R32	500	0.763990	0.001947	2021-08-20 12:57:30	12.183	0.000	0.338	4.662	3.593	3.513	0.077	0.000	0.000	24.254	0.100	
9.6980	C1309R18	500	1.535787	0.002003	2021-08-20 12:57:40	9.913	0.000	0.323	2.362	3.613	3.536	0.077	0.000	0.000	100.000	100.000	
9.0510	O1809R34	500	0.756698	0.003208	2021-08-20 12:57:55	12.673	0.000	0.324	5.351	3.425	3.496	0.076	0.000	0.000	28.235	0.100	
9.6860	C1309R20	500	1.427865	0.007590	2021-08-20 12:58:05	10.281	0.000	0.323	2.263	4.107	3.509	0.079	0.000	0.000	100.000	100.000	
9.0420	O1809R36	500	0.745819	0.002880	2021-08-20 12:58:19	11.885	0.000	0.329	4.562	3.394	3.521	0.078	0.000	0.000	28.223	0.100	
9.6750	C1309R22	500	1.354877	0.002058	2021-08-20 12:58:29	10.599	0.000	0.325	2.365	4.312	3.521	0.077	0.000	0.000	100.000	100.000	
9.0340	O1809R38	500	0.718161	0.001567	2021-08-20 12:58:48	12.295	0.000	0.315	4.478	3.891	3.533	0.078	0.000	0.000	33.692	0.100	
9.6630	C1309R24	500	1.356282	0.001784	2021-08-20 12:58:58	10.039	0.000	0.338	2.277	3.868	3.483	0.073	0.000	0.000	100.000	100.000	
9.0260	O1809R40	500	0.720920	0.001718	2021-08-20 12:59:11	12.595	0.000	0.315	5.066	3.631	3.506	0.077	0.000	0.000	58.783	0.100	
9.6520	C1309R26	500	1.286254	0.001679	2021-08-20 12:59:23	11.306	0.000	0.327	2.378	4.983	3.540	0.078	0.000	0.000	100.000	100.000	
9.6420	C1309R28	-1	-1000000.000000	-1.000000	2021-08-20 13:01:35	0.000	0.000	0.000	0.000	0.000	0.000	0.000	0.000	0.000	-1.000	-1.000	
9.0180	O1809R42	-1	-1000000.000000	-1.000000	2021-08-20 13:01:49	0.000	0.000	0.000	0.000	0.000	0.000	0.000	0.000	0.000	-1.000	-1.000	
10.6640	O1810P36	0	NaN	NaN	2021-08-20 13:02:10	1.681	0.000	0.318	1.360	0.000	0.000	0.002	0.000	0.000	100.000	100.000	
9.6310	C1309R30	0	NaN	NaN	2021-08-20 13:04:45	63.985	0.000	0.326	9.528	31.229	22.902	0.000	0.000	0.000	100.000	100.000	
10.1310	O1810R34	500	2.549641	0.003111	2021-08-20 13:04:54	8.705	0.000	0.318	1.965	2.796	3.511	0.114	0.000	0.000	100.000	100.000	
9.6210	C1309R32	0	NaN	NaN	2021-08-20 13:06:42	0.398	0.000	0.310	0.087	0.000	0.000	0.001	0.000	0.000	0.100	0.100	
9.5520	O1809P46	-1	-1000000.000000	-1.000000	2021-08-20 13:07:44	0.000	0.000	0.000	0.000	0.000	0.000	0.000	0.000	0.000	-1.000	-1.000	
9.0950	O1809R24	500	0.771969	0.000785	2021-08-20 13:08:12	12.862	0.000	0.321	5.458	3.497	3.488	0.097	0.000	0.000	52.375	0.100	
9.6110	C1309R34	500	1.184770	0.017156	2021-08-20 13:08:55	13.384	0.000	0.330	5.247	4.204	3.515	0.088	0.000	0.000	100.000	100.000	
9.0180	O1809R42	-1	-1000000.000000	-1.000000	2021-08-20 13:11:05	0.000	0.000	0.000	0.000	0.000	0.000	0.000	0.000	0.000	-1.000	-1.000	
11.1940	C1310P24	500	0.652148	0.008218	2021-08-20 13:11:15	9.385	0.000	0.345	2.343	3.094	3.518	0.083	0.000	0.000	100.000	100.000	
10.1520	C1309P36	-1	-1000000.000000	-1.000000	2021-08-20 13:12:54	0.000	0.000	0.000	0.000	0.000	0.000	0.000	0.000	0.000	-1.000	-1.000	
10.1310	C1309P34	-1	-1000000.000000	-1.000000	2021-08-20 13:14:25	0.000	0.000	0.000	0.000	0.000	0.000	0.000	0.000	0.000	-1.000	-1.000	
9.7620	C1309R08	-1	-1000000.000000	-1.000000	2021-08-20 13:15:58	0.000	0.000	0.000	0.000	0.000	0.000	0.000	0.000	0.000	-1.000	-1.000	
9.6420	C1309R28	-1	-1000000.000000	-1.000000	2021-08-20 13:17:51	0.000	0.000	0.000	0.000	0.000	0.000	0.000	0.000	0.000	-1.000	-1.000	
9.6310	C1309R30	-1	-1000000.000000	-1.000000	2021-08-20 13:19:23	0.000	0.000	0.000	0.000	0.000	0.000	0.000	0.000	0.000	-1.000	-1.000	
9.6210	C1309R32	-1	-1000000.000000	-1.000000	2021-08-20 13:20:54	0.000	0.000	0.000	0.000	0.000	0.000	0.000	0.000	0.000	-1.000	-1.000	
