Wavelength	Line name	# of completed ringdowns	Ringdowntimes (us)	STOT	TimeStamp	Get ringdown time (s)	Step time (s)	Step time (s)	Step time(s)	Step time(s) 	Step time(s) 	Step time(s)	Step time(s)	Step time(s) 	AOM setting	Attenuator setting
10.8110	CO210P40	500	1.433110	0.003862	2021-08-20 12:18:23	9.395	0.000	0.315	1.460	3.960	3.543	0.102	0.014	0.000	100.000	100.000	
10.7870	CO210P38	500	1.558925	0.001634	2021-08-20 12:18:51	10.974	0.000	0.326	2.366	4.625	3.538	0.101	0.018	0.000	100.000	100.000	
10.7640	CO210P36	500	1.574615	0.002577	2021-08-20 12:19:20	10.888	0.000	0.337	2.385	4.572	3.528	0.065	0.000	0.000	100.000	100.000	
10.7410	CO210P34	500	1.628007	0.004385	2021-08-20 12:19:48	10.853	0.000	0.333	2.376	4.575	3.506	0.063	0.000	0.000	100.000	100.000	
10.7190	CO210P32	500	1.633209	0.001838	2021-08-20 12:20:17	11.139	0.000	0.314	2.360	4.891	3.508	0.065	0.000	0.000	100.000	100.000	
11.2390	C1310P28	500	0.949473	0.005963	2021-08-20 12:20:29	8.758	0.000	0.321	1.357	3.516	3.490	0.073	0.002	0.000	100.000	100.000	
10.6960	CO210P30	500	1.707335	0.001626	2021-08-20 12:20:42	11.341	0.000	0.327	2.276	5.148	3.526	0.064	0.000	0.000	100.000	100.000	
10.6640	O1810P36	-1	-1000000.000000	-1.000000	2021-08-20 12:21:05	0.000	0.000	0.000	0.000	0.000	0.000	0.000	0.000	0.000	-1.000	-1.000	
10.6750	CO210P28	500	1.745874	0.011468	2021-08-20 12:21:12	11.835	0.000	0.315	3.355	4.615	3.487	0.062	0.002	0.000	100.000	100.000	
10.6530	CO210P26	500	1.773841	0.006262	2021-08-20 12:21:39	9.701	0.000	0.342	2.346	3.448	3.500	0.065	0.000	0.000	100.000	100.000	
10.6430	O1810P34	500	1.792930	0.003878	2021-08-20 12:21:51	9.047	0.000	0.316	1.963	3.171	3.524	0.073	0.000	0.000	100.000	100.000	
10.6320	CO210P24	500	1.802150	0.018796	2021-08-20 12:22:05	12.040	0.000	0.318	3.369	4.767	3.517	0.068	0.000	0.000	100.000	100.000	
10.6220	O1810P32	500	1.820025	0.001477	2021-08-20 12:22:15	9.406	0.000	0.320	2.166	3.330	3.524	0.066	0.000	0.000	100.000	100.000	
10.6110	CO210P22	500	1.824095	0.006803	2021-08-20 12:22:31	10.536	0.000	0.317	1.362	5.279	3.513	0.064	0.000	0.000	100.000	100.000	
10.6020	O1810P30	500	1.846510	0.001417	2021-08-20 12:22:41	9.861	0.000	0.342	2.163	3.758	3.531	0.066	0.000	0.000	100.000	100.000	
11.2160	C1310P26	500	7.021909	0.380161	2021-08-20 12:22:52	9.308	0.000	0.340	2.149	3.245	3.508	0.065	0.000	0.000	100.000	100.000	
10.5820	O1810P28	500	1.855020	0.001205	2021-08-20 12:23:02	9.899	0.000	0.316	2.261	3.747	3.509	0.066	0.000	0.000	100.000	100.000	
10.5910	CO210P20	500	1.849347	0.004577	2021-08-20 12:23:13	10.331	0.000	0.315	1.546	4.885	3.518	0.066	0.000	0.000	100.000	100.000	
10.5630	O1810P26	500	1.884341	0.000994	2021-08-20 12:23:28	10.543	0.000	0.332	3.468	3.201	3.480	0.061	0.000	0.000	90.000	96.033	
10.5710	CO210P18	500	1.852747	0.017073	2021-08-20 12:23:39	10.519	0.000	0.319	1.461	5.158	3.516	0.065	0.000	0.000	100.000	100.000	
10.5430	O1810P24	500	1.835094	0.000777	2021-08-20 12:23:53	10.336	0.000	0.327	3.059	3.377	3.511	0.062	0.000	0.000	100.000	100.000	
10.5510	CO210P16	500	1.877646	0.003675	2021-08-20 12:24:04	10.008	0.000	0.313	1.362	4.791	3.480	0.061	0.000	0.000	100.000	100.000	
10.5250	O1810P22	500	1.890797	0.001073	2021-08-20 12:24:18	9.092	0.000	0.312	2.164	3.037	3.512	0.066	0.000	0.000	100.000	100.000	
11.1940	C1310P24	-1	-1000000.000000	-1.000000	2021-08-20 12:24:49	0.000	0.000	0.000	0.000	0.000	0.000	0.000	0.000	0.000	-1.000	-1.000	
10.5320	CO210P14	508	1.870247	0.017228	2021-08-20 12:25:33	74.857	0.000	0.318	4.516	48.098	21.852	0.073	0.000	0.000	100.000	100.000	
11.1710	C1310P22	500	0.977222	0.002405	2021-08-20 12:25:44	10.731	0.000	0.323	2.749	4.089	3.497	0.073	0.000	0.000	100.000	100.000	
10.5060	O1810P20	500	1.877479	0.000963	2021-08-20 12:25:53	8.455	0.000	0.318	2.156	2.397	3.513	0.070	0.000	0.000	100.000	100.000	
10.5130	CO210P12	500	1.888668	0.001298	2021-08-20 12:26:03	9.900	0.000	0.322	1.762	4.230	3.521	0.065	0.000	0.000	100.000	100.000	
11.1490	C1310P20	500	0.994802	0.003374	2021-08-20 12:26:14	11.189	0.000	0.323	2.563	4.709	3.524	0.068	0.000	0.000	100.000	100.000	
10.4880	O1810P18	500	1.855335	0.000843	2021-08-20 12:26:25	10.757	0.000	0.323	3.146	3.697	3.520	0.071	0.000	0.000	93.944	100.000	
10.4940	CO210P10	500	1.903132	0.012181	2021-08-20 12:26:38	13.011	0.000	0.314	1.464	4.909	6.254	0.069	0.000	0.000	100.000	100.000	
10.4710	O1810P16	500	1.942785	0.000838	2021-08-20 12:26:48	8.684	0.000	0.319	2.149	2.638	3.511	0.067	0.000	0.000	100.000	100.000	
10.4760	CO210P08	500	1.932976	0.008103	2021-08-20 12:27:06	10.660	0.000	0.314	1.964	4.809	3.503	0.070	0.000	0.000	100.000	100.000	
10.4530	O1810P14	500	1.948825	0.001149	2021-08-20 12:27:16	9.299	0.000	0.318	2.347	3.131	3.455	0.037	0.011	0.000	100.000	100.000	
10.4580	CO210P06	500	1.972756	0.002184	2021-08-20 12:27:31	10.636	0.000	0.330	1.947	4.815	3.485	0.059	0.000	0.000	100.000	100.000	
10.4360	O1810P12	500	1.992271	0.001149	2021-08-20 12:27:41	9.971	0.000	0.316	2.394	3.704	3.494	0.064	0.000	0.000	100.000	100.000	
10.3650	CO210R04	500	2.052667	0.001865	2021-08-20 12:28:03	17.617	0.000	0.312	4.478	9.254	3.503	0.070	0.000	0.000	100.000	100.000	
10.4200	O1810P10	500	2.035128	0.000939	2021-08-20 12:28:12	9.699	0.000	0.318	2.162	3.666	3.489	0.063	0.000	0.000	100.000	100.000	
11.1280	C1310P18	500	0.985293	0.006982	2021-08-20 12:28:26	10.793	0.000	0.319	2.162	4.761	3.487	0.063	0.000	0.000	100.000	100.000	
10.4040	O1810P08	500	2.073294	0.001665	2021-08-20 12:28:35	8.906	0.000	0.323	1.769	3.218	3.528	0.068	0.000	0.000	100.000	100.000	
10.3490	CO210R06	500	2.016517	0.002174	2021-08-20 12:28:46	10.981	0.000	0.328	1.966	5.111	3.506	0.070	0.000	0.000	100.000	100.000	
11.1070	C1310P16	500	1.022716	0.003200	2021-08-20 12:28:58	11.516	0.000	0.317	2.191	5.430	3.509	0.068	0.000	0.000	100.000	100.000	
10.3340	CO210R08	500	2.055986	0.000954	2021-08-20 12:29:12	12.642	0.000	0.325	3.181	5.546	3.520	0.070	0.000	0.000	100.000	100.000	
10.2780	O1810R08	500	2.291349	0.004505	2021-08-20 12:29:21	8.997	0.000	0.335	2.366	2.733	3.492	0.070	0.000	0.000	100.000	100.000	
11.0860	C1310P14	500	1.030203	0.007225	2021-08-20 12:29:31	9.785	0.000	0.317	2.195	3.763	3.458	0.034	0.017	0.000	100.000	100.000	
10.3180	CO210R10	500	2.139225	0.000894	2021-08-20 12:29:43	11.784	0.000	0.321	2.851	5.084	3.467	0.061	0.000	0.000	80.000	79.286	
10.2650	O1810R10	500	2.341946	0.000840	2021-08-20 12:29:53	9.386	0.000	0.316	2.153	3.353	3.500	0.061	0.003	0.000	100.000	100.000	
11.0650	C1310P12	500	0.978120	0.012529	2021-08-20 12:30:02	8.824	0.000	0.340	1.364	3.545	3.509	0.065	0.000	0.000	100.000	100.000	
10.3030	CO210R12	500	2.138418	0.000803	2021-08-20 12:30:13	11.397	0.000	0.331	2.384	5.103	3.512	0.067	0.000	0.000	100.000	100.000	
10.2520	O1810R12	500	2.400875	0.000986	2021-08-20 12:30:23	9.620	0.000	0.327	2.444	3.278	3.502	0.069	0.000	0.000	100.000	100.000	
11.0450	C1310P10	500	0.794926	0.015872	2021-08-20 12:30:32	9.003	0.000	0.324	1.390	3.714	3.506	0.069	0.000	0.000	100.000	100.000	
10.2890	CO210R14	500	2.208505	0.000757	2021-08-20 12:30:44	11.562	0.000	0.324	2.763	4.950	3.458	0.067	0.000	0.000	76.667	64.654	
10.2400	O1810R14	500	2.449686	0.000717	2021-08-20 12:30:55	10.932	0.000	0.316	4.065	2.974	3.511	0.064	0.000	0.000	90.000	85.993	
11.0250	C1310P08	500	1.006383	0.012578	2021-08-20 12:31:07	9.180	0.000	0.322	1.851	3.441	3.496	0.070	0.000	0.000	100.000	100.000	
10.2280	O1810R16	500	2.488605	0.000686	2021-08-20 12:31:19	12.037	0.000	0.322	4.446	3.674	3.523	0.071	0.000	0.000	90.000	84.998	
10.2740	CO210R16	500	2.278354	0.000778	2021-08-20 12:31:32	12.976	0.000	0.324	3.744	5.354	3.491	0.063	0.000	0.000	89.375	61.517	
10.2160	O1810R18	500	2.534632	0.000674	2021-08-20 12:31:46	11.131	0.000	0.340	4.048	3.180	3.497	0.065	0.000	0.000	90.000	84.409	
10.2600	CO210R18	500	2.356034	0.000772	2021-08-20 12:31:58	11.551	0.000	0.314	2.862	4.794	3.508	0.072	0.000	0.000	85.000	57.735	
10.2040	O1810R20	500	2.568314	0.000657	2021-08-20 12:32:11	11.769	0.000	0.324	4.160	3.733	3.489	0.063	0.000	0.000	90.000	78.129	
10.2470	CO210R20	500	2.171334	0.000850	2021-08-20 12:32:24	11.558	0.000	0.313	2.277	5.373	3.525	0.070	0.000	0.000	90.000	67.743	
10.1930	O1810R22	500	2.591759	0.000688	2021-08-20 12:32:39	11.548	0.000	0.324	4.478	3.176	3.504	0.066	0.000	0.000	77.496	73.238	
10.2330	CO210R22	500	2.447855	0.000877	2021-08-20 12:32:50	11.563	0.000	0.315	2.563	5.136	3.484	0.064	0.000	0.000	85.000	60.164	
10.1820	O1810R24	500	2.594619	0.000651	2021-08-20 12:33:05	11.405	0.000	0.316	3.851	3.651	3.516	0.070	0.000	0.000	88.118	79.689	
10.2200	CO210R24	500	2.503598	0.000795	2021-08-20 12:33:18	12.240	0.000	0.319	3.362	5.000	3.492	0.066	0.000	0.000	87.500	55.028	
11.0050	C1310P06	500	1.049049	0.012986	2021-08-20 12:33:26	8.362	0.000	0.320	1.863	2.595	3.514	0.070	0.000	0.000	100.000	100.000	
10.1710	O1810R26	500	2.620412	0.000648	2021-08-20 12:33:38	11.965	0.000	0.313	4.584	3.472	3.526	0.071	0.000	0.000	90.000	84.063	
10.2070	CO210R26	500	2.544217	0.000643	2021-08-20 12:33:50	11.663	0.000	0.321	3.081	4.614	3.538	0.107	0.002	0.000	87.500	61.736	
10.8840	C1310R06	500	1.292663	0.002019	2021-08-20 12:34:01	11.535	0.000	0.312	4.166	3.476	3.503	0.078	0.000	0.000	100.000	100.000	
10.1610	O1810R28	500	2.586696	0.000581	2021-08-20 12:34:14	12.055	0.000	0.334	4.344	3.779	3.517	0.081	0.000	0.000	88.707	75.715	
10.8670	C1310R08	500	1.345761	0.001751	2021-08-20 12:34:24	9.754	0.000	0.321	2.460	3.374	3.528	0.071	0.000	0.000	100.000	100.000	
10.1950	CO210R28	500	2.578700	0.000802	2021-08-20 12:34:37	13.487	0.000	0.339	4.649	4.963	3.469	0.066	0.000	0.000	77.712	51.634	
10.1500	O1810R30	500	2.591565	0.000753	2021-08-20 12:34:45	8.163	0.000	0.336	1.985	2.265	3.513	0.063	0.000	0.000	100.000	100.000	
10.8500	C1310R10	500	1.375888	0.002304	2021-08-20 12:34:57	11.047	0.000	0.332	2.149	5.067	3.446	0.036	0.017	0.000	100.000	100.000	
10.1820	CO210R30	500	2.588188	0.000632	2021-08-20 12:35:09	11.764	0.000	0.316	2.579	5.316	3.492	0.059	0.002	0.000	90.000	72.409	
10.1410	O1810R32	500	2.568571	0.001220	2021-08-20 12:35:18	8.963	0.000	0.314	1.981	3.092	3.509	0.067	0.000	0.000	100.000	100.000	
10.8330	C1310R12	500	1.427382	0.001576	2021-08-20 12:35:27	9.085	0.000	0.327	2.192	3.005	3.494	0.066	0.000	0.000	100.000	100.000	
10.1700	CO210R32	500	2.612649	0.000622	2021-08-20 12:35:38	11.344	0.000	0.314	2.067	5.401	3.495	0.065	0.000	0.000	97.134	100.000	
10.1310	O1810R34	0	NaN	NaN	2021-08-20 12:35:41	0.406	0.000	0.317	0.086	0.000	0.000	0.002	0.000	0.000	0.100	0.100	
10.8160	C1310R14	500	1.467268	0.001335	2021-08-20 12:35:49	9.639	0.000	0.317	2.259	3.477	3.499	0.086	0.000	0.000	100.000	100.000	
10.1590	CO210R34	500	2.586158	0.000719	2021-08-20 12:36:05	12.987	0.000	0.320	4.165	4.948	3.488	0.065	0.000	0.000	88.750	72.909	
10.1220	O1810R36	500	2.462420	0.004799	2021-08-20 12:36:14	8.886	0.000	0.341	1.880	3.092	3.504	0.067	0.000	0.000	100.000	100.000	
10.8000	C1310R16	500	1.505259	0.001394	2021-08-20 12:36:24	10.374	0.000	0.324	2.961	3.522	3.503	0.064	0.000	0.000	100.000	100.000	
10.1470	CO210R36	500	2.581003	0.000643	2021-08-20 12:36:36	11.564	0.000	0.319	2.800	4.866	3.508	0.071	0.000	0.000	90.000	73.620	
10.7840	C1310R18	500	1.489458	0.000987	2021-08-20 12:36:50	11.917	0.000	0.324	3.346	4.694	3.488	0.063	0.000	0.000	89.375	80.308	
10.1360	CO210R38	500	2.547378	0.000744	2021-08-20 12:37:02	11.515	0.000	0.311	2.868	4.839	3.449	0.033	0.015	0.000	100.000	100.000	
10.7680	C1310R20	500	1.546886	0.001561	2021-08-20 12:37:13	9.789	0.000	0.319	2.367	3.534	3.509	0.058	0.002	0.000	100.000	100.000	
10.1250	CO210R40	500	2.492136	0.001303	2021-08-20 12:37:28	12.404	0.000	0.312	3.578	4.971	3.477	0.065	0.001	0.000	100.000	100.000	
10.7530	C1310R22	500	1.575237	0.002664	2021-08-20 12:37:39	10.544	0.000	0.320	1.762	4.883	3.508	0.071	0.000	0.000	100.000	100.000	
9.7530	CO209P42	500	1.697264	0.001709	2021-08-20 12:37:57	13.117	0.000	0.337	4.463	4.761	3.486	0.070	0.000	0.000	100.000	100.000	
10.7380	C1310R24	500	1.589699	0.002316	2021-08-20 12:38:07	9.727	0.000	0.326	2.192	3.607	3.532	0.070	0.000	0.000	100.000	100.000	
9.7330	CO209P40	500	1.315065	0.002700	2021-08-20 12:38:20	10.883	0.000	0.323	2.345	4.631	3.513	0.071	0.000	0.000	100.000	100.000	
10.7230	C1310R26	500	1.625821	0.002102	2021-08-20 12:38:32	10.414	0.000	0.327	1.999	4.499	3.519	0.070	0.000	0.000	100.000	100.000	
9.7140	CO209P38	500	1.554509	0.002063	2021-08-20 12:38:44	11.473	0.000	0.322	2.781	4.790	3.510	0.070	0.000	0.000	100.000	100.000	
10.7080	C1310R28	500	1.656936	0.002344	2021-08-20 12:38:55	9.429	0.000	0.325	1.362	4.161	3.510	0.071	0.000	0.000	100.000	100.000	
9.5520	O1809P46	-1	-1000000.000000	-1.000000	2021-08-20 12:38:59	0.000	0.000	0.000	0.000	0.000	0.000	0.000	0.000	0.000	-1.000	-1.000	
9.6950	CO209P36	500	1.480537	0.001718	2021-08-20 12:39:08	11.198	0.000	0.320	2.766	4.546	3.501	0.064	0.000	0.000	100.000	100.000	
10.6940	C1310R30	500	1.681444	0.003464	2021-08-20 12:39:19	10.058	0.000	0.325	1.369	4.816	3.482	0.065	0.000	0.000	100.000	100.000	
9.5360	O1809P44	500	1.022751	0.001768	2021-08-20 12:39:30	10.376	0.000	0.327	3.459	3.012	3.508	0.070	0.000	0.000	100.000	100.000	
9.6750	CO209P34	500	1.354847	0.001500	2021-08-20 12:39:41	11.469	0.000	0.312	2.788	4.768	3.528	0.073	0.000	0.000	100.000	100.000	
10.6800	C1310R32	500	1.713359	0.005361	2021-08-20 12:39:51	9.495	0.000	0.331	1.671	3.888	3.532	0.072	0.001	0.000	100.000	100.000	
9.5190	O1809P42	500	0.992219	0.001584	2021-08-20 12:40:03	12.700	0.000	0.325	5.263	3.545	3.500	0.067	0.000	0.000	90.000	79.937	
10.6660	C1310R34	500	1.730621	0.002588	2021-08-20 12:40:12	8.433	0.000	0.320	1.668	2.942	3.454	0.038	0.012	0.000	100.000	100.000	
9.6570	CO209P32	500	1.314075	0.001685	2021-08-20 12:40:24	12.056	0.000	0.340	3.047	5.094	3.509	0.066	0.000	0.000	100.000	100.000	
9.5030	O1809P40	500	0.971712	0.001378	2021-08-20 12:40:35	11.101	0.000	0.329	4.160	3.023	3.521	0.068	0.000	0.000	90.000	41.786	
10.6520	C1310R36	500	1.747926	0.003258	2021-08-20 12:40:44	8.658	0.000	0.336	1.969	2.757	3.523	0.072	0.000	0.000	100.000	100.000	
9.6390	CO209P30	500	1.157105	0.002296	2021-08-20 12:40:57	12.586	0.000	0.313	3.268	5.401	3.531	0.071	0.000	0.000	100.000	100.000	
9.4880	O1809P38	500	0.974598	0.001898	2021-08-20 12:41:08	11.225	0.000	0.326	4.376	2.934	3.519	0.070	0.000	0.000	90.000	35.665	
10.6390	C1310R38	500	1.768020	0.003307	2021-08-20 12:41:18	9.691	0.000	0.320	2.066	3.705	3.527	0.072	0.000	0.000	100.000	100.000	
9.6210	CO209P28	500	1.163600	0.001682	2021-08-20 12:41:30	12.450	0.000	0.322	3.077	5.450	3.529	0.072	0.000	0.000	90.000	85.746	
9.4720	O1809P36	500	0.954071	0.001791	2021-08-20 12:41:43	12.747	0.000	0.314	5.147	3.704	3.509	0.073	0.000	0.000	88.750	34.739	
10.6260	C1310R40	500	1.755636	0.003891	2021-08-20 12:41:54	10.573	0.000	0.323	2.048	4.638	3.498	0.066	0.000	0.000	100.000	100.000	
9.6040	CO209P26	500	1.139118	0.001779	2021-08-20 12:42:08	14.162	0.000	0.324	4.960	5.285	3.521	0.072	0.000	0.000	90.000	67.295	
9.4570	O1809P34	500	0.880288	0.002152	2021-08-20 12:42:21	12.239	0.000	0.320	5.044	3.307	3.501	0.067	0.000	0.000	88.750	29.513	
9.5880	CO209P24	500	1.101965	0.001705	2021-08-20 12:42:38	16.507	0.000	0.319	6.959	5.643	3.513	0.072	0.000	0.000	83.672	51.706	
9.4410	O1809P32	500	0.947870	0.001811	2021-08-20 12:42:50	11.233	0.000	0.316	3.960	3.401	3.488	0.068	0.000	0.000	90.000	23.086	
9.5690	CO209P22	500	1.066534	0.001717	2021-08-20 12:43:05	13.218	0.000	0.323	3.868	5.441	3.512	0.073	0.000	0.000	90.000	63.762	
9.4270	O1809P30	500	0.958877	0.001595	2021-08-20 12:43:18	12.847	0.000	0.312	5.664	3.385	3.435	0.032	0.019	0.000	89.375	25.183	
9.5520	CO209P20	500	1.039682	0.001649	2021-08-20 12:43:30	12.381	0.000	0.316	3.483	5.000	3.522	0.060	0.000	0.000	90.000	54.090	
9.4120	O1809P28	500	0.920956	0.001473	2021-08-20 12:43:44	11.670	0.000	0.318	4.264	3.526	3.490	0.071	0.001	0.000	90.000	18.754	
10.1520	C1309P36	-1	-1000000.000000	-1.000000	2021-08-20 12:43:53	0.000	0.000	0.000	0.000	0.000	0.000	0.000	0.000	0.000	-1.000	-1.000	
9.5360	CO209P18	500	1.019450	0.001585	2021-08-20 12:43:56	12.091	0.000	0.320	3.482	4.717	3.497	0.076	0.000	0.000	90.000	57.575	
9.3970	O1809P26	500	0.878340	0.001653	2021-08-20 12:44:08	11.562	0.000	0.317	4.065	3.595	3.513	0.072	0.000	0.000	90.000	21.677	
9.5200	CO209P16	500	0.983153	0.001852	2021-08-20 12:44:23	12.987	0.000	0.322	3.661	5.402	3.527	0.074	0.000	0.000	90.000	44.679	
9.3830	O1809P24	500	0.770461	0.002099	2021-08-20 12:44:35	12.022	0.000	0.319	4.670	3.450	3.514	0.068	0.000	0.000	90.000	17.553	
9.5040	CO209P14	500	0.962452	0.001834	2021-08-20 12:44:48	12.182	0.000	0.324	3.063	5.208	3.514	0.072	0.000	0.000	90.000	58.437	
9.3690	O1809P22	500	0.824034	0.002191	2021-08-20 12:45:03	14.080	0.000	0.331	6.462	3.706	3.506	0.074	0.000	0.000	89.375	15.751	
9.4880	CO209P12	500	0.965215	0.002465	2021-08-20 12:45:16	12.681	0.000	0.325	3.567	5.183	3.530	0.076	0.000	0.000	90.000	40.593	
9.3550	O1809P20	500	0.860584	0.001877	2021-08-20 12:45:30	14.229	0.000	0.324	6.761	3.570	3.505	0.068	0.000	0.000	90.000	13.847	
9.4730	CO209P10	500	0.938758	0.001891	2021-08-20 12:45:42	12.147	0.000	0.320	3.178	5.050	3.524	0.074	0.000	0.000	90.000	45.132	
10.1310	C1309P34	-1	-1000000.000000	-1.000000	2021-08-20 12:45:51	0.000	0.000	0.000	0.000	0.000	0.000	0.000	0.000	0.000	-1.000	-1.000	
9.3410	O1809P18	500	0.839173	0.001574	2021-08-20 12:46:01	17.071	0.000	0.336	9.966	3.217	3.482	0.070	0.000	0.000	90.000	11.900	
10.1100	C1309P32	500	2.324736	0.003467	2021-08-20 12:46:11	9.914	0.000	0.315	2.248	3.801	3.481	0.069	0.000	0.000	100.000	100.000	
9.4580	CO209P08	500	0.888590	0.001948	2021-08-20 12:46:25	13.475	0.000	0.318	4.462	5.109	3.514	0.072	0.000	0.000	88.750	54.119	
9.3280	O1809P16	500	0.811909	0.001782	2021-08-20 12:46:38	13.875	0.000	0.314	6.784	3.218	3.490	0.069	0.000	0.000	90.000	12.515	
10.0900	C1309P30	500	1.881342	0.005212	2021-08-20 12:46:49	10.492	0.000	0.320	2.266	4.402	3.452	0.033	0.019	0.000	100.000	100.000	
9.3150	O1809P14	500	0.789416	0.002066	2021-08-20 12:47:03	13.566	0.000	0.334	5.883	3.767	3.516	0.067	0.000	0.000	90.000	13.859	
10.0700	C1309P28	500	2.568695	0.001379	2021-08-20 12:47:12	9.374	0.000	0.316	2.252	3.199	3.532	0.076	0.000	0.000	100.000	100.000	
9.3540	CO209R06	500	0.856203	0.001931	2021-08-20 12:47:26	13.305	0.000	0.340	4.277	5.083	3.529	0.076	0.000	0.000	90.000	31.863	
9.3020	O1809P12	500	0.769306	0.002779	2021-08-20 12:47:40	14.035	0.000	0.322	6.362	3.753	3.524	0.074	0.000	0.000	89.375	14.760	
10.0500	C1309P26	500	2.593471	0.001202	2021-08-20 12:47:51	10.508	0.000	0.316	2.464	4.131	3.522	0.075	0.000	0.000	100.000	100.000	
9.3420	CO209R08	500	0.835877	0.002399	2021-08-20 12:48:04	12.945	0.000	0.318	3.967	5.050	3.535	0.075	0.000	0.000	90.000	33.709	
9.2890	O1809P10	500	0.767471	0.002342	2021-08-20 12:48:17	12.844	0.000	0.317	5.853	3.095	3.503	0.076	0.000	0.000	90.000	13.542	
10.0310	C1309P24	500	2.556549	0.000992	2021-08-20 12:48:28	11.044	0.000	0.321	2.560	4.552	3.537	0.074	0.000	0.000	100.000	100.000	
9.2760	O1809P08	500	0.747434	0.003051	2021-08-20 12:48:41	13.302	0.000	0.321	5.982	3.395	3.528	0.075	0.000	0.000	90.000	14.437	
10.0120	C1309P22	500	2.405891	0.001805	2021-08-20 12:48:51	9.486	0.000	0.317	2.167	3.296	3.587	0.114	0.006	0.000	100.000	100.000	
9.3290	CO209R10	500	0.812473	0.002473	2021-08-20 12:49:05	13.657	0.000	0.326	4.648	5.110	3.494	0.078	0.000	0.000	90.000	25.659	
9.2640	O1809P06	500	0.747511	0.002090	2021-08-20 12:49:17	11.718	0.000	0.313	4.767	3.060	3.499	0.078	0.000	0.000	90.000	16.157	
9.9940	C1309P20	500	2.416638	0.001326	2021-08-20 12:49:27	9.888	0.000	0.340	2.166	3.768	3.539	0.075	0.000	0.000	100.000	100.000	
9.3170	CO209R12	500	0.760144	0.002488	2021-08-20 12:49:40	13.130	0.000	0.312	4.066	5.173	3.503	0.076	0.000	0.000	90.000	22.013	
9.1990	O1809R04	500	0.715213	0.002261	2021-08-20 12:49:52	12.475	0.000	0.321	4.960	3.641	3.484	0.069	0.000	0.000	88.750	30.238	
9.9750	C1309P18	500	2.336519	0.001364	2021-08-20 12:50:02	9.246	0.000	0.325	2.064	3.252	3.531	0.075	0.000	0.000	100.000	100.000	
9.3050	CO209R14	500	0.761206	0.002513	2021-08-20 12:50:15	13.208	0.000	0.313	4.183	5.135	3.501	0.076	0.000	0.000	90.000	22.353	
9.1870	O1809R06	500	0.690014	0.002422	2021-08-20 12:50:28	13.163	0.000	0.321	4.946	4.310	3.511	0.076	0.000	0.000	90.000	14.051	
9.9570	C1309P16	500	2.293421	0.001880	2021-08-20 12:50:38	9.824	0.000	0.332	2.245	3.667	3.505	0.075	0.000	0.000	100.000	100.000	
9.2940	CO209R16	500	0.751696	0.002937	2021-08-20 12:50:53	14.592	0.000	0.332	5.169	5.479	3.536	0.074	0.000	0.000	90.000	19.695	
9.1760	O1809R08	500	0.691162	0.003810	2021-08-20 12:51:27	33.821	0.000	0.336	25.763	4.118	3.526	0.077	0.000	0.000	90.000	10.705	
9.9400	C1309P14	500	2.181859	0.001853	2021-08-20 12:51:37	9.898	0.000	0.319	2.377	3.654	3.475	0.071	0.000	0.000	100.000	100.000	
9.2820	CO209R18	500	0.743321	0.002638	2021-08-20 12:51:51	14.182	0.000	0.322	4.868	5.401	3.515	0.076	0.000	0.000	90.000	18.019	
9.1660	O1809R10	500	0.696467	0.002145	2021-08-20 12:52:03	11.688	0.000	0.318	4.149	3.612	3.533	0.076	0.000	0.000	54.624	0.100	
9.9230	C1309P12	500	2.181271	0.001224	2021-08-20 12:52:14	10.665	0.000	0.310	2.367	4.435	3.479	0.074	0.000	0.000	100.000	100.000	
9.2710	CO209R20	500	0.736221	0.003305	2021-08-20 12:52:30	16.306	0.000	0.315	7.765	4.622	3.526	0.077	0.000	0.000	90.000	14.715	
9.1550	O1809R12	500	0.712869	0.002502	2021-08-20 12:52:42	12.216	0.000	0.309	5.046	3.294	3.496	0.071	0.000	0.000	45.293	0.100	
9.9060	C1309P10	500	2.090915	0.002701	2021-08-20 12:52:53	10.622	0.000	0.325	2.346	4.384	3.496	0.071	0.000	0.000	100.000	100.000	
9.2610	CO209R22	500	0.739673	0.002809	2021-08-20 12:53:07	14.099	0.000	0.327	4.746	5.428	3.520	0.078	0.000	0.000	90.000	15.174	
9.1450	O1809R14	500	0.720195	0.001905	2021-08-20 12:53:20	12.120	0.000	0.325	4.262	3.933	3.521	0.078	0.000	0.000	46.759	0.100	
9.2500	CO209R24	500	0.732903	0.004333	2021-08-20 12:53:34	13.018	0.000	0.322	5.263	3.844	3.513	0.076	0.000	0.000	90.000	14.778	
9.1340	O1809R16	500	0.703978	0.002779	2021-08-20 12:53:46	12.081	0.000	0.329	4.563	3.651	3.467	0.070	0.000	0.000	36.894	0.100	
9.2400	CO209R26	500	0.734933	0.002477	2021-08-20 12:54:14	26.505	0.000	0.316	17.348	5.255	3.509	0.076	0.000	0.000	90.000	11.074	
9.1250	O1809R18	500	0.730544	0.002571	2021-08-20 12:54:26	11.354	0.000	0.338	4.199	3.225	3.515	0.076	0.000	0.000	43.982	0.100	
9.7620	C1309R08	-1	-1000000.000000	-1.000000	2021-08-20 12:54:46	0.000	0.000	0.000	0.000	0.000	0.000	0.000	0.000	0.000	-1.000	-1.000	
9.2300	CO209R28	500	0.727461	0.003847	2021-08-20 12:54:44	15.270	0.000	0.321	5.945	5.420	3.511	0.072	0.000	0.000	90.000	12.382	
9.1150	O1809R20	500	0.730403	0.002484	2021-08-20 12:54:55	11.162	0.000	0.328	3.860	3.418	3.485	0.072	0.000	0.000	44.133	0.100	
9.2190	CO209R30	500	0.695870	0.003272	2021-08-20 12:55:12	15.284	0.000	0.316	5.963	5.392	3.536	0.077	0.001	0.000	82.881	14.935	
9.1050	O1809R22	500	0.729955	0.003286	2021-08-20 12:55:23	11.108	0.000	0.321	3.862	3.347	3.500	0.078	0.000	0.000	42.565	0.100	
9.0950	O1809R24	-1	-1000000.000000	-1.000000	2021-08-20 12:55:39	0.000	0.000	0.000	0.000	0.000	0.000	0.000	0.000	0.000	-1.000	-1.000	
9.2100	CO209R32	500	0.721196	0.002799	2021-08-20 12:55:41	15.538	0.000	0.316	6.470	5.176	3.498	0.077	0.000	0.000	89.688	13.698	
9.2010	CO209R34	-1	-1000000.000000	-1.000000	2021-08-20 12:55:54	0.000	0.000	0.000	0.000	0.000	0.000	0.000	0.000	0.000	-1.000	-1.000	
9.7490	C1309R10	500	1.606779	0.003514	2021-08-20 12:55:52	10.448	0.000	0.332	2.262	4.295	3.488	0.071	0.000	0.000	100.000	100.000	
9.0860	O1809R26	500	0.731729	0.002313	2021-08-20 12:56:05	12.669	0.000	0.330	5.465	3.261	3.536	0.077	0.000	0.000	26.722	0.100	
9.2010	CO209R34	500	0.720225	0.002506	2021-08-20 12:56:19	13.865	0.000	0.329	4.843	5.100	3.515	0.077	0.000	0.000	90.000	12.779	
9.7360	C1309R12	500	1.356457	0.004947	2021-08-20 12:56:30	11.013	0.000	0.323	2.246	4.864	3.507	0.072	0.000	0.000	100.000	100.000	
9.0770	O1809R28	500	0.731342	0.002851	2021-08-20 12:56:43	12.414	0.000	0.317	5.147	3.353	3.520	0.077	0.000	0.000	32.157	0.100	
9.7230	C1309R14	500	1.453210	0.004112	2021-08-20 12:56:52	9.375	0.000	0.323	2.370	3.087	3.517	0.078	0.000	0.000	100.000	100.000	
9.0680	O1809R30	500	0.720784	0.002276	2021-08-20 12:57:06	11.454	0.000	0.314	3.846	3.719	3.501	0.074	0.000	0.000	24.060	0.100	
9.7100	C1309R16	500	1.559000	0.003509	2021-08-20 12:57:17	11.233	0.000	0.315	2.364	4.969	3.515	0.070	0.000	0.000	100.000	100.000	
9.0590	O1809R32	500	0.707303	0.002431	2021-08-20 12:57:30	12.183	0.000	0.338	4.662	3.593	3.513	0.077	0.000	0.000	24.254	0.100	
9.6980	C1309R18	500	1.514628	0.003789	2021-08-20 12:57:40	9.913	0.000	0.323	2.362	3.613	3.536	0.077	0.000	0.000	100.000	100.000	
9.0510	O1809R34	500	0.699677	0.002466	2021-08-20 12:57:55	12.673	0.000	0.324	5.351	3.425	3.496	0.076	0.000	0.000	28.235	0.100	
9.6860	C1309R20	500	1.404589	0.003954	2021-08-20 12:58:05	10.281	0.000	0.323	2.263	4.107	3.509	0.079	0.000	0.000	100.000	100.000	
9.0420	O1809R36	500	0.689216	0.002145	2021-08-20 12:58:19	11.885	0.000	0.329	4.562	3.394	3.521	0.078	0.000	0.000	28.223	0.100	
9.6750	C1309R22	500	1.336830	0.004538	2021-08-20 12:58:29	10.599	0.000	0.325	2.365	4.312	3.521	0.077	0.000	0.000	100.000	100.000	
9.0340	O1809R38	500	0.657853	0.002675	2021-08-20 12:58:48	12.295	0.000	0.315	4.478	3.891	3.533	0.078	0.000	0.000	33.692	0.100	
9.6630	C1309R24	500	1.338101	0.003616	2021-08-20 12:58:58	10.039	0.000	0.338	2.277	3.868	3.483	0.073	0.000	0.000	100.000	100.000	
9.0260	O1809R40	500	0.667807	0.003371	2021-08-20 12:59:11	12.595	0.000	0.315	5.066	3.631	3.506	0.077	0.000	0.000	58.783	0.100	
9.6520	C1309R26	500	1.266074	0.005052	2021-08-20 12:59:23	11.306	0.000	0.327	2.378	4.983	3.540	0.078	0.000	0.000	100.000	100.000	
9.6420	C1309R28	-1	-1000000.000000	-1.000000	2021-08-20 13:01:35	0.000	0.000	0.000	0.000	0.000	0.000	0.000	0.000	0.000	-1.000	-1.000	
9.0180	O1809R42	-1	-1000000.000000	-1.000000	2021-08-20 13:01:49	0.000	0.000	0.000	0.000	0.000	0.000	0.000	0.000	0.000	-1.000	-1.000	
10.6640	O1810P36	0	NaN	NaN	2021-08-20 13:02:10	1.681	0.000	0.318	1.360	0.000	0.000	0.002	0.000	0.000	100.000	100.000	
9.6310	C1309R30	0	NaN	NaN	2021-08-20 13:04:45	63.985	0.000	0.326	9.528	31.229	22.902	0.000	0.000	0.000	100.000	100.000	
10.1310	O1810R34	500	2.525261	0.005574	2021-08-20 13:04:54	8.705	0.000	0.318	1.965	2.796	3.511	0.114	0.000	0.000	100.000	100.000	
9.6210	C1309R32	0	NaN	NaN	2021-08-20 13:06:42	0.398	0.000	0.310	0.087	0.000	0.000	0.001	0.000	0.000	0.100	0.100	
9.5520	O1809P46	-1	-1000000.000000	-1.000000	2021-08-20 13:07:44	0.000	0.000	0.000	0.000	0.000	0.000	0.000	0.000	0.000	-1.000	-1.000	
9.0950	O1809R24	500	0.716719	0.002776	2021-08-20 13:08:12	12.862	0.000	0.321	5.458	3.497	3.488	0.097	0.000	0.000	52.375	0.100	
9.6110	C1309R34	500	13.231246	0.090358	2021-08-20 13:08:55	13.384	0.000	0.330	5.247	4.204	3.515	0.088	0.000	0.000	100.000	100.000	
9.0180	O1809R42	-1	-1000000.000000	-1.000000	2021-08-20 13:11:05	0.000	0.000	0.000	0.000	0.000	0.000	0.000	0.000	0.000	-1.000	-1.000	
11.1940	C1310P24	500	12.545698	0.148829	2021-08-20 13:11:15	9.385	0.000	0.345	2.343	3.094	3.518	0.083	0.000	0.000	100.000	100.000	
10.1520	C1309P36	-1	-1000000.000000	-1.000000	2021-08-20 13:12:54	0.000	0.000	0.000	0.000	0.000	0.000	0.000	0.000	0.000	-1.000	-1.000	
10.1310	C1309P34	-1	-1000000.000000	-1.000000	2021-08-20 13:14:25	0.000	0.000	0.000	0.000	0.000	0.000	0.000	0.000	0.000	-1.000	-1.000	
9.7620	C1309R08	-1	-1000000.000000	-1.000000	2021-08-20 13:15:58	0.000	0.000	0.000	0.000	0.000	0.000	0.000	0.000	0.000	-1.000	-1.000	
9.6420	C1309R28	-1	-1000000.000000	-1.000000	2021-08-20 13:17:51	0.000	0.000	0.000	0.000	0.000	0.000	0.000	0.000	0.000	-1.000	-1.000	
9.6310	C1309R30	-1	-1000000.000000	-1.000000	2021-08-20 13:19:23	0.000	0.000	0.000	0.000	0.000	0.000	0.000	0.000	0.000	-1.000	-1.000	
9.6210	C1309R32	-1	-1000000.000000	-1.000000	2021-08-20 13:20:54	0.000	0.000	0.000	0.000	0.000	0.000	0.000	0.000	0.000	-1.000	-1.000	
