Wavelength	Line name	# of completed ringdowns	Ringdowntimes (us)	STOT	TimeStamp	Get ringdown time (s)	Step time (s)	Step time (s)	Step time(s)	Step time(s) 	Step time(s) 	Step time(s)	Step time(s)	Step time(s) 	AOM setting	Attenuator setting
10.8110	CO210P40	-1	-1000000.000000	-1.000000	2021-08-26 22:13:57	0.000	0.000	0.000	0.000	0.000	0.000	0.000	0.000	0.000	-1.000	-1.000	
10.7870	CO210P38	500	1.827784	0.000911	2021-08-26 22:14:25	11.803	0.000	0.340	2.385	5.308	3.608	0.158	0.004	0.000	100.000	100.000	
10.7640	CO210P36	500	1.834562	0.002071	2021-08-26 22:14:54	11.515	0.000	0.314	2.366	5.158	3.558	0.119	0.000	0.000	100.000	100.000	
10.7410	CO210P34	500	1.881394	0.001556	2021-08-26 22:15:23	10.952	0.000	0.318	2.360	4.567	3.594	0.114	0.000	0.000	100.000	100.000	
10.7190	CO210P32	500	1.924245	0.002307	2021-08-26 22:15:54	12.885	0.000	0.316	2.325	6.560	3.572	0.110	0.000	0.000	100.000	100.000	
11.2390	C1310P28	-1	-1000000.000000	-1.000000	2021-08-26 22:16:10	0.000	0.000	0.000	0.000	0.000	0.000	0.000	0.000	0.000	-1.000	-1.000	
10.6960	CO210P30	500	2.098177	0.001029	2021-08-26 22:16:24	11.625	0.000	0.313	2.361	5.255	3.579	0.117	0.000	0.000	100.000	100.000	
10.6640	O1810P36	-1	-1000000.000000	-1.000000	2021-08-26 22:16:49	0.000	0.000	0.000	0.000	0.000	0.000	0.000	0.000	0.000	-1.000	-1.000	
11.2160	C1310P26	500	1.021365	0.003842	2021-08-26 22:16:51	9.586	0.000	0.322	2.144	3.430	3.563	0.127	0.000	0.000	100.000	100.000	
10.6750	CO210P28	509	2.150395	0.004524	2021-08-26 22:17:15	23.807	0.000	0.337	2.416	12.300	8.642	0.111	0.000	0.000	100.000	100.000	
11.1940	C1310P24	500	0.851253	0.007387	2021-08-26 22:17:26	11.439	0.000	0.328	2.263	5.168	3.554	0.126	0.000	0.000	100.000	100.000	
10.6530	CO210P26	524	2.198298	0.005021	2021-08-26 22:17:55	25.694	0.000	0.315	2.378	14.683	8.209	0.109	0.000	0.000	100.000	100.000	
11.1710	C1310P22	500	1.092895	0.004260	2021-08-26 22:18:19	23.857	0.000	0.312	2.482	11.567	9.392	0.103	0.000	0.000	100.000	100.000	
10.6320	CO210P24	500	2.244715	0.007089	2021-08-26 22:18:30	11.123	0.000	0.318	2.351	4.778	3.551	0.124	0.000	0.000	100.000	100.000	
11.1490	C1310P20	500	1.128304	0.002815	2021-08-26 22:18:45	10.072	0.000	0.344	2.644	3.423	3.547	0.114	0.000	0.000	100.000	100.000	
10.6110	CO210P22	500	2.288794	0.003285	2021-08-26 22:18:55	9.947	0.000	0.318	1.364	4.548	3.599	0.118	0.000	0.000	100.000	100.000	
10.6430	O1810P34	-1	-1000000.000000	-1.000000	2021-08-26 22:19:27	0.000	0.000	0.000	0.000	0.000	0.000	0.000	0.000	0.000	-1.000	-1.000	
11.1280	C1310P18	516	1.139157	0.003471	2021-08-26 22:19:47	47.210	0.000	0.317	4.628	22.921	19.229	0.115	0.000	0.000	100.000	100.000	
10.5910	CO210P20	500	2.328366	0.008050	2021-08-26 22:19:57	10.085	0.000	0.322	1.550	4.597	3.513	0.081	0.022	0.000	100.000	100.000	
11.1070	C1310P16	500	1.178117	0.003208	2021-08-26 22:20:10	9.024	0.000	0.313	2.483	2.601	3.527	0.101	0.000	0.000	100.000	100.000	
10.5710	CO210P18	500	2.326997	0.002997	2021-08-26 22:20:22	10.678	0.000	0.327	1.351	5.335	3.558	0.107	0.000	0.000	100.000	100.000	
11.0860	C1310P14	500	1.207928	0.002256	2021-08-26 22:20:34	10.166	0.000	0.327	2.047	4.103	3.568	0.121	0.000	0.000	100.000	100.000	
10.5510	CO210P16	500	2.380820	0.004691	2021-08-26 22:20:47	10.203	0.000	0.329	1.366	4.772	3.614	0.121	0.000	0.000	100.000	100.000	
11.0650	C1310P12	500	1.197034	0.015668	2021-08-26 22:20:58	10.839	0.000	0.318	1.864	4.992	3.558	0.107	0.000	0.000	100.000	100.000	
10.6220	O1810P32	-1	-1000000.000000	-1.000000	2021-08-26 22:21:04	0.000	0.000	0.000	0.000	0.000	0.000	0.000	0.000	0.000	-1.000	-1.000	
10.5320	CO210P14	500	2.360867	0.008516	2021-08-26 22:21:13	10.806	0.000	0.322	2.196	4.618	3.555	0.114	0.000	0.000	100.000	100.000	
11.0450	C1310P10	500	1.079041	0.006556	2021-08-26 22:21:23	9.206	0.000	0.327	1.373	3.850	3.545	0.111	0.000	0.000	100.000	100.000	
10.6020	O1810P30	500	2.322644	0.000474	2021-08-26 22:21:32	9.681	0.000	0.315	2.179	3.474	3.585	0.128	0.000	0.000	100.000	100.000	
10.5130	CO210P12	500	2.459911	0.013160	2021-08-26 22:21:43	10.685	0.000	0.326	1.750	4.911	3.581	0.116	0.000	0.000	100.000	100.000	
11.0250	C1310P08	500	1.246662	0.007673	2021-08-26 22:21:54	11.126	0.000	0.328	2.168	5.029	3.503	0.076	0.022	0.000	100.000	100.000	
10.5820	O1810P28	500	2.333123	0.001329	2021-08-26 22:22:04	9.089	0.000	0.342	2.180	2.895	3.564	0.108	0.000	0.000	100.000	100.000	
10.4940	CO210P10	500	2.490543	0.001809	2021-08-26 22:22:14	9.800	0.000	0.327	1.363	4.452	3.550	0.108	0.000	0.000	100.000	100.000	
11.0050	C1310P06	500	1.276908	0.002675	2021-08-26 22:22:24	9.973	0.000	0.328	1.480	4.480	3.567	0.118	0.000	0.000	100.000	100.000	
10.5630	O1810P26	500	2.384352	0.000522	2021-08-26 22:22:36	12.046	0.000	0.315	5.081	2.921	3.577	0.149	0.003	0.000	87.037	77.915	
10.4760	CO210P08	500	2.529103	0.004174	2021-08-26 22:22:47	10.803	0.000	0.316	1.752	5.044	3.574	0.116	0.000	0.000	100.000	100.000	
10.8840	C1310R06	500	1.514597	0.002257	2021-08-26 22:23:01	13.598	0.000	0.324	4.567	5.061	3.524	0.121	0.000	0.000	100.000	100.000	
10.5430	O1810P24	500	2.318250	0.000586	2021-08-26 22:23:12	11.336	0.000	0.328	3.666	3.724	3.511	0.088	0.018	0.000	90.000	88.519	
10.4580	CO210P06	500	2.562654	0.006772	2021-08-26 22:23:24	11.171	0.000	0.331	1.761	5.430	3.543	0.106	0.000	0.000	100.000	100.000	
10.8670	C1310R08	500	1.577039	0.001445	2021-08-26 22:23:34	10.049	0.000	0.326	1.366	4.654	3.594	0.109	0.000	0.000	100.000	100.000	
10.5250	O1810P22	500	2.427563	0.000534	2021-08-26 22:23:44	10.493	0.000	0.319	3.045	3.469	3.546	0.113	0.000	0.000	85.000	83.759	
10.3650	CO210R04	500	2.584211	0.000667	2021-08-26 22:23:57	12.888	0.000	0.312	4.078	4.809	3.567	0.121	0.000	0.000	100.000	100.000	
10.5060	O1810P20	500	2.354308	0.000547	2021-08-26 22:24:08	10.390	0.000	0.327	3.664	2.763	3.533	0.081	0.021	0.000	88.801	87.361	
10.8500	C1310R10	500	1.611741	0.000919	2021-08-26 22:24:18	10.404	0.000	0.325	2.752	3.656	3.565	0.105	0.000	0.000	99.483	100.000	
10.3490	CO210R06	500	2.418319	0.000555	2021-08-26 22:24:29	11.076	0.000	0.323	2.462	4.647	3.538	0.105	0.000	0.000	90.000	87.328	
10.4880	O1810P18	500	2.413506	0.000607	2021-08-26 22:24:41	11.053	0.000	0.318	3.663	3.359	3.591	0.122	0.000	0.000	80.000	80.000	
10.3340	CO210R08	500	2.522675	0.000523	2021-08-26 22:24:52	10.835	0.000	0.329	2.647	4.185	3.565	0.109	0.000	0.000	90.000	65.808	
10.8330	C1310R12	500	1.675721	0.000998	2021-08-26 22:25:01	8.745	0.000	0.325	1.746	2.969	3.588	0.118	0.000	0.000	100.000	100.000	
10.4710	O1810P16	500	2.544734	0.000577	2021-08-26 22:25:12	11.377	0.000	0.316	3.453	3.971	3.527	0.110	0.000	0.000	90.000	80.454	
10.3180	CO210R10	500	2.810565	0.000522	2021-08-26 22:25:24	11.930	0.000	0.318	3.549	4.373	3.574	0.117	0.000	0.000	87.500	43.488	
10.4530	O1810P14	500	2.572649	0.000509	2021-08-26 22:25:35	11.224	0.000	0.313	4.045	3.158	3.588	0.119	0.000	0.000	90.007	93.439	
10.8160	C1310R14	500	1.727588	0.001041	2021-08-26 22:25:46	10.534	0.000	0.342	2.463	4.036	3.573	0.120	0.000	0.000	100.000	100.000	
10.3030	CO210R12	500	2.788796	0.000567	2021-08-26 22:25:59	12.733	0.000	0.312	3.645	5.065	3.589	0.121	0.000	0.000	88.750	46.337	
10.4360	O1810P12	500	2.603413	0.000525	2021-08-26 22:26:11	11.617	0.000	0.324	4.192	3.452	3.536	0.112	0.000	0.000	90.000	90.736	
10.8000	C1310R16	500	1.764692	0.000858	2021-08-26 22:26:20	9.534	0.000	0.325	1.952	3.574	3.566	0.116	0.000	0.000	100.000	100.000	
10.2890	CO210R14	500	2.783522	0.000648	2021-08-26 22:26:36	15.900	0.000	0.340	7.046	4.831	3.563	0.119	0.000	0.000	84.547	35.191	
10.4200	O1810P10	500	2.621015	0.000602	2021-08-26 22:26:48	11.312	0.000	0.324	3.561	3.737	3.570	0.119	0.000	0.000	90.000	82.733	
10.2740	CO210R16	500	2.909302	0.000566	2021-08-26 22:27:04	16.040	0.000	0.342	6.986	5.004	3.589	0.119	0.000	0.000	87.747	40.754	
10.4040	O1810P08	500	2.652489	0.000879	2021-08-26 22:27:13	9.109	0.000	0.337	1.951	3.098	3.601	0.121	0.000	0.000	100.000	100.000	
10.7840	C1310R18	500	1.629104	0.001120	2021-08-26 22:27:24	10.304	0.000	0.321	2.364	3.922	3.579	0.118	0.000	0.000	100.000	100.000	
10.2600	CO210R18	500	2.980275	0.000513	2021-08-26 22:27:36	12.428	0.000	0.317	2.970	5.450	3.576	0.115	0.000	0.000	85.000	39.322	
10.7680	C1310R20	516	1.776998	0.001010	2021-08-26 22:28:00	22.819	0.000	0.319	3.080	9.983	9.313	0.123	0.000	0.000	100.000	100.000	
10.2470	CO210R20	500	2.665961	0.000637	2021-08-26 22:28:12	12.185	0.000	0.325	3.263	4.971	3.512	0.114	0.000	0.000	88.195	47.022	
10.7530	C1310R22	500	1.805112	0.001759	2021-08-26 22:28:23	10.278	0.000	0.325	2.165	4.063	3.600	0.124	0.000	0.000	100.000	100.000	
10.2780	O1810R08	500	2.949881	0.001069	2021-08-26 22:28:35	9.733	0.000	0.326	2.270	3.422	3.590	0.126	0.000	0.000	100.000	100.000	
10.2330	CO210R22	500	3.018288	0.000478	2021-08-26 22:28:48	12.958	0.000	0.322	3.384	5.582	3.562	0.108	0.000	0.000	88.503	44.088	
10.2650	O1810R10	500	2.970752	0.000612	2021-08-26 22:28:57	8.672	0.000	0.325	1.953	2.694	3.578	0.121	0.000	0.000	100.000	100.000	
10.7380	C1310R24	500	1.803165	0.001319	2021-08-26 22:29:07	10.381	0.000	0.318	2.465	3.912	3.576	0.110	0.000	0.000	100.000	100.000	
10.2200	CO210R24	500	3.050770	0.000491	2021-08-26 22:29:19	11.594	0.000	0.311	2.951	4.657	3.563	0.111	0.000	0.000	87.006	50.214	
10.2520	O1810R12	500	3.002622	0.000596	2021-08-26 22:29:30	11.181	0.000	0.322	3.665	3.511	3.574	0.108	0.000	0.000	80.949	78.460	
10.2070	CO210R26	500	3.078985	0.000437	2021-08-26 22:29:44	13.382	0.000	0.318	3.853	5.512	3.579	0.120	0.000	0.000	86.049	44.780	
10.2400	O1810R14	500	3.037781	0.000472	2021-08-26 22:29:55	10.595	0.000	0.331	3.980	2.598	3.573	0.114	0.000	0.000	90.000	79.100	
10.7230	C1310R26	500	1.945270	0.000881	2021-08-26 22:30:05	9.874	0.000	0.315	2.053	3.830	3.566	0.110	0.000	0.000	100.000	100.000	
10.1950	CO210R28	500	3.113607	0.000530	2021-08-26 22:30:19	14.493	0.000	0.315	6.151	4.316	3.595	0.116	0.000	0.000	84.967	41.792	
10.2280	O1810R16	500	3.047792	0.000534	2021-08-26 22:30:30	10.746	0.000	0.318	3.360	3.412	3.546	0.108	0.000	0.000	87.500	67.183	
10.7080	C1310R28	500	2.013373	0.000953	2021-08-26 22:30:39	9.002	0.000	0.370	1.776	3.168	3.567	0.119	0.000	0.000	100.000	100.000	
10.1820	CO210R30	500	3.118560	0.000511	2021-08-26 22:30:52	13.081	0.000	0.322	3.652	5.450	3.544	0.113	0.000	0.000	88.750	53.292	
10.2160	O1810R18	500	3.086206	0.000413	2021-08-26 22:31:03	10.267	0.000	0.314	3.264	3.017	3.563	0.108	0.000	0.000	80.000	80.000	
10.6940	C1310R30	500	2.073838	0.001950	2021-08-26 22:31:13	10.452	0.000	0.314	1.667	4.881	3.505	0.073	0.014	0.000	100.000	100.000	
10.1700	CO210R32	500	3.148495	0.000509	2021-08-26 22:31:25	11.664	0.000	0.329	2.769	4.933	3.532	0.100	0.000	0.000	70.000	70.000	
10.2040	O1810R20	500	3.107309	0.000460	2021-08-26 22:31:37	12.208	0.000	0.317	4.846	3.402	3.537	0.106	0.000	0.000	86.414	65.694	
10.1590	CO210R34	500	3.114197	0.000520	2021-08-26 22:31:49	11.210	0.000	0.320	2.546	4.659	3.572	0.112	0.000	0.000	85.000	56.655	
10.6800	C1310R32	500	2.113266	0.001278	2021-08-26 22:31:59	9.908	0.000	0.319	2.366	3.539	3.566	0.118	0.000	0.000	100.000	100.000	
10.1930	O1810R22	500	3.134553	0.000474	2021-08-26 22:32:11	11.748	0.000	0.319	4.047	3.679	3.584	0.119	0.000	0.000	76.667	67.055	
10.1470	CO210R36	500	3.140978	0.000506	2021-08-26 22:32:22	11.462	0.000	0.344	2.453	4.955	3.587	0.123	0.000	0.000	70.000	70.000	
10.1820	O1810R24	500	3.115967	0.000525	2021-08-26 22:32:33	10.482	0.000	0.329	2.961	3.478	3.595	0.117	0.000	0.000	85.000	61.385	
10.6660	C1310R34	500	2.139518	0.001059	2021-08-26 22:32:43	10.287	0.000	0.311	1.855	4.425	3.575	0.120	0.000	0.000	100.000	100.000	
10.1360	CO210R38	500	3.105386	0.000484	2021-08-26 22:32:55	11.960	0.000	0.323	2.447	5.539	3.543	0.107	0.000	0.000	90.000	72.574	
10.1710	O1810R26	500	3.162234	0.000489	2021-08-26 22:33:07	11.617	0.000	0.336	3.955	3.651	3.562	0.113	0.000	0.000	88.844	77.587	
10.6520	C1310R36	500	2.179545	0.001328	2021-08-26 22:33:16	8.764	0.000	0.324	1.686	3.044	3.589	0.119	0.001	0.000	100.000	100.000	
10.1250	CO210R40	500	3.079095	0.000577	2021-08-26 22:33:28	12.503	0.000	0.325	3.592	4.891	3.575	0.120	0.000	0.000	100.000	100.000	
10.1610	O1810R28	500	3.116463	0.000528	2021-08-26 22:33:39	10.840	0.000	0.320	4.261	2.618	3.532	0.108	0.000	0.000	76.667	70.317	
10.6390	C1310R38	500	2.218518	0.001306	2021-08-26 22:33:49	9.069	0.000	0.311	1.876	3.242	3.529	0.112	0.000	0.000	100.000	100.000	
9.7530	CO209P42	500	2.745064	0.000561	2021-08-26 22:34:06	17.170	0.000	0.328	8.063	5.074	3.584	0.120	0.000	0.000	90.000	76.380	
10.1500	O1810R30	500	3.159608	0.000481	2021-08-26 22:34:19	13.189	0.000	0.325	5.467	3.745	3.541	0.111	0.000	0.000	90.287	95.301	
9.7330	CO209P40	500	2.471817	0.000667	2021-08-26 22:34:31	11.796	0.000	0.316	2.846	4.978	3.542	0.113	0.000	0.000	85.000	63.574	
10.1410	O1810R32	500	3.121325	0.000456	2021-08-26 22:34:47	15.328	0.000	0.314	2.783	2.764	9.349	0.117	0.000	0.000	100.000	100.000	
10.6260	C1310R40	500	2.203793	0.002246	2021-08-26 22:34:57	10.152	0.000	0.319	1.362	4.835	3.528	0.108	0.000	0.000	100.000	100.000	
9.7140	CO209P38	500	2.550981	0.000661	2021-08-26 22:35:11	13.939	0.000	0.341	4.699	5.190	3.591	0.118	0.000	0.000	84.074	49.817	
9.6950	CO209P36	500	2.498971	0.000604	2021-08-26 22:35:42	13.535	0.000	0.323	4.051	5.524	3.529	0.108	0.000	0.000	81.111	52.376	
9.6750	CO209P34	500	2.204151	0.000610	2021-08-26 22:36:10	12.046	0.000	0.314	2.666	5.421	3.537	0.108	0.000	0.000	90.000	42.366	
9.6570	CO209P32	500	2.411075	0.000646	2021-08-26 22:36:41	15.006	0.000	0.340	6.646	4.367	3.547	0.106	0.000	0.000	89.220	30.243	
9.6390	CO209P30	500	2.295493	0.000683	2021-08-26 22:37:10	12.098	0.000	0.323	3.064	5.058	3.546	0.106	0.000	0.000	85.000	26.368	
10.1520	C1309P36	-1	-1000000.000000	-1.000000	2021-08-26 22:37:23	0.000	0.000	0.000	0.000	0.000	0.000	0.000	0.000	0.000	-1.000	-1.000	
9.6210	CO209P28	500	2.252539	0.000625	2021-08-26 22:37:38	12.535	0.000	0.312	4.061	4.415	3.589	0.153	0.005	0.000	89.688	23.172	
10.1310	O1810R34	-1	-1000000.000000	-1.000000	2021-08-26 22:37:51	0.000	0.000	0.000	0.000	0.000	0.000	0.000	0.000	0.000	-1.000	-1.000	
9.6040	CO209P26	500	2.253016	0.000538	2021-08-26 22:38:09	13.322	0.000	0.317	4.094	5.259	3.545	0.107	0.000	0.000	90.000	20.539	
9.5880	CO209P24	500	2.206387	0.000632	2021-08-26 22:38:40	14.839	0.000	0.326	6.079	4.747	3.569	0.118	0.000	0.000	82.881	18.874	
9.5690	CO209P22	500	2.150065	0.000645	2021-08-26 22:39:08	12.410	0.000	0.319	4.068	4.366	3.550	0.108	0.000	0.000	90.000	19.125	
9.5520	CO209P20	500	2.110342	0.000625	2021-08-26 22:39:39	13.793	0.000	0.311	4.962	4.834	3.569	0.117	0.000	0.000	90.000	16.265	
10.1310	C1309P34	-1	-1000000.000000	-1.000000	2021-08-26 22:39:41	0.000	0.000	0.000	0.000	0.000	0.000	0.000	0.000	0.000	-1.000	-1.000	
9.5360	CO209P18	500	2.061848	0.000711	2021-08-26 22:40:09	14.011	0.000	0.338	4.448	5.539	3.569	0.116	0.000	0.000	90.000	17.124	
10.1100	C1309P32	500	2.999493	0.001401	2021-08-26 22:40:19	9.783	0.000	0.323	2.165	3.590	3.576	0.129	0.000	0.000	100.000	100.000	
9.5200	CO209P16	500	2.011888	0.000580	2021-08-26 22:40:36	14.812	0.000	0.326	6.244	4.567	3.558	0.117	0.000	0.000	90.000	13.524	
10.1220	O1810R36	-1	-1000000.000000	-1.000000	2021-08-26 22:40:47	0.000	0.000	0.000	0.000	0.000	0.000	0.000	0.000	0.000	-1.000	-1.000	
10.0900	C1309P30	500	2.656194	0.001375	2021-08-26 22:40:48	10.899	0.000	0.321	2.262	4.631	3.569	0.116	0.000	0.000	100.000	100.000	
9.5040	CO209P14	500	1.947382	0.000632	2021-08-26 22:41:01	13.081	0.000	0.327	4.246	4.842	3.558	0.107	0.000	0.000	90.000	16.403	
10.0700	C1309P28	500	3.192005	0.000774	2021-08-26 22:41:13	11.472	0.000	0.319	2.499	4.976	3.554	0.123	0.000	0.000	100.000	100.000	
9.4880	CO209P12	500	1.950073	0.000642	2021-08-26 22:41:40	26.753	0.000	0.311	17.555	5.242	3.535	0.110	0.000	0.000	90.000	12.105	
10.0500	C1309P26	500	3.263436	0.000809	2021-08-26 22:41:51	10.289	0.000	0.322	2.677	3.603	3.571	0.116	0.000	0.000	100.000	100.000	
9.4730	CO209P10	500	1.891759	0.000723	2021-08-26 22:42:07	14.826	0.000	0.315	6.248	4.611	3.545	0.107	0.000	0.000	90.000	15.351	
10.0310	C1309P24	500	3.259262	0.000511	2021-08-26 22:42:19	11.309	0.000	0.315	2.660	4.690	3.535	0.109	0.000	0.000	100.000	100.000	
9.4580	CO209P08	500	1.852094	0.000753	2021-08-26 22:42:34	14.308	0.000	0.324	4.947	5.373	3.556	0.107	0.000	0.000	89.688	14.404	
10.0120	C1309P22	500	3.079014	0.000605	2021-08-26 22:42:46	11.704	0.000	0.314	2.946	4.792	3.544	0.108	0.000	0.000	100.000	100.000	
9.3540	CO209R06	500	1.687051	0.000790	2021-08-26 22:43:02	15.488	0.000	0.333	6.763	4.716	3.558	0.118	0.000	0.000	80.423	0.100	
9.9940	C1309P20	500	3.164533	0.000634	2021-08-26 22:43:13	11.463	0.000	0.320	2.661	4.767	3.598	0.117	0.000	0.000	100.000	100.000	
9.3420	CO209R08	500	1.640154	0.000886	2021-08-26 22:43:26	11.589	0.000	0.326	3.260	4.324	3.562	0.117	0.000	0.000	90.000	0.631	
9.5520	O1809P46	-1	-1000000.000000	-1.000000	2021-08-26 22:43:30	0.000	0.000	0.000	0.000	0.000	0.000	0.000	0.000	0.000	-1.000	-1.000	
9.9750	C1309P18	500	3.123003	0.000549	2021-08-26 22:43:38	11.223	0.000	0.318	3.582	3.647	3.558	0.118	0.000	0.000	90.000	79.138	
9.3290	CO209R10	500	1.607182	0.000768	2021-08-26 22:43:53	13.218	0.000	0.324	4.547	4.658	3.572	0.117	0.000	0.000	71.805	0.100	
9.5360	O1809P44	500	2.052210	0.000646	2021-08-26 22:44:04	10.964	0.000	0.318	3.465	3.466	3.586	0.129	0.000	0.000	80.000	45.289	
9.9570	C1309P16	500	3.103119	0.000768	2021-08-26 22:44:15	11.543	0.000	0.323	2.071	5.455	3.575	0.118	0.000	0.000	100.000	100.000	
9.5190	O1809P42	500	2.010120	0.000598	2021-08-26 22:44:27	11.465	0.000	0.329	4.261	3.219	3.544	0.111	0.000	0.000	80.000	35.434	
9.9400	C1309P14	500	3.054889	0.000762	2021-08-26 22:44:38	11.496	0.000	0.314	2.364	5.112	3.587	0.120	0.001	0.000	100.000	100.000	
9.3170	CO209R12	0	NaN	NaN	2021-08-26 22:44:41	0.418	0.000	0.313	0.103	0.000	0.000	0.002	0.000	0.000	0.100	0.100	
9.5030	O1809P40	500	1.947040	0.000625	2021-08-26 22:44:53	14.105	0.000	0.343	6.562	3.501	3.541	0.157	0.000	0.000	89.375	16.647	
9.9230	C1309P12	500	3.008552	0.000678	2021-08-26 22:45:03	10.117	0.000	0.315	2.461	3.711	3.525	0.105	0.000	0.000	100.000	100.000	
9.3050	CO209R14	500	1.497716	0.000940	2021-08-26 22:45:17	13.279	0.000	0.328	3.981	5.298	3.558	0.114	0.000	0.000	68.133	0.100	
9.4880	O1809P38	500	1.956817	0.000585	2021-08-26 22:45:29	12.581	0.000	0.322	5.051	3.527	3.558	0.123	0.000	0.000	90.000	13.982	
9.9060	C1309P10	500	3.045750	0.000598	2021-08-26 22:45:39	9.859	0.000	0.315	2.677	3.217	3.544	0.106	0.000	0.000	100.000	100.000	
9.2940	CO209R16	500	1.432548	0.001013	2021-08-26 22:45:54	14.296	0.000	0.322	4.964	5.382	3.517	0.111	0.000	0.000	61.048	0.100	
9.4720	O1809P36	500	1.914017	0.000597	2021-08-26 22:46:10	16.361	0.000	0.322	8.461	3.920	3.546	0.112	0.000	0.000	90.000	12.397	
9.2820	CO209R18	500	1.444761	0.001033	2021-08-26 22:46:23	11.978	0.000	0.318	2.963	5.004	3.578	0.116	0.000	0.000	68.489	0.100	
9.4570	O1809P34	500	1.821450	0.000667	2021-08-26 22:46:38	14.486	0.000	0.338	7.060	3.377	3.593	0.118	0.000	0.000	90.000	12.814	
9.2710	CO209R20	500	1.420012	0.001055	2021-08-26 22:46:52	13.619	0.000	0.326	4.779	4.805	3.588	0.121	0.000	0.000	50.209	0.100	
9.4410	O1809P32	500	1.874213	0.000699	2021-08-26 22:47:05	12.073	0.000	0.316	4.448	3.596	3.598	0.115	0.000	0.000	78.282	0.100	
9.2610	CO209R22	500	1.395659	0.000878	2021-08-26 22:47:19	13.255	0.000	0.323	4.077	5.157	3.578	0.119	0.001	0.000	60.108	0.100	
9.4270	O1809P30	500	1.865654	0.000590	2021-08-26 22:47:31	11.642	0.000	0.316	3.861	3.758	3.585	0.122	0.000	0.000	76.333	0.100	
9.7620	C1309R08	-1	-1000000.000000	-1.000000	2021-08-26 22:47:35	0.000	0.000	0.000	0.000	0.000	0.000	0.000	0.000	0.000	-1.000	-1.000	
9.2500	CO209R24	500	1.359921	0.001002	2021-08-26 22:47:47	13.656	0.000	0.330	4.259	5.359	3.594	0.114	0.000	0.000	52.208	0.100	
9.4120	O1809P28	500	1.792589	0.000650	2021-08-26 22:47:59	11.421	0.000	0.313	3.562	3.818	3.608	0.120	0.000	0.000	64.627	0.100	
9.7490	C1309R10	500	2.656869	0.000993	2021-08-26 22:48:11	11.910	0.000	0.317	2.753	5.129	3.592	0.119	0.000	0.000	100.000	100.000	
9.3970	O1809P26	500	1.762343	0.000620	2021-08-26 22:48:23	12.176	0.000	0.344	4.483	3.648	3.586	0.113	0.000	0.000	57.040	0.100	
9.7360	C1309R12	500	2.403501	0.001685	2021-08-26 22:48:35	11.614	0.000	0.334	2.566	5.061	3.543	0.111	0.000	0.000	100.000	100.000	
9.3830	O1809P24	500	1.578162	0.000743	2021-08-26 22:48:46	11.170	0.000	0.327	3.764	3.405	3.555	0.120	0.000	0.000	59.157	0.100	
9.7230	C1309R14	500	2.533445	0.000730	2021-08-26 22:48:59	12.228	0.000	0.321	2.645	5.554	3.587	0.120	0.000	0.000	100.000	100.000	
9.3690	O1809P22	500	1.676594	0.000750	2021-08-26 22:49:10	11.477	0.000	0.327	4.177	3.321	3.537	0.115	0.000	0.000	49.589	0.100	
9.7100	C1309R16	500	2.564744	0.000629	2021-08-26 22:49:22	12.435	0.000	0.313	2.700	5.714	3.590	0.117	0.000	0.000	100.000	100.000	
9.3550	O1809P20	500	1.679498	0.000737	2021-08-26 22:49:35	12.341	0.000	0.314	5.061	3.296	3.567	0.103	0.000	0.000	44.280	0.100	
9.2400	CO209R26	500	1.332727	0.001041	2021-08-26 22:49:48	13.133	0.000	0.321	3.844	5.331	3.528	0.109	0.000	0.000	44.628	0.100	
9.3410	O1809P18	500	1.625804	0.000725	2021-08-26 22:50:00	11.631	0.000	0.310	4.084	3.586	3.540	0.110	0.000	0.000	44.788	0.100	
9.6980	C1309R18	500	2.505927	0.001106	2021-08-26 22:50:11	10.549	0.000	0.322	2.661	3.887	3.561	0.118	0.000	0.000	100.000	100.000	
9.3280	O1809P16	500	1.590285	0.000773	2021-08-26 22:50:23	11.645	0.000	0.336	4.045	3.538	3.604	0.122	0.000	0.000	49.348	0.100	
9.6860	C1309R20	500	2.330408	0.001083	2021-08-26 22:50:34	11.392	0.000	0.326	2.668	4.737	3.550	0.110	0.000	0.000	100.000	100.000	
9.3150	O1809P14	500	1.558003	0.000874	2021-08-26 22:50:46	11.980	0.000	0.327	4.776	3.290	3.486	0.082	0.019	0.000	47.602	0.100	
9.6750	C1309R22	500	2.188626	0.001314	2021-08-26 22:50:57	11.019	0.000	0.321	2.648	4.370	3.566	0.114	0.000	0.000	100.000	100.000	
9.3020	O1809P12	500	1.500376	0.000748	2021-08-26 22:51:10	12.123	0.000	0.336	4.746	3.378	3.555	0.107	0.000	0.000	51.501	0.100	
9.2300	CO209R28	500	1.295333	0.000992	2021-08-26 22:51:23	12.784	0.000	0.331	4.563	4.252	3.532	0.106	0.000	0.000	52.160	0.100	
9.2890	O1809P10	500	1.482423	0.000781	2021-08-26 22:51:34	10.919	0.000	0.316	3.545	3.394	3.555	0.109	0.000	0.000	49.062	0.100	
9.6630	C1309R24	500	2.388749	0.001294	2021-08-26 22:51:46	11.869	0.000	0.341	2.750	5.088	3.571	0.117	0.000	0.000	100.000	100.000	
9.2760	O1809P08	500	1.434758	0.000751	2021-08-26 22:51:59	12.590	0.000	0.324	5.249	3.328	3.574	0.114	0.000	0.000	54.960	0.100	
9.6520	C1309R26	500	2.347723	0.001185	2021-08-26 22:52:10	11.135	0.000	0.320	2.665	4.508	3.534	0.108	0.000	0.000	100.000	100.000	
9.2640	O1809P06	500	1.405642	0.000734	2021-08-26 22:52:22	12.463	0.000	0.320	4.869	3.628	3.539	0.107	0.000	0.000	60.744	0.100	
9.6420	C1309R28	500	2.270514	0.001096	2021-08-26 22:52:35	12.119	0.000	0.324	2.552	5.441	3.633	0.167	0.000	0.000	100.000	100.000	
9.1990	O1809R04	500	1.197026	0.000928	2021-08-26 22:52:47	11.859	0.000	0.327	4.494	3.345	3.565	0.128	0.000	0.000	90.000	21.344	
9.2190	CO209R30	500	1.071549	0.001439	2021-08-26 22:53:00	13.199	0.000	0.322	4.068	5.149	3.543	0.117	0.000	0.000	67.350	0.100	
9.1870	O1809R06	500	1.116051	0.001061	2021-08-26 22:53:10	9.953	0.000	0.311	2.003	3.955	3.566	0.118	0.000	0.000	80.000	0.100	
9.2100	CO209R32	500	1.236088	0.001137	2021-08-26 22:53:26	12.210	0.000	0.317	2.862	5.392	3.531	0.109	0.000	0.000	58.577	0.100	
9.1760	O1809R08	500	1.116304	0.001126	2021-08-26 22:53:36	10.559	0.000	0.320	3.177	3.410	3.540	0.112	0.000	0.000	41.743	0.100	
9.2010	CO209R34	500	1.236257	0.000998	2021-08-26 22:53:54	14.157	0.000	0.317	4.997	5.200	3.534	0.109	0.000	0.000	80.466	0.100	
9.1660	O1809R10	500	1.054457	0.001287	2021-08-26 22:54:06	11.935	0.000	0.316	4.376	3.563	3.571	0.108	0.000	0.000	36.407	0.100	
9.1550	O1809R12	500	1.057214	0.001035	2021-08-26 22:54:32	9.667	0.000	0.331	2.067	3.635	3.531	0.104	0.000	0.000	30.177	0.100	
9.6310	C1309R30	-1	-1000000.000000	-1.000000	2021-08-26 22:54:46	0.000	0.000	0.000	0.000	0.000	0.000	0.000	0.000	0.000	-1.000	-1.000	
10.8110	CO210P40	500	1.622139	0.001923	2021-08-26 22:54:50	10.720	0.000	0.322	2.243	4.464	3.570	0.120	0.000	0.000	100.000	100.000	
9.1450	O1809R14	500	1.050581	0.001198	2021-08-26 22:55:03	13.372	0.000	0.322	5.263	4.069	3.599	0.118	0.000	0.000	35.109	0.100	
9.3170	CO209R12	0	NaN	NaN	2021-08-26 22:55:39	27.412	0.000	0.324	7.658	2.221	17.206	0.002	0.000	0.000	0.100	0.100	
9.1340	O1809R16	500	0.997229	0.001301	2021-08-26 22:55:49	10.483	0.000	0.328	3.070	3.402	3.526	0.157	0.000	0.000	28.343	0.100	
9.1250	O1809R18	500	1.003153	0.001150	2021-08-26 22:56:14	11.386	0.000	0.313	4.144	3.286	3.535	0.107	0.000	0.000	31.871	0.100	
9.6210	C1309R32	-1	-1000000.000000	-1.000000	2021-08-26 22:56:38	0.000	0.000	0.000	0.000	0.000	0.000	0.000	0.000	0.000	-1.000	-1.000	
9.1150	O1809R20	500	1.003193	0.001120	2021-08-26 22:56:39	11.582	0.000	0.311	4.167	3.430	3.569	0.105	0.000	0.000	28.936	0.100	
9.1050	O1809R22	500	0.977363	0.001515	2021-08-26 22:57:12	18.013	0.000	0.332	4.088	4.187	9.305	0.101	0.000	0.000	34.427	0.100	
9.0950	O1809R24	500	0.977997	0.001310	2021-08-26 22:57:38	10.805	0.000	0.325	3.445	3.350	3.570	0.115	0.000	0.000	29.217	0.100	
9.0860	O1809R26	500	0.933299	0.001216	2021-08-26 22:58:02	10.468	0.000	0.327	2.962	3.528	3.544	0.107	0.000	0.000	21.262	0.100	
9.6110	C1309R34	-1	-1000000.000000	-1.000000	2021-08-26 22:58:23	0.000	0.000	0.000	0.000	0.000	0.000	0.000	0.000	0.000	-1.000	-1.000	
9.0770	O1809R28	500	0.904880	0.001631	2021-08-26 22:58:28	10.894	0.000	0.320	3.264	3.619	3.576	0.115	0.000	0.000	24.131	0.100	
9.0680	O1809R30	500	0.881072	0.001497	2021-08-26 22:58:55	11.457	0.000	0.329	3.882	3.568	3.568	0.110	0.000	0.000	22.696	0.100	
9.0590	O1809R32	500	0.841571	0.001649	2021-08-26 22:59:21	11.192	0.000	0.320	3.751	3.464	3.551	0.105	0.000	0.000	23.096	0.100	
9.0510	O1809R34	500	0.813306	0.001437	2021-08-26 22:59:47	11.620	0.000	0.315	4.094	3.561	3.549	0.101	0.001	0.000	30.175	0.100	
9.0420	O1809R36	500	0.791072	0.001539	2021-08-26 23:00:14	12.064	0.000	0.323	4.294	3.797	3.538	0.111	0.000	0.000	33.127	0.100	
11.2390	C1310P28	511	1.031409	0.005649	2021-08-26 23:00:40	24.182	0.000	0.323	2.261	13.184	8.312	0.101	0.000	0.000	100.000	100.000	
9.0340	O1809R38	500	0.739572	0.001596	2021-08-26 23:00:53	12.356	0.000	0.319	4.961	3.409	3.553	0.114	0.000	0.000	30.382	0.100	
9.0260	O1809R40	500	0.745857	0.002090	2021-08-26 23:01:17	10.401	0.000	0.339	2.964	3.427	3.561	0.109	0.000	0.000	74.109	0.100	
10.1520	C1309P36	-1	-1000000.000000	-1.000000	2021-08-26 23:02:42	0.000	0.000	0.000	0.000	0.000	0.000	0.000	0.000	0.000	-1.000	-1.000	
9.0180	O1809R42	-1	-1000000.000000	-1.000000	2021-08-26 23:04:07	0.000	0.000	0.000	0.000	0.000	0.000	0.000	0.000	0.000	-1.000	-1.000	
10.6640	O1810P36	500	2.142184	0.000721	2021-08-26 23:04:37	9.554	0.000	0.313	2.260	3.347	3.532	0.101	0.000	0.000	100.000	100.000	
10.1310	C1309P34	-1	-1000000.000000	-1.000000	2021-08-26 23:04:43	0.000	0.000	0.000	0.000	0.000	0.000	0.000	0.000	0.000	-1.000	-1.000	
10.6430	O1810P34	500	2.199681	0.000926	2021-08-26 23:05:03	9.474	0.000	0.328	1.962	3.543	3.542	0.099	0.000	0.000	100.000	100.000	
10.6220	O1810P32	500	2.247953	0.000619	2021-08-26 23:05:30	11.558	0.000	0.336	3.877	3.659	3.575	0.111	0.000	0.000	90.000	91.814	
9.7620	C1309R08	-1	-1000000.000000	-1.000000	2021-08-26 23:06:40	0.000	0.000	0.000	0.000	0.000	0.000	0.000	0.000	0.000	-1.000	-1.000	
10.1310	O1810R34	-1	-1000000.000000	-1.000000	2021-08-26 23:08:06	0.000	0.000	0.000	0.000	0.000	0.000	0.000	0.000	0.000	-1.000	-1.000	
9.6310	C1309R30	500	2.263372	0.001516	2021-08-26 23:08:35	104.643	0.000	0.341	8.349	75.047	20.756	0.149	0.000	0.000	100.000	100.000	
10.1220	O1810R36	-1	-1000000.000000	-1.000000	2021-08-26 23:10:41	0.000	0.000	0.000	0.000	0.000	0.000	0.000	0.000	0.000	-1.000	-1.000	
9.6210	C1309R32	0	NaN	NaN	2021-08-26 23:12:31	116.083	0.000	0.317	8.424	84.423	22.917	0.002	0.000	0.000	100.000	100.000	
9.5520	O1809P46	-1	-1000000.000000	-1.000000	2021-08-26 23:13:19	0.000	0.000	0.000	0.000	0.000	0.000	0.000	0.000	0.000	-1.000	-1.000	
9.6110	C1309R34	500	2.192582	0.009799	2021-08-26 23:14:44	13.752	0.000	0.318	4.781	4.947	3.547	0.159	0.000	0.000	100.000	100.000	
9.0180	O1809R42	-1	-1000000.000000	-1.000000	2021-08-26 23:15:51	0.000	0.000	0.000	0.000	0.000	0.000	0.000	0.000	0.000	-1.000	-1.000	
