Wavelength	Line name	# of completed ringdowns	Ringdowntimes (us)	STOT	TimeStamp	Get ringdown time (s)	Step time (s)	Step time (s)	Step time(s)	Step time(s) 	Step time(s) 	Step time(s)	Step time(s)	Step time(s) 	AOM setting	Attenuator setting
10.8110	CO210P40	-1	1.652666	0.001422	2021-08-26 22:13:57	0.000	0.000	0.000	0.000	0.000	0.000	0.000	0.000	0.000	-1.000	-1.000	
10.7870	CO210P38	500	1.845736	0.001708	2021-08-26 22:14:25	11.803	0.000	0.340	2.385	5.308	3.608	0.158	0.004	0.000	100.000	100.000	
10.7640	CO210P36	500	1.864004	0.001815	2021-08-26 22:14:54	11.515	0.000	0.314	2.366	5.158	3.558	0.119	0.000	0.000	100.000	100.000	
10.7410	CO210P34	500	1.912891	0.001782	2021-08-26 22:15:23	10.952	0.000	0.318	2.360	4.567	3.594	0.114	0.000	0.000	100.000	100.000	
10.7190	CO210P32	500	1.954551	0.000826	2021-08-26 22:15:54	12.885	0.000	0.316	2.325	6.560	3.572	0.110	0.000	0.000	100.000	100.000	
11.2390	C1310P28	-1	1.076340	0.013546	2021-08-26 22:16:10	0.000	0.000	0.000	0.000	0.000	0.000	0.000	0.000	0.000	-1.000	-1.000	
10.6960	CO210P30	500	2.121978	0.000484	2021-08-26 22:16:24	11.625	0.000	0.313	2.361	5.255	3.579	0.117	0.000	0.000	100.000	100.000	
10.6640	O1810P36	-1	2.161964	0.001320	2021-08-26 22:16:49	0.000	0.000	0.000	0.000	0.000	0.000	0.000	0.000	0.000	-1.000	-1.000	
11.2160	C1310P26	500	1.048119	0.003340	2021-08-26 22:16:51	9.586	0.000	0.322	2.144	3.430	3.563	0.127	0.000	0.000	100.000	100.000	
10.6750	CO210P28	509	2.173689	0.002027	2021-08-26 22:17:15	23.807	0.000	0.337	2.416	12.300	8.642	0.111	0.000	0.000	100.000	100.000	
11.1940	C1310P24	500	0.888491	0.007236	2021-08-26 22:17:26	11.439	0.000	0.328	2.263	5.168	3.554	0.126	0.000	0.000	100.000	100.000	
10.6530	CO210P26	524	2.217829	0.002600	2021-08-26 22:17:55	25.694	0.000	0.315	2.378	14.683	8.209	0.109	0.000	0.000	100.000	100.000	
11.1710	C1310P22	500	1.132411	0.009344	2021-08-26 22:18:19	23.857	0.000	0.312	2.482	11.567	9.392	0.103	0.000	0.000	100.000	100.000	
10.6320	CO210P24	500	2.270541	0.005716	2021-08-26 22:18:30	11.123	0.000	0.318	2.351	4.778	3.551	0.124	0.000	0.000	100.000	100.000	
11.1490	C1310P20	500	1.159493	0.007428	2021-08-26 22:18:45	10.072	0.000	0.344	2.644	3.423	3.547	0.114	0.000	0.000	100.000	100.000	
10.6110	CO210P22	500	2.315306	0.002886	2021-08-26 22:18:55	9.947	0.000	0.318	1.364	4.548	3.599	0.118	0.000	0.000	100.000	100.000	
10.6430	O1810P34	-1	2.220211	0.000502	2021-08-26 22:19:27	0.000	0.000	0.000	0.000	0.000	0.000	0.000	0.000	0.000	-1.000	-1.000	
11.1280	C1310P18	516	1.178616	0.002228	2021-08-26 22:19:47	47.210	0.000	0.317	4.628	22.921	19.229	0.115	0.000	0.000	100.000	100.000	
10.5910	CO210P20	500	2.355819	0.003735	2021-08-26 22:19:57	10.085	0.000	0.322	1.550	4.597	3.513	0.081	0.022	0.000	100.000	100.000	
11.1070	C1310P16	500	1.204134	0.004650	2021-08-26 22:20:10	9.024	0.000	0.313	2.483	2.601	3.527	0.101	0.000	0.000	100.000	100.000	
10.5710	CO210P18	500	2.343978	0.004061	2021-08-26 22:20:22	10.678	0.000	0.327	1.351	5.335	3.558	0.107	0.000	0.000	100.000	100.000	
11.0860	C1310P14	500	1.244715	0.000640	2021-08-26 22:20:34	10.166	0.000	0.327	2.047	4.103	3.568	0.121	0.000	0.000	100.000	100.000	
10.5510	CO210P16	500	2.407823	0.002373	2021-08-26 22:20:47	10.203	0.000	0.329	1.366	4.772	3.614	0.121	0.000	0.000	100.000	100.000	
11.0650	C1310P12	500	1.219011	0.001901	2021-08-26 22:20:58	10.839	0.000	0.318	1.864	4.992	3.558	0.107	0.000	0.000	100.000	100.000	
10.6220	O1810P32	-1	2.271358	0.001093	2021-08-26 22:21:04	0.000	0.000	0.000	0.000	0.000	0.000	0.000	0.000	0.000	-1.000	-1.000	
10.5320	CO210P14	500	2.378138	0.003988	2021-08-26 22:21:13	10.806	0.000	0.322	2.196	4.618	3.555	0.114	0.000	0.000	100.000	100.000	
11.0450	C1310P10	500	1.103866	0.002392	2021-08-26 22:21:23	9.206	0.000	0.327	1.373	3.850	3.545	0.111	0.000	0.000	100.000	100.000	
10.6020	O1810P30	500	2.345837	0.001139	2021-08-26 22:21:32	9.681	0.000	0.315	2.179	3.474	3.585	0.128	0.000	0.000	100.000	100.000	
10.5130	CO210P12	500	2.478939	0.006280	2021-08-26 22:21:43	10.685	0.000	0.326	1.750	4.911	3.581	0.116	0.000	0.000	100.000	100.000	
11.0250	C1310P08	500	1.284095	0.000883	2021-08-26 22:21:54	11.126	0.000	0.328	2.168	5.029	3.503	0.076	0.022	0.000	100.000	100.000	
10.5820	O1810P28	500	2.358340	0.000905	2021-08-26 22:22:04	9.089	0.000	0.342	2.180	2.895	3.564	0.108	0.000	0.000	100.000	100.000	
10.4940	CO210P10	500	2.509560	0.002217	2021-08-26 22:22:14	9.800	0.000	0.327	1.363	4.452	3.550	0.108	0.000	0.000	100.000	100.000	
11.0050	C1310P06	500	1.309694	0.004434	2021-08-26 22:22:24	9.973	0.000	0.328	1.480	4.480	3.567	0.118	0.000	0.000	100.000	100.000	
10.5630	O1810P26	500	2.411634	0.000564	2021-08-26 22:22:36	12.046	0.000	0.315	5.081	2.921	3.577	0.149	0.003	0.000	87.037	77.915	
10.4760	CO210P08	500	2.550643	0.004972	2021-08-26 22:22:47	10.803	0.000	0.316	1.752	5.044	3.574	0.116	0.000	0.000	100.000	100.000	
10.8840	C1310R06	500	1.541308	0.001451	2021-08-26 22:23:01	13.598	0.000	0.324	4.567	5.061	3.524	0.121	0.000	0.000	100.000	100.000	
10.5430	O1810P24	500	2.340450	0.001108	2021-08-26 22:23:12	11.336	0.000	0.328	3.666	3.724	3.511	0.088	0.018	0.000	90.000	88.519	
10.4580	CO210P06	500	2.580947	0.003433	2021-08-26 22:23:24	11.171	0.000	0.331	1.761	5.430	3.543	0.106	0.000	0.000	100.000	100.000	
10.8670	C1310R08	500	1.608985	0.002010	2021-08-26 22:23:34	10.049	0.000	0.326	1.366	4.654	3.594	0.109	0.000	0.000	100.000	100.000	
10.5250	O1810P22	500	2.451715	0.000395	2021-08-26 22:23:44	10.493	0.000	0.319	3.045	3.469	3.546	0.113	0.000	0.000	85.000	83.759	
10.3650	CO210R04	500	2.594634	0.000892	2021-08-26 22:23:57	12.888	0.000	0.312	4.078	4.809	3.567	0.121	0.000	0.000	100.000	100.000	
10.5060	O1810P20	500	2.379309	0.000868	2021-08-26 22:24:08	10.390	0.000	0.327	3.664	2.763	3.533	0.081	0.021	0.000	88.801	87.361	
10.8500	C1310R10	500	1.637153	0.001407	2021-08-26 22:24:18	10.404	0.000	0.325	2.752	3.656	3.565	0.105	0.000	0.000	99.483	100.000	
10.3490	CO210R06	500	2.447193	0.000745	2021-08-26 22:24:29	11.076	0.000	0.323	2.462	4.647	3.538	0.105	0.000	0.000	90.000	87.328	
10.4880	O1810P18	500	2.438592	0.000630	2021-08-26 22:24:41	11.053	0.000	0.318	3.663	3.359	3.591	0.122	0.000	0.000	80.000	80.000	
10.3340	CO210R08	500	2.536506	0.000561	2021-08-26 22:24:52	10.835	0.000	0.329	2.647	4.185	3.565	0.109	0.000	0.000	90.000	65.808	
10.8330	C1310R12	500	1.703409	0.002342	2021-08-26 22:25:01	8.745	0.000	0.325	1.746	2.969	3.588	0.118	0.000	0.000	100.000	100.000	
10.4710	O1810P16	500	2.570691	0.001000	2021-08-26 22:25:12	11.377	0.000	0.316	3.453	3.971	3.527	0.110	0.000	0.000	90.000	80.454	
10.3180	CO210R10	500	2.833135	0.000350	2021-08-26 22:25:24	11.930	0.000	0.318	3.549	4.373	3.574	0.117	0.000	0.000	87.500	43.488	
10.4530	O1810P14	500	2.592956	0.001307	2021-08-26 22:25:35	11.224	0.000	0.313	4.045	3.158	3.588	0.119	0.000	0.000	90.007	93.439	
10.8160	C1310R14	500	1.746174	0.003018	2021-08-26 22:25:46	10.534	0.000	0.342	2.463	4.036	3.573	0.120	0.000	0.000	100.000	100.000	
10.3030	CO210R12	500	2.805357	0.000462	2021-08-26 22:25:59	12.733	0.000	0.312	3.645	5.065	3.589	0.121	0.000	0.000	88.750	46.337	
10.4360	O1810P12	500	2.624651	0.000345	2021-08-26 22:26:11	11.617	0.000	0.324	4.192	3.452	3.536	0.112	0.000	0.000	90.000	90.736	
10.8000	C1310R16	500	1.790019	0.002037	2021-08-26 22:26:20	9.534	0.000	0.325	1.952	3.574	3.566	0.116	0.000	0.000	100.000	100.000	
10.2890	CO210R14	500	2.804854	0.000389	2021-08-26 22:26:36	15.900	0.000	0.340	7.046	4.831	3.563	0.119	0.000	0.000	84.547	35.191	
10.4200	O1810P10	500	2.642835	0.001808	2021-08-26 22:26:48	11.312	0.000	0.324	3.561	3.737	3.570	0.119	0.000	0.000	90.000	82.733	
10.2740	CO210R16	500	2.924716	0.000548	2021-08-26 22:27:04	16.040	0.000	0.342	6.986	5.004	3.589	0.119	0.000	0.000	87.747	40.754	
10.4040	O1810P08	500	2.674129	0.000548	2021-08-26 22:27:13	9.109	0.000	0.337	1.951	3.098	3.601	0.121	0.000	0.000	100.000	100.000	
10.7840	C1310R18	500	1.653970	0.009259	2021-08-26 22:27:24	10.304	0.000	0.321	2.364	3.922	3.579	0.118	0.000	0.000	100.000	100.000	
10.2600	CO210R18	500	3.003174	0.000401	2021-08-26 22:27:36	12.428	0.000	0.317	2.970	5.450	3.576	0.115	0.000	0.000	85.000	39.322	
10.7680	C1310R20	516	1.802735	0.000551	2021-08-26 22:28:00	22.819	0.000	0.319	3.080	9.983	9.313	0.123	0.000	0.000	100.000	100.000	
10.2470	CO210R20	500	2.686439	0.000399	2021-08-26 22:28:12	12.185	0.000	0.325	3.263	4.971	3.512	0.114	0.000	0.000	88.195	47.022	
10.7530	C1310R22	500	1.826420	0.001781	2021-08-26 22:28:23	10.278	0.000	0.325	2.165	4.063	3.600	0.124	0.000	0.000	100.000	100.000	
10.2780	O1810R08	500	2.967764	0.000768	2021-08-26 22:28:35	9.733	0.000	0.326	2.270	3.422	3.590	0.126	0.000	0.000	100.000	100.000	
10.2330	CO210R22	500	3.042095	0.000348	2021-08-26 22:28:48	12.958	0.000	0.322	3.384	5.582	3.562	0.108	0.000	0.000	88.503	44.088	
10.2650	O1810R10	500	2.986961	0.001283	2021-08-26 22:28:57	8.672	0.000	0.325	1.953	2.694	3.578	0.121	0.000	0.000	100.000	100.000	
10.7380	C1310R24	500	1.824261	0.001177	2021-08-26 22:29:07	10.381	0.000	0.318	2.465	3.912	3.576	0.110	0.000	0.000	100.000	100.000	
10.2200	CO210R24	500	3.068431	0.000607	2021-08-26 22:29:19	11.594	0.000	0.311	2.951	4.657	3.563	0.111	0.000	0.000	87.006	50.214	
10.2520	O1810R12	500	3.019344	0.000455	2021-08-26 22:29:30	11.181	0.000	0.322	3.665	3.511	3.574	0.108	0.000	0.000	80.949	78.460	
10.2070	CO210R26	500	3.097817	0.000283	2021-08-26 22:29:44	13.382	0.000	0.318	3.853	5.512	3.579	0.120	0.000	0.000	86.049	44.780	
10.2400	O1810R14	500	3.060120	0.000712	2021-08-26 22:29:55	10.595	0.000	0.331	3.980	2.598	3.573	0.114	0.000	0.000	90.000	79.100	
10.7230	C1310R26	500	1.965934	0.003985	2021-08-26 22:30:05	9.874	0.000	0.315	2.053	3.830	3.566	0.110	0.000	0.000	100.000	100.000	
10.1950	CO210R28	500	3.132076	0.001454	2021-08-26 22:30:19	14.493	0.000	0.315	6.151	4.316	3.595	0.116	0.000	0.000	84.967	41.792	
10.2280	O1810R16	500	3.068053	0.000353	2021-08-26 22:30:30	10.746	0.000	0.318	3.360	3.412	3.546	0.108	0.000	0.000	87.500	67.183	
10.7080	C1310R28	500	2.039149	0.001847	2021-08-26 22:30:39	9.002	0.000	0.370	1.776	3.168	3.567	0.119	0.000	0.000	100.000	100.000	
10.1820	CO210R30	500	3.141486	0.000624	2021-08-26 22:30:52	13.081	0.000	0.322	3.652	5.450	3.544	0.113	0.000	0.000	88.750	53.292	
10.2160	O1810R18	500	3.107072	0.000840	2021-08-26 22:31:03	10.267	0.000	0.314	3.264	3.017	3.563	0.108	0.000	0.000	80.000	80.000	
10.6940	C1310R30	500	2.086773	0.000646	2021-08-26 22:31:13	10.452	0.000	0.314	1.667	4.881	3.505	0.073	0.014	0.000	100.000	100.000	
10.1700	CO210R32	500	3.168395	0.000567	2021-08-26 22:31:25	11.664	0.000	0.329	2.769	4.933	3.532	0.100	0.000	0.000	70.000	70.000	
10.2040	O1810R20	500	3.128061	0.000242	2021-08-26 22:31:37	12.208	0.000	0.317	4.846	3.402	3.537	0.106	0.000	0.000	86.414	65.694	
10.1590	CO210R34	500	3.135539	0.000293	2021-08-26 22:31:49	11.210	0.000	0.320	2.546	4.659	3.572	0.112	0.000	0.000	85.000	56.655	
10.6800	C1310R32	500	2.129492	0.002230	2021-08-26 22:31:59	9.908	0.000	0.319	2.366	3.539	3.566	0.118	0.000	0.000	100.000	100.000	
10.1930	O1810R22	500	3.148178	0.000745	2021-08-26 22:32:11	11.748	0.000	0.319	4.047	3.679	3.584	0.119	0.000	0.000	76.667	67.055	
10.1470	CO210R36	500	3.161902	0.000412	2021-08-26 22:32:22	11.462	0.000	0.344	2.453	4.955	3.587	0.123	0.000	0.000	70.000	70.000	
10.1820	O1810R24	500	3.137155	0.000326	2021-08-26 22:32:33	10.482	0.000	0.329	2.961	3.478	3.595	0.117	0.000	0.000	85.000	61.385	
10.6660	C1310R34	500	2.154405	0.000418	2021-08-26 22:32:43	10.287	0.000	0.311	1.855	4.425	3.575	0.120	0.000	0.000	100.000	100.000	
10.1360	CO210R38	500	3.120188	0.000381	2021-08-26 22:32:55	11.960	0.000	0.323	2.447	5.539	3.543	0.107	0.000	0.000	90.000	72.574	
10.1710	O1810R26	500	3.179068	0.000342	2021-08-26 22:33:07	11.617	0.000	0.336	3.955	3.651	3.562	0.113	0.000	0.000	88.844	77.587	
10.6520	C1310R36	500	2.203169	0.002658	2021-08-26 22:33:16	8.764	0.000	0.324	1.686	3.044	3.589	0.119	0.001	0.000	100.000	100.000	
10.1250	CO210R40	500	3.095984	0.000582	2021-08-26 22:33:28	12.503	0.000	0.325	3.592	4.891	3.575	0.120	0.000	0.000	100.000	100.000	
10.1610	O1810R28	500	3.136325	0.000914	2021-08-26 22:33:39	10.840	0.000	0.320	4.261	2.618	3.532	0.108	0.000	0.000	76.667	70.317	
10.6390	C1310R38	500	2.235200	0.001451	2021-08-26 22:33:49	9.069	0.000	0.311	1.876	3.242	3.529	0.112	0.000	0.000	100.000	100.000	
9.7530	CO209P42	500	2.768533	0.000579	2021-08-26 22:34:06	17.170	0.000	0.328	8.063	5.074	3.584	0.120	0.000	0.000	90.000	76.380	
10.1500	O1810R30	500	3.178520	0.000476	2021-08-26 22:34:19	13.189	0.000	0.325	5.467	3.745	3.541	0.111	0.000	0.000	90.287	95.301	
9.7330	CO209P40	500	2.496132	0.000521	2021-08-26 22:34:31	11.796	0.000	0.316	2.846	4.978	3.542	0.113	0.000	0.000	85.000	63.574	
10.1410	O1810R32	500	3.138635	0.000266	2021-08-26 22:34:47	15.328	0.000	0.314	2.783	2.764	9.349	0.117	0.000	0.000	100.000	100.000	
10.6260	C1310R40	500	2.230581	0.002387	2021-08-26 22:34:57	10.152	0.000	0.319	1.362	4.835	3.528	0.108	0.000	0.000	100.000	100.000	
9.7140	CO209P38	500	2.569742	0.000392	2021-08-26 22:35:11	13.939	0.000	0.341	4.699	5.190	3.591	0.118	0.000	0.000	84.074	49.817	
9.6950	CO209P36	500	2.521338	0.001304	2021-08-26 22:35:42	13.535	0.000	0.323	4.051	5.524	3.529	0.108	0.000	0.000	81.111	52.376	
9.6750	CO209P34	500	2.230366	0.000415	2021-08-26 22:36:10	12.046	0.000	0.314	2.666	5.421	3.537	0.108	0.000	0.000	90.000	42.366	
9.6570	CO209P32	500	2.432629	0.000810	2021-08-26 22:36:41	15.006	0.000	0.340	6.646	4.367	3.547	0.106	0.000	0.000	89.220	30.243	
9.6390	CO209P30	500	2.317363	0.000395	2021-08-26 22:37:10	12.098	0.000	0.323	3.064	5.058	3.546	0.106	0.000	0.000	85.000	26.368	
10.1520	C1309P36	-1	-1000000.000000	-1.000000	2021-08-26 22:37:23	0.000	0.000	0.000	0.000	0.000	0.000	0.000	0.000	0.000	-1.000	-1.000	
9.6210	CO209P28	500	2.275814	0.000358	2021-08-26 22:37:38	12.535	0.000	0.312	4.061	4.415	3.589	0.153	0.005	0.000	89.688	23.172	
10.1310	O1810R34	-1	-1000000.000000	-1.000000	2021-08-26 22:37:51	0.000	0.000	0.000	0.000	0.000	0.000	0.000	0.000	0.000	-1.000	-1.000	
9.6040	CO209P26	500	2.278227	0.000442	2021-08-26 22:38:09	13.322	0.000	0.317	4.094	5.259	3.545	0.107	0.000	0.000	90.000	20.539	
9.5880	CO209P24	500	2.231177	0.000271	2021-08-26 22:38:40	14.839	0.000	0.326	6.079	4.747	3.569	0.118	0.000	0.000	82.881	18.874	
9.5690	CO209P22	500	2.172384	0.000578	2021-08-26 22:39:08	12.410	0.000	0.319	4.068	4.366	3.550	0.108	0.000	0.000	90.000	19.125	
9.5520	CO209P20	500	2.134058	0.000612	2021-08-26 22:39:39	13.793	0.000	0.311	4.962	4.834	3.569	0.117	0.000	0.000	90.000	16.265	
10.1310	C1309P34	-1	-1000000.000000	-1.000000	2021-08-26 22:39:41	0.000	0.000	0.000	0.000	0.000	0.000	0.000	0.000	0.000	-1.000	-1.000	
9.5360	CO209P18	500	2.087416	0.000776	2021-08-26 22:40:09	14.011	0.000	0.338	4.448	5.539	3.569	0.116	0.000	0.000	90.000	17.124	
10.1100	C1309P32	500	3.016324	0.001508	2021-08-26 22:40:19	9.783	0.000	0.323	2.165	3.590	3.576	0.129	0.000	0.000	100.000	100.000	
9.5200	CO209P16	500	2.036534	0.000445	2021-08-26 22:40:36	14.812	0.000	0.326	6.244	4.567	3.558	0.117	0.000	0.000	90.000	13.524	
10.1220	O1810R36	-1	-1000000.000000	-1.000000	2021-08-26 22:40:47	0.000	0.000	0.000	0.000	0.000	0.000	0.000	0.000	0.000	-1.000	-1.000	
10.0900	C1309P30	500	2.674988	0.000697	2021-08-26 22:40:48	10.899	0.000	0.321	2.262	4.631	3.569	0.116	0.000	0.000	100.000	100.000	
9.5040	CO209P14	500	1.974270	0.000472	2021-08-26 22:41:01	13.081	0.000	0.327	4.246	4.842	3.558	0.107	0.000	0.000	90.000	16.403	
10.0700	C1309P28	500	3.204663	0.000454	2021-08-26 22:41:13	11.472	0.000	0.319	2.499	4.976	3.554	0.123	0.000	0.000	100.000	100.000	
9.4880	CO209P12	500	1.973908	0.000731	2021-08-26 22:41:40	26.753	0.000	0.311	17.555	5.242	3.535	0.110	0.000	0.000	90.000	12.105	
10.0500	C1309P26	500	3.273501	0.000967	2021-08-26 22:41:51	10.289	0.000	0.322	2.677	3.603	3.571	0.116	0.000	0.000	100.000	100.000	
9.4730	CO209P10	500	1.917083	0.000330	2021-08-26 22:42:07	14.826	0.000	0.315	6.248	4.611	3.545	0.107	0.000	0.000	90.000	15.351	
10.0310	C1309P24	500	3.270041	0.001374	2021-08-26 22:42:19	11.309	0.000	0.315	2.660	4.690	3.535	0.109	0.000	0.000	100.000	100.000	
9.4580	CO209P08	500	1.876448	0.000374	2021-08-26 22:42:34	14.308	0.000	0.324	4.947	5.373	3.556	0.107	0.000	0.000	89.688	14.404	
10.0120	C1309P22	500	3.094360	0.000796	2021-08-26 22:42:46	11.704	0.000	0.314	2.946	4.792	3.544	0.108	0.000	0.000	100.000	100.000	
9.3540	CO209R06	500	1.716427	0.000633	2021-08-26 22:43:02	15.488	0.000	0.333	6.763	4.716	3.558	0.118	0.000	0.000	80.423	0.100	
9.9940	C1309P20	500	3.183134	0.002005	2021-08-26 22:43:13	11.463	0.000	0.320	2.661	4.767	3.598	0.117	0.000	0.000	100.000	100.000	
9.3420	CO209R08	500	1.667082	0.000670	2021-08-26 22:43:26	11.589	0.000	0.326	3.260	4.324	3.562	0.117	0.000	0.000	90.000	0.631	
9.5520	O1809P46	-1	-1000000.000000	-1.000000	2021-08-26 22:43:30	0.000	0.000	0.000	0.000	0.000	0.000	0.000	0.000	0.000	-1.000	-1.000	
9.9750	C1309P18	500	3.135755	0.002165	2021-08-26 22:43:38	11.223	0.000	0.318	3.582	3.647	3.558	0.118	0.000	0.000	90.000	79.138	
9.3290	CO209R10	500	1.634492	0.000578	2021-08-26 22:43:53	13.218	0.000	0.324	4.547	4.658	3.572	0.117	0.000	0.000	71.805	0.100	
9.5360	O1809P44	500	2.075548	0.000935	2021-08-26 22:44:04	10.964	0.000	0.318	3.465	3.466	3.586	0.129	0.000	0.000	80.000	45.289	
9.9570	C1309P16	500	3.121914	0.001499	2021-08-26 22:44:15	11.543	0.000	0.323	2.071	5.455	3.575	0.118	0.000	0.000	100.000	100.000	
9.5190	O1809P42	500	2.035645	0.000550	2021-08-26 22:44:27	11.465	0.000	0.329	4.261	3.219	3.544	0.111	0.000	0.000	80.000	35.434	
9.9400	C1309P14	500	3.075295	0.001190	2021-08-26 22:44:38	11.496	0.000	0.314	2.364	5.112	3.587	0.120	0.001	0.000	100.000	100.000	
9.3170	CO209R12	0	NaN	NaN	2021-08-26 22:44:41	0.418	0.000	0.313	0.103	0.000	0.000	0.002	0.000	0.000	0.100	0.100	
9.5030	O1809P40	500	1.973952	0.001036	2021-08-26 22:44:53	14.105	0.000	0.343	6.562	3.501	3.541	0.157	0.000	0.000	89.375	16.647	
9.9230	C1309P12	500	3.025357	0.001654	2021-08-26 22:45:03	10.117	0.000	0.315	2.461	3.711	3.525	0.105	0.000	0.000	100.000	100.000	
9.3050	CO209R14	500	1.527343	0.001308	2021-08-26 22:45:17	13.279	0.000	0.328	3.981	5.298	3.558	0.114	0.000	0.000	68.133	0.100	
9.4880	O1809P38	500	1.980527	0.000439	2021-08-26 22:45:29	12.581	0.000	0.322	5.051	3.527	3.558	0.123	0.000	0.000	90.000	13.982	
9.9060	C1309P10	500	3.065691	0.001568	2021-08-26 22:45:39	9.859	0.000	0.315	2.677	3.217	3.544	0.106	0.000	0.000	100.000	100.000	
9.2940	CO209R16	500	1.459502	0.000718	2021-08-26 22:45:54	14.296	0.000	0.322	4.964	5.382	3.517	0.111	0.000	0.000	61.048	0.100	
9.4720	O1809P36	500	1.940808	0.000267	2021-08-26 22:46:10	16.361	0.000	0.322	8.461	3.920	3.546	0.112	0.000	0.000	90.000	12.397	
9.2820	CO209R18	500	1.478847	0.000864	2021-08-26 22:46:23	11.978	0.000	0.318	2.963	5.004	3.578	0.116	0.000	0.000	68.489	0.100	
9.4570	O1809P34	500	1.849181	0.001907	2021-08-26 22:46:38	14.486	0.000	0.338	7.060	3.377	3.593	0.118	0.000	0.000	90.000	12.814	
9.2710	CO209R20	500	1.449055	0.000401	2021-08-26 22:46:52	13.619	0.000	0.326	4.779	4.805	3.588	0.121	0.000	0.000	50.209	0.100	
9.4410	O1809P32	500	1.898072	0.000550	2021-08-26 22:47:05	12.073	0.000	0.316	4.448	3.596	3.598	0.115	0.000	0.000	78.282	0.100	
9.2610	CO209R22	500	1.434278	0.002863	2021-08-26 22:47:19	13.255	0.000	0.323	4.077	5.157	3.578	0.119	0.001	0.000	60.108	0.100	
9.4270	O1809P30	500	1.894317	0.000594	2021-08-26 22:47:31	11.642	0.000	0.316	3.861	3.758	3.585	0.122	0.000	0.000	76.333	0.100	
9.7620	C1309R08	-1	-1000000.000000	-1.000000	2021-08-26 22:47:35	0.000	0.000	0.000	0.000	0.000	0.000	0.000	0.000	0.000	-1.000	-1.000	
9.2500	CO209R24	500	1.388945	0.005146	2021-08-26 22:47:47	13.656	0.000	0.330	4.259	5.359	3.594	0.114	0.000	0.000	52.208	0.100	
9.4120	O1809P28	500	1.816813	0.000478	2021-08-26 22:47:59	11.421	0.000	0.313	3.562	3.818	3.608	0.120	0.000	0.000	64.627	0.100	
9.7490	C1309R10	500	2.672524	0.000460	2021-08-26 22:48:11	11.910	0.000	0.317	2.753	5.129	3.592	0.119	0.000	0.000	100.000	100.000	
9.3970	O1809P26	500	1.790186	0.000439	2021-08-26 22:48:23	12.176	0.000	0.344	4.483	3.648	3.586	0.113	0.000	0.000	57.040	0.100	
9.7360	C1309R12	500	2.407241	0.000987	2021-08-26 22:48:35	11.614	0.000	0.334	2.566	5.061	3.543	0.111	0.000	0.000	100.000	100.000	
9.3830	O1809P24	500	1.608470	0.000483	2021-08-26 22:48:46	11.170	0.000	0.327	3.764	3.405	3.555	0.120	0.000	0.000	59.157	0.100	
9.7230	C1309R14	500	2.545602	0.001239	2021-08-26 22:48:59	12.228	0.000	0.321	2.645	5.554	3.587	0.120	0.000	0.000	100.000	100.000	
9.3690	O1809P22	500	1.702669	0.000844	2021-08-26 22:49:10	11.477	0.000	0.327	4.177	3.321	3.537	0.115	0.000	0.000	49.589	0.100	
9.7100	C1309R16	500	2.581478	0.002749	2021-08-26 22:49:22	12.435	0.000	0.313	2.700	5.714	3.590	0.117	0.000	0.000	100.000	100.000	
9.3550	O1809P20	500	1.707401	0.000432	2021-08-26 22:49:35	12.341	0.000	0.314	5.061	3.296	3.567	0.103	0.000	0.000	44.280	0.100	
9.2400	CO209R26	500	1.373554	0.002184	2021-08-26 22:49:48	13.133	0.000	0.321	3.844	5.331	3.528	0.109	0.000	0.000	44.628	0.100	
9.3410	O1809P18	500	1.653481	0.000358	2021-08-26 22:50:00	11.631	0.000	0.310	4.084	3.586	3.540	0.110	0.000	0.000	44.788	0.100	
9.6980	C1309R18	500	2.515135	0.000597	2021-08-26 22:50:11	10.549	0.000	0.322	2.661	3.887	3.561	0.118	0.000	0.000	100.000	100.000	
9.3280	O1809P16	500	1.618156	0.000526	2021-08-26 22:50:23	11.645	0.000	0.336	4.045	3.538	3.604	0.122	0.000	0.000	49.348	0.100	
9.6860	C1309R20	500	2.340175	0.002692	2021-08-26 22:50:34	11.392	0.000	0.326	2.668	4.737	3.550	0.110	0.000	0.000	100.000	100.000	
9.3150	O1809P14	500	1.589713	0.000931	2021-08-26 22:50:46	11.980	0.000	0.327	4.776	3.290	3.486	0.082	0.019	0.000	47.602	0.100	
9.6750	C1309R22	500	2.198533	0.000989	2021-08-26 22:50:57	11.019	0.000	0.321	2.648	4.370	3.566	0.114	0.000	0.000	100.000	100.000	
9.3020	O1809P12	500	1.528742	0.000956	2021-08-26 22:51:10	12.123	0.000	0.336	4.746	3.378	3.555	0.107	0.000	0.000	51.501	0.100	
9.2300	CO209R28	500	1.333662	0.004425	2021-08-26 22:51:23	12.784	0.000	0.331	4.563	4.252	3.532	0.106	0.000	0.000	52.160	0.100	
9.2890	O1809P10	500	1.516631	0.001112	2021-08-26 22:51:34	10.919	0.000	0.316	3.545	3.394	3.555	0.109	0.000	0.000	49.062	0.100	
9.6630	C1309R24	500	2.401239	0.000687	2021-08-26 22:51:46	11.869	0.000	0.341	2.750	5.088	3.571	0.117	0.000	0.000	100.000	100.000	
9.2760	O1809P08	500	1.464351	0.001844	2021-08-26 22:51:59	12.590	0.000	0.324	5.249	3.328	3.574	0.114	0.000	0.000	54.960	0.100	
9.6520	C1309R26	500	2.355860	0.000789	2021-08-26 22:52:10	11.135	0.000	0.320	2.665	4.508	3.534	0.108	0.000	0.000	100.000	100.000	
9.2640	O1809P06	500	1.438747	0.000272	2021-08-26 22:52:22	12.463	0.000	0.320	4.869	3.628	3.539	0.107	0.000	0.000	60.744	0.100	
9.6420	C1309R28	500	2.290665	0.002433	2021-08-26 22:52:35	12.119	0.000	0.324	2.552	5.441	3.633	0.167	0.000	0.000	100.000	100.000	
9.1990	O1809R04	500	1.232206	0.001956	2021-08-26 22:52:47	11.859	0.000	0.327	4.494	3.345	3.565	0.128	0.000	0.000	90.000	21.344	
9.2190	CO209R30	500	1.119263	0.000410	2021-08-26 22:53:00	13.199	0.000	0.322	4.068	5.149	3.543	0.117	0.000	0.000	67.350	0.100	
9.1870	O1809R06	500	1.156896	0.001138	2021-08-26 22:53:10	9.953	0.000	0.311	2.003	3.955	3.566	0.118	0.000	0.000	80.000	0.100	
9.2100	CO209R32	500	1.277757	0.001535	2021-08-26 22:53:26	12.210	0.000	0.317	2.862	5.392	3.531	0.109	0.000	0.000	58.577	0.100	
9.1760	O1809R08	500	1.151822	0.000505	2021-08-26 22:53:36	10.559	0.000	0.320	3.177	3.410	3.540	0.112	0.000	0.000	41.743	0.100	
9.2010	CO209R34	500	1.271888	0.000606	2021-08-26 22:53:54	14.157	0.000	0.317	4.997	5.200	3.534	0.109	0.000	0.000	80.466	0.100	
9.1660	O1809R10	500	1.091918	0.000746	2021-08-26 22:54:06	11.935	0.000	0.316	4.376	3.563	3.571	0.108	0.000	0.000	36.407	0.100	
9.1550	O1809R12	500	1.095181	0.001229	2021-08-26 22:54:32	9.667	0.000	0.331	2.067	3.635	3.531	0.104	0.000	0.000	30.177	0.100	
9.6310	C1309R30	-1	2.277514	0.000737	2021-08-26 22:54:46	0.000	0.000	0.000	0.000	0.000	0.000	0.000	0.000	0.000	-1.000	-1.000	
10.8110	CO210P40	500	1.652666	0.001422	2021-08-26 22:54:50	10.720	0.000	0.322	2.243	4.464	3.570	0.120	0.000	0.000	100.000	100.000	
9.1450	O1809R14	500	1.090033	0.001454	2021-08-26 22:55:03	13.372	0.000	0.322	5.263	4.069	3.599	0.118	0.000	0.000	35.109	0.100	
9.3170	CO209R12	0	NaN	NaN	2021-08-26 22:55:39	27.412	0.000	0.324	7.658	2.221	17.206	0.002	0.000	0.000	0.100	0.100	
9.1340	O1809R16	500	1.037041	0.001862	2021-08-26 22:55:49	10.483	0.000	0.328	3.070	3.402	3.526	0.157	0.000	0.000	28.343	0.100	
9.1250	O1809R18	500	1.044104	0.003518	2021-08-26 22:56:14	11.386	0.000	0.313	4.144	3.286	3.535	0.107	0.000	0.000	31.871	0.100	
9.6210	C1309R32	-1	-1000000.000000	-1.000000	2021-08-26 22:56:38	0.000	0.000	0.000	0.000	0.000	0.000	0.000	0.000	0.000	-1.000	-1.000	
9.1150	O1809R20	500	1.041840	0.000738	2021-08-26 22:56:39	11.582	0.000	0.311	4.167	3.430	3.569	0.105	0.000	0.000	28.936	0.100	
9.1050	O1809R22	500	1.020433	0.001968	2021-08-26 22:57:12	18.013	0.000	0.332	4.088	4.187	9.305	0.101	0.000	0.000	34.427	0.100	
9.0950	O1809R24	500	1.017075	0.002176	2021-08-26 22:57:38	10.805	0.000	0.325	3.445	3.350	3.570	0.115	0.000	0.000	29.217	0.100	
9.0860	O1809R26	500	0.977397	0.001124	2021-08-26 22:58:02	10.468	0.000	0.327	2.962	3.528	3.544	0.107	0.000	0.000	21.262	0.100	
9.6110	C1309R34	-1	2.210101	0.003918	2021-08-26 22:58:23	0.000	0.000	0.000	0.000	0.000	0.000	0.000	0.000	0.000	-1.000	-1.000	
9.0770	O1809R28	500	0.948969	0.002880	2021-08-26 22:58:28	10.894	0.000	0.320	3.264	3.619	3.576	0.115	0.000	0.000	24.131	0.100	
9.0680	O1809R30	500	0.926869	0.000889	2021-08-26 22:58:55	11.457	0.000	0.329	3.882	3.568	3.568	0.110	0.000	0.000	22.696	0.100	
9.0590	O1809R32	500	0.890873	0.001875	2021-08-26 22:59:21	11.192	0.000	0.320	3.751	3.464	3.551	0.105	0.000	0.000	23.096	0.100	
9.0510	O1809R34	500	0.861863	0.002873	2021-08-26 22:59:47	11.620	0.000	0.315	4.094	3.561	3.549	0.101	0.001	0.000	30.175	0.100	
9.0420	O1809R36	500	0.841338	0.002384	2021-08-26 23:00:14	12.064	0.000	0.323	4.294	3.797	3.538	0.111	0.000	0.000	33.127	0.100	
11.2390	C1310P28	511	1.076340	0.013546	2021-08-26 23:00:40	24.182	0.000	0.323	2.261	13.184	8.312	0.101	0.000	0.000	100.000	100.000	
9.0340	O1809R38	500	0.794636	0.001754	2021-08-26 23:00:53	12.356	0.000	0.319	4.961	3.409	3.553	0.114	0.000	0.000	30.382	0.100	
9.0260	O1809R40	500	0.790595	0.001166	2021-08-26 23:01:17	10.401	0.000	0.339	2.964	3.427	3.561	0.109	0.000	0.000	74.109	0.100	
10.1520	C1309P36	-1	-1000000.000000	-1.000000	2021-08-26 23:02:42	0.000	0.000	0.000	0.000	0.000	0.000	0.000	0.000	0.000	-1.000	-1.000	
9.0180	O1809R42	-1	-1000000.000000	-1.000000	2021-08-26 23:04:07	0.000	0.000	0.000	0.000	0.000	0.000	0.000	0.000	0.000	-1.000	-1.000	
10.6640	O1810P36	500	2.161964	0.001320	2021-08-26 23:04:37	9.554	0.000	0.313	2.260	3.347	3.532	0.101	0.000	0.000	100.000	100.000	
10.1310	C1309P34	-1	-1000000.000000	-1.000000	2021-08-26 23:04:43	0.000	0.000	0.000	0.000	0.000	0.000	0.000	0.000	0.000	-1.000	-1.000	
10.6430	O1810P34	500	2.220211	0.000502	2021-08-26 23:05:03	9.474	0.000	0.328	1.962	3.543	3.542	0.099	0.000	0.000	100.000	100.000	
10.6220	O1810P32	500	2.271358	0.001093	2021-08-26 23:05:30	11.558	0.000	0.336	3.877	3.659	3.575	0.111	0.000	0.000	90.000	91.814	
9.7620	C1309R08	-1	-1000000.000000	-1.000000	2021-08-26 23:06:40	0.000	0.000	0.000	0.000	0.000	0.000	0.000	0.000	0.000	-1.000	-1.000	
10.1310	O1810R34	-1	-1000000.000000	-1.000000	2021-08-26 23:08:06	0.000	0.000	0.000	0.000	0.000	0.000	0.000	0.000	0.000	-1.000	-1.000	
9.6310	C1309R30	500	2.277514	0.000737	2021-08-26 23:08:35	104.643	0.000	0.341	8.349	75.047	20.756	0.149	0.000	0.000	100.000	100.000	
10.1220	O1810R36	-1	-1000000.000000	-1.000000	2021-08-26 23:10:41	0.000	0.000	0.000	0.000	0.000	0.000	0.000	0.000	0.000	-1.000	-1.000	
9.6210	C1309R32	0	NaN	NaN	2021-08-26 23:12:31	116.083	0.000	0.317	8.424	84.423	22.917	0.002	0.000	0.000	100.000	100.000	
9.5520	O1809P46	-1	-1000000.000000	-1.000000	2021-08-26 23:13:19	0.000	0.000	0.000	0.000	0.000	0.000	0.000	0.000	0.000	-1.000	-1.000	
9.6110	C1309R34	500	2.210101	0.003918	2021-08-26 23:14:44	13.752	0.000	0.318	4.781	4.947	3.547	0.159	0.000	0.000	100.000	100.000	
9.0180	O1809R42	-1	-1000000.000000	-1.000000	2021-08-26 23:15:51	0.000	0.000	0.000	0.000	0.000	0.000	0.000	0.000	0.000	-1.000	-1.000	
