Wavelength	Line name	# of completed ringdowns	Ringdowntimes (us)	STOT	TimeStamp	Get ringdown time (s)	Step time (s)	Step time (s)	Step time(s)	Step time(s) 	Step time(s) 	Step time(s)	Step time(s)	Step time(s) 	AOM setting	Attenuator setting
10.8110	CO210P40	515	1.359299	0.002892	2021-08-26 19:36:45	24.994	0.000	0.321	1.464	14.963	8.106	0.140	0.000	0.000	100.000	100.000	
11.2390	C1310P28	-1	0.900074	0.018324	2021-08-26 19:37:55	0.000	0.000	0.000	0.000	0.000	0.000	0.000	0.000	0.000	-1.000	-1.000	
10.7870	CO210P38	500	1.494747	0.003224	2021-08-26 19:38:25	81.982	0.000	0.317	6.029	54.668	20.804	0.164	0.000	0.000	100.000	100.000	
10.6640	O1810P36	-1	1.936028	0.002142	2021-08-26 19:38:30	0.000	0.000	0.000	0.000	0.000	0.000	0.000	0.000	0.000	-1.000	-1.000	
11.2160	C1310P26	500	0.776930	0.002483	2021-08-26 19:38:35	10.637	0.000	0.314	2.169	4.439	3.585	0.128	0.000	0.000	100.000	100.000	
10.7640	CO210P36	500	1.542634	0.002062	2021-08-26 19:38:50	11.715	0.000	0.323	2.395	5.279	3.594	0.124	0.000	0.000	100.000	100.000	
11.1940	C1310P24	500	0.576649	0.003512	2021-08-26 19:39:01	10.951	0.000	0.332	2.279	4.629	3.589	0.122	0.000	0.000	100.000	100.000	
10.7410	CO210P34	500	1.622568	0.000765	2021-08-26 19:39:16	11.493	0.000	0.325	2.265	5.228	3.565	0.110	0.000	0.000	100.000	100.000	
11.1710	C1310P22	500	0.893738	0.010147	2021-08-26 19:39:27	11.323	0.000	0.317	2.553	4.738	3.594	0.121	0.000	0.000	100.000	100.000	
10.7190	CO210P32	500	1.685381	0.001399	2021-08-26 19:39:42	11.331	0.000	0.315	2.245	5.112	3.548	0.110	0.000	0.000	100.000	100.000	
11.1490	C1310P20	500	0.906329	0.006553	2021-08-26 19:39:52	9.660	0.000	0.334	2.363	3.236	3.603	0.123	0.000	0.000	100.000	100.000	
10.6960	CO210P30	500	1.812935	0.000828	2021-08-26 19:40:06	10.822	0.000	0.323	2.383	4.522	3.499	0.079	0.015	0.000	100.000	100.000	
11.1280	C1310P18	500	0.892995	0.001543	2021-08-26 19:40:17	10.715	0.000	0.314	2.161	4.587	3.553	0.100	0.000	0.000	100.000	100.000	
10.6750	CO210P28	500	1.878621	0.003120	2021-08-26 19:40:43	23.012	0.000	0.319	2.650	11.067	8.860	0.117	0.000	0.000	100.000	100.000	
11.1070	C1310P16	500	0.917079	0.002918	2021-08-26 19:41:00	11.051	0.000	0.343	2.068	4.942	3.586	0.112	0.000	0.000	100.000	100.000	
10.6430	O1810P34	-1	2.000808	0.000733	2021-08-26 19:41:03	0.000	0.000	0.000	0.000	0.000	0.000	0.000	0.000	0.000	-1.000	-1.000	
10.6530	CO210P26	523	1.956642	0.005209	2021-08-26 19:41:46	45.758	0.000	0.325	4.619	21.758	18.929	0.127	0.000	0.000	100.000	100.000	
11.0860	C1310P14	500	0.933481	0.001452	2021-08-26 19:41:56	10.020	0.000	0.323	1.452	4.553	3.569	0.123	0.000	0.000	100.000	100.000	
10.6220	O1810P32	0	NaN	NaN	2021-08-26 19:41:58	0.435	0.000	0.314	0.118	0.000	0.000	0.002	0.000	0.000	0.100	0.100	
10.6320	CO210P24	500	1.996461	0.003095	2021-08-26 19:42:09	11.116	0.000	0.324	2.366	4.757	3.530	0.139	0.000	0.000	100.000	100.000	
10.6020	O1810P30	500	2.093639	0.001520	2021-08-26 19:42:19	8.847	0.000	0.328	2.177	2.649	3.577	0.116	0.000	0.000	100.000	100.000	
11.0650	C1310P12	500	0.864055	0.002661	2021-08-26 19:42:30	10.676	0.000	0.320	1.351	5.234	3.651	0.119	0.000	0.000	100.000	100.000	
10.6110	CO210P22	500	2.064954	0.003431	2021-08-26 19:42:41	10.459	0.000	0.324	1.377	5.039	3.600	0.120	0.000	0.000	100.000	100.000	
10.5820	O1810P28	500	2.124094	0.001043	2021-08-26 19:42:50	9.641	0.000	0.317	2.174	3.433	3.596	0.121	0.000	0.000	100.000	100.000	
11.0450	C1310P10	500	0.716405	0.006073	2021-08-26 19:43:01	10.478	0.000	0.318	1.372	5.127	3.546	0.114	0.000	0.000	100.000	100.000	
10.5910	CO210P20	500	2.113643	0.005340	2021-08-26 19:43:12	10.907	0.000	0.330	1.548	5.363	3.554	0.113	0.000	0.000	100.000	100.000	
10.5630	O1810P26	500	2.185445	0.000583	2021-08-26 19:43:23	11.322	0.000	0.316	3.961	3.377	3.557	0.112	0.000	0.000	90.000	88.217	
11.0250	C1310P08	500	0.909242	0.001641	2021-08-26 19:43:34	10.353	0.000	0.337	1.977	4.385	3.543	0.111	0.000	0.000	100.000	100.000	
10.5710	CO210P18	500	2.106206	0.005419	2021-08-26 19:43:44	10.293	0.000	0.314	1.479	4.853	3.534	0.112	0.000	0.000	100.000	100.000	
10.5430	O1810P24	500	2.128025	0.001399	2021-08-26 19:43:55	10.405	0.000	0.312	3.082	3.314	3.575	0.122	0.000	0.000	90.000	90.000	
11.0050	C1310P06	500	0.950911	0.005388	2021-08-26 19:44:06	10.644	0.000	0.328	1.554	5.056	3.584	0.121	0.000	0.000	100.000	100.000	
10.5510	CO210P16	500	2.187257	0.001840	2021-08-26 19:44:16	10.126	0.000	0.315	1.380	4.785	3.533	0.112	0.000	0.000	100.000	100.000	
10.5250	O1810P22	500	2.258023	0.000471	2021-08-26 19:44:27	10.660	0.000	0.321	2.963	3.711	3.551	0.112	0.000	0.000	83.770	90.000	
10.8840	C1310R06	500	1.210740	0.000784	2021-08-26 19:44:39	11.967	0.000	0.332	4.364	3.561	3.599	0.111	0.000	0.000	100.000	100.000	
10.5320	CO210P14	500	2.196725	0.005318	2021-08-26 19:44:50	10.905	0.000	0.323	2.454	4.432	3.576	0.120	0.000	0.000	100.000	100.000	
10.5060	O1810P20	500	2.220204	0.001172	2021-08-26 19:45:01	11.402	0.000	0.316	3.501	3.920	3.551	0.115	0.000	0.000	90.000	92.240	
10.8670	C1310R08	500	1.287155	0.001893	2021-08-26 19:45:11	9.542	0.000	0.315	1.701	3.885	3.529	0.111	0.000	0.000	100.000	100.000	
10.5130	CO210P12	500	2.257056	0.001179	2021-08-26 19:45:22	10.857	0.000	0.314	1.755	5.110	3.567	0.110	0.000	0.000	100.000	100.000	
10.4880	O1810P18	500	2.206311	0.000978	2021-08-26 19:45:33	10.529	0.000	0.323	3.453	2.989	3.643	0.120	0.000	0.000	90.000	90.000	
10.8500	C1310R10	500	1.317745	0.000580	2021-08-26 19:45:44	11.235	0.000	0.325	2.283	4.970	3.544	0.113	0.000	0.000	100.000	100.000	
10.4940	CO210P10	500	2.292837	0.004390	2021-08-26 19:45:54	10.301	0.000	0.322	1.462	4.799	3.599	0.118	0.000	0.000	100.000	100.000	
10.4710	O1810P16	500	2.340851	0.001104	2021-08-26 19:46:05	10.853	0.000	0.315	3.352	3.472	3.586	0.127	0.000	0.000	86.718	89.863	
10.8330	C1310R12	500	1.380012	0.003653	2021-08-26 19:46:15	9.561	0.000	0.323	2.078	3.422	3.615	0.123	0.000	0.000	100.000	100.000	
10.4760	CO210P08	500	2.333619	0.008472	2021-08-26 19:46:26	10.850	0.000	0.323	1.951	4.885	3.574	0.116	0.000	0.000	100.000	100.000	
10.4530	O1810P14	500	2.353417	0.001435	2021-08-26 19:46:38	12.088	0.000	0.312	4.163	3.922	3.571	0.119	0.000	0.000	90.000	95.507	
10.4580	CO210P06	500	2.354539	0.002323	2021-08-26 19:46:49	10.774	0.000	0.313	1.764	4.964	3.620	0.112	0.000	0.000	100.000	100.000	
10.8160	C1310R14	500	1.423673	0.004101	2021-08-26 19:46:59	9.476	0.000	0.321	1.656	3.812	3.575	0.111	0.000	0.000	100.000	100.000	
10.4360	O1810P12	500	2.376851	0.000552	2021-08-26 19:47:09	9.852	0.000	0.314	2.150	3.706	3.572	0.110	0.000	0.000	100.000	100.000	
10.3650	CO210R04	500	2.344921	0.001346	2021-08-26 19:47:23	13.876	0.000	0.319	4.346	5.543	3.559	0.109	0.000	0.000	100.000	100.000	
10.4200	O1810P10	500	2.389821	0.002374	2021-08-26 19:47:34	10.442	0.000	0.327	2.763	3.643	3.587	0.121	0.000	0.000	100.000	100.000	
10.8000	C1310R16	500	1.474568	0.001992	2021-08-26 19:47:43	9.778	0.000	0.323	1.551	4.189	3.598	0.117	0.000	0.000	100.000	100.000	
10.3490	CO210R06	500	2.257823	0.000787	2021-08-26 19:47:55	10.979	0.000	0.343	1.950	5.034	3.542	0.110	0.000	0.000	100.000	100.000	
10.4040	O1810P08	500	2.412704	0.000803	2021-08-26 19:48:04	9.139	0.000	0.320	1.769	3.346	3.586	0.118	0.000	0.000	100.000	100.000	
10.7840	C1310R18	500	1.434747	0.010160	2021-08-26 19:48:15	10.860	0.000	0.318	2.262	4.591	3.578	0.110	0.000	0.000	100.000	100.000	
10.3340	CO210R08	500	2.295319	0.000464	2021-08-26 19:48:27	11.990	0.000	0.322	2.871	5.130	3.560	0.106	0.000	0.000	90.000	62.350	
10.7680	C1310R20	500	1.531402	0.000632	2021-08-26 19:48:38	9.808	0.000	0.314	2.177	3.656	3.555	0.106	0.001	0.000	100.000	100.000	
10.3180	CO210R10	500	2.437684	0.000588	2021-08-26 19:48:55	14.478	0.000	0.322	4.863	5.626	3.555	0.112	0.000	0.000	89.375	57.552	
10.7530	C1310R22	500	1.575259	0.003080	2021-08-26 19:49:05	9.719	0.000	0.324	1.972	3.742	3.573	0.107	0.000	0.000	100.000	100.000	
10.3030	CO210R12	500	2.409068	0.000342	2021-08-26 19:49:21	12.964	0.000	0.308	3.599	5.407	3.539	0.111	0.000	0.000	87.500	61.056	
10.7380	C1310R24	500	1.603474	0.001276	2021-08-26 19:49:32	10.423	0.000	0.330	1.855	4.584	3.547	0.108	0.000	0.000	100.000	100.000	
10.2890	CO210R14	500	2.434469	0.000364	2021-08-26 19:49:50	13.833	0.000	0.335	5.462	4.329	3.590	0.116	0.000	0.000	84.463	45.290	
10.7230	C1310R26	500	1.705452	0.004730	2021-08-26 19:50:01	10.308	0.000	0.340	1.966	4.311	3.573	0.117	0.000	0.000	100.000	100.000	
10.2740	CO210R16	500	2.491186	0.000235	2021-08-26 19:50:15	11.329	0.000	0.319	2.461	4.890	3.548	0.112	0.000	0.000	70.000	76.537	
10.7080	C1310R28	500	1.772752	0.002768	2021-08-26 19:50:25	10.380	0.000	0.321	1.866	4.475	3.598	0.120	0.000	0.000	100.000	100.000	
10.2780	O1810R08	-1	2.536920	0.000876	2021-08-26 19:50:37	0.000	0.000	0.000	0.000	0.000	0.000	0.000	0.000	0.000	-1.000	-1.000	
10.2600	CO210R18	500	2.552714	0.000507	2021-08-26 19:50:42	12.668	0.000	0.344	3.863	4.766	3.576	0.119	0.000	0.000	88.750	51.662	
10.6940	C1310R30	500	1.811355	0.000876	2021-08-26 19:50:52	9.514	0.000	0.325	1.864	3.640	3.574	0.111	0.000	0.000	100.000	100.000	
10.2650	O1810R10	500	2.527819	0.001768	2021-08-26 19:51:01	9.607	0.000	0.322	2.347	3.218	3.600	0.121	0.000	0.000	100.000	100.000	
10.2470	CO210R20	500	2.258275	0.000777	2021-08-26 19:51:13	11.720	0.000	0.320	2.863	4.779	3.636	0.121	0.000	0.000	85.000	68.745	
10.2520	O1810R12	500	2.553919	0.000875	2021-08-26 19:51:23	10.065	0.000	0.314	2.180	3.863	3.589	0.118	0.000	0.000	100.000	100.000	
10.6800	C1310R32	500	1.861018	0.002911	2021-08-26 19:51:33	8.970	0.000	0.319	1.674	3.286	3.573	0.118	0.000	0.000	100.000	100.000	
10.2330	CO210R22	500	2.579498	0.000469	2021-08-26 19:51:45	12.053	0.000	0.331	3.564	4.451	3.594	0.112	0.000	0.000	87.500	57.034	
10.2400	O1810R14	500	2.584903	0.000876	2021-08-26 19:51:56	11.624	0.000	0.315	4.047	3.565	3.578	0.119	0.000	0.000	90.000	83.677	
10.2200	CO210R24	500	2.610667	0.000671	2021-08-26 19:52:10	13.523	0.000	0.325	4.364	5.067	3.602	0.163	0.000	0.000	84.074	60.979	
10.2280	O1810R16	500	2.589398	0.000442	2021-08-26 19:52:22	11.905	0.000	0.312	4.064	3.808	3.591	0.130	0.000	0.000	90.000	86.422	
10.6660	C1310R34	500	1.899269	0.000555	2021-08-26 19:52:31	9.144	0.000	0.337	1.648	3.454	3.577	0.127	0.000	0.000	100.000	100.000	
10.2070	CO210R26	500	2.619841	0.000228	2021-08-26 19:52:43	11.563	0.000	0.324	2.945	4.605	3.571	0.118	0.000	0.000	87.500	60.457	
10.2160	O1810R18	500	2.629085	0.001281	2021-08-26 19:52:54	11.094	0.000	0.331	3.780	3.313	3.560	0.109	0.000	0.000	88.450	75.896	
10.6520	C1310R36	500	1.957241	0.003479	2021-08-26 19:53:05	10.309	0.000	0.328	1.809	4.482	3.568	0.122	0.000	0.000	100.000	100.000	
10.1950	CO210R28	500	2.650019	0.001985	2021-08-26 19:53:19	13.780	0.000	0.309	4.665	5.099	3.584	0.122	0.000	0.000	85.254	51.895	
10.2040	O1810R20	500	2.629677	0.000307	2021-08-26 19:53:31	11.957	0.000	0.318	4.260	3.717	3.554	0.108	0.000	0.000	90.000	78.630	
10.1820	CO210R30	500	2.632262	0.000998	2021-08-26 19:53:42	11.056	0.000	0.317	2.352	4.757	3.521	0.108	0.000	0.000	90.000	72.816	
10.6390	C1310R38	500	1.987819	0.001426	2021-08-26 19:53:53	10.475	0.000	0.315	1.794	4.716	3.543	0.107	0.000	0.000	100.000	100.000	
10.1930	O1810R22	500	2.647086	0.000999	2021-08-26 19:54:04	11.346	0.000	0.327	4.051	3.361	3.504	0.081	0.021	0.000	76.667	68.149	
10.1700	CO210R32	500	2.644696	0.001172	2021-08-26 19:54:15	10.415	0.000	0.314	1.749	4.716	3.538	0.098	0.000	0.000	100.000	100.000	
10.6260	C1310R40	500	1.993919	0.003367	2021-08-26 19:54:23	8.480	0.000	0.326	1.349	3.174	3.532	0.099	0.000	0.000	100.000	100.000	
10.1820	O1810R24	500	2.633589	0.000368	2021-08-26 19:54:36	12.331	0.000	0.313	4.581	3.726	3.591	0.119	0.000	0.000	89.539	80.594	
10.1590	CO210R34	500	2.603655	0.000347	2021-08-26 19:54:48	11.971	0.000	0.318	2.854	5.076	3.606	0.117	0.000	0.000	85.000	67.815	
10.1710	O1810R26	500	2.653138	0.000360	2021-08-26 19:55:01	10.952	0.000	0.328	4.463	2.510	3.545	0.106	0.000	0.000	90.000	92.304	
10.1470	CO210R36	500	2.604461	0.000605	2021-08-26 19:55:13	10.680	0.000	0.314	1.848	4.808	3.594	0.116	0.000	0.000	90.000	93.200	
10.1610	O1810R28	500	2.601968	0.001256	2021-08-26 19:55:27	11.782	0.000	0.326	4.562	3.235	3.547	0.111	0.000	0.000	90.000	76.731	
10.1360	CO210R38	500	2.547152	0.000335	2021-08-26 19:55:38	10.653	0.000	0.321	1.782	4.849	3.583	0.117	0.000	0.000	100.000	100.000	
10.1500	O1810R30	500	2.610481	0.000473	2021-08-26 19:55:52	8.923	0.000	0.326	2.245	2.691	3.555	0.107	0.000	0.000	100.000	100.000	
10.1250	CO210R40	500	2.487606	0.000806	2021-08-26 19:56:05	12.040	0.000	0.310	3.567	4.484	3.572	0.106	0.000	0.000	100.000	100.000	
10.1410	O1810R32	500	2.582928	0.000373	2021-08-26 19:56:17	9.919	0.000	0.324	2.353	3.543	3.581	0.118	0.000	0.000	100.000	100.000	
10.1520	C1309P36	-1	-1000000.000000	-1.000000	2021-08-26 19:56:29	0.000	0.000	0.000	0.000	0.000	0.000	0.000	0.000	0.000	-1.000	-1.000	
9.7530	CO209P42	500	1.879089	0.001151	2021-08-26 19:56:33	13.197	0.000	0.338	4.378	4.861	3.534	0.075	0.011	0.000	100.000	100.000	
9.7330	CO209P40	500	1.463718	0.001044	2021-08-26 19:57:01	11.367	0.000	0.317	2.361	5.011	3.573	0.104	0.000	0.000	100.000	100.000	
9.7140	CO209P38	500	1.738495	0.002699	2021-08-26 19:57:29	11.463	0.000	0.323	2.653	4.800	3.579	0.108	0.000	0.000	100.000	100.000	
9.6950	CO209P36	500	1.662507	0.003390	2021-08-26 19:57:57	11.560	0.000	0.342	2.844	4.703	3.564	0.106	0.000	0.000	100.000	100.000	
9.6750	CO209P34	500	1.466393	0.002610	2021-08-26 19:58:26	12.268	0.000	0.322	3.155	5.132	3.553	0.107	0.000	0.000	100.000	100.000	
10.1310	C1309P34	-1	-1000000.000000	-1.000000	2021-08-26 19:58:52	0.000	0.000	0.000	0.000	0.000	0.000	0.000	0.000	0.000	-1.000	-1.000	
9.6570	CO209P32	500	1.494271	0.000682	2021-08-26 19:58:58	14.887	0.000	0.337	5.884	4.966	3.582	0.116	0.000	0.000	90.000	70.223	
10.1310	O1810R34	-1	-1000000.000000	-1.000000	2021-08-26 19:59:16	0.000	0.000	0.000	0.000	0.000	0.000	0.000	0.000	0.000	-1.000	-1.000	
10.1100	C1309P32	500	2.303075	0.002702	2021-08-26 19:59:14	10.110	0.000	0.312	1.877	4.257	3.557	0.106	0.000	0.000	100.000	100.000	
9.6390	CO209P30	500	1.296626	0.004423	2021-08-26 19:59:27	12.738	0.000	0.321	3.163	5.539	3.598	0.116	0.000	0.000	100.000	100.000	
10.0900	C1309P30	500	1.831270	0.001818	2021-08-26 19:59:39	10.252	0.000	0.327	1.660	4.550	3.597	0.118	0.000	0.000	100.000	100.000	
9.6210	CO209P28	500	1.301169	0.002726	2021-08-26 19:59:53	13.680	0.000	0.313	4.168	5.511	3.571	0.117	0.000	0.000	90.000	63.724	
10.0700	C1309P28	500	2.588644	0.000578	2021-08-26 20:00:04	10.400	0.000	0.315	1.878	4.495	3.595	0.117	0.000	0.000	100.000	100.000	
9.6040	CO209P26	500	1.263586	0.000740	2021-08-26 20:00:21	13.547	0.000	0.325	4.261	5.230	3.604	0.128	0.000	0.000	90.000	60.300	
10.0500	C1309P26	500	2.627966	0.002389	2021-08-26 20:00:31	10.381	0.000	0.320	2.063	4.380	3.529	0.080	0.010	0.000	100.000	100.000	
9.5880	CO209P24	500	1.217730	0.001015	2021-08-26 20:00:50	15.506	0.000	0.316	6.266	5.245	3.572	0.106	0.000	0.000	66.000	56.490	
10.0310	C1309P24	500	2.602988	0.002207	2021-08-26 20:01:00	9.748	0.000	0.334	1.963	3.733	3.599	0.119	0.000	0.000	100.000	100.000	
9.5690	CO209P22	500	1.166179	0.000729	2021-08-26 20:01:17	14.006	0.000	0.309	4.950	5.038	3.591	0.117	0.000	0.000	85.000	57.688	
10.0120	C1309P22	500	2.407192	0.000645	2021-08-26 20:01:28	10.672	0.000	0.343	2.267	4.411	3.545	0.106	0.000	0.000	100.000	100.000	
9.5520	CO209P20	500	1.141375	0.002753	2021-08-26 20:01:43	13.158	0.000	0.322	4.049	5.124	3.553	0.109	0.000	0.000	90.000	48.676	
9.9940	C1309P20	500	2.432721	0.003153	2021-08-26 20:01:53	10.294	0.000	0.320	1.849	4.415	3.593	0.117	0.000	0.000	100.000	100.000	
10.1220	O1810R36	-1	-1000000.000000	-1.000000	2021-08-26 20:02:01	0.000	0.000	0.000	0.000	0.000	0.000	0.000	0.000	0.000	-1.000	-1.000	
9.5360	CO209P18	500	1.120729	0.001391	2021-08-26 20:02:12	16.245	0.000	0.328	6.763	5.482	3.561	0.110	0.000	0.000	89.688	53.212	
9.9750	C1309P18	500	2.354460	0.003817	2021-08-26 20:02:22	10.119	0.000	0.323	2.247	3.893	3.549	0.107	0.000	0.000	100.000	100.000	
9.5200	CO209P16	500	1.085214	0.001938	2021-08-26 20:02:39	13.385	0.000	0.325	4.365	5.011	3.566	0.117	0.000	0.000	90.000	42.244	
9.9570	C1309P16	500	2.316678	0.002070	2021-08-26 20:02:50	10.698	0.000	0.320	1.966	4.783	3.532	0.076	0.021	0.000	100.000	100.000	
9.5040	CO209P14	500	1.065161	0.000499	2021-08-26 20:03:05	13.428	0.000	0.318	4.163	5.313	3.538	0.096	0.000	0.000	90.000	53.230	
9.9400	C1309P14	500	2.215064	0.001967	2021-08-26 20:03:15	10.065	0.000	0.313	1.849	4.227	3.567	0.109	0.000	0.000	100.000	100.000	
9.4880	CO209P12	500	1.077028	0.003571	2021-08-26 20:03:33	14.045	0.000	0.314	4.663	5.374	3.576	0.118	0.000	0.000	90.000	36.382	
9.9230	C1309P12	500	2.208083	0.003114	2021-08-26 20:03:44	10.910	0.000	0.341	2.049	4.795	3.605	0.119	0.000	0.000	100.000	100.000	
9.4730	CO209P10	500	1.050320	0.001968	2021-08-26 20:03:59	13.295	0.000	0.319	4.265	5.045	3.556	0.109	0.000	0.000	90.000	42.444	
9.9060	C1309P10	500	2.157055	0.003626	2021-08-26 20:04:09	9.501	0.000	0.313	1.968	3.495	3.606	0.118	0.000	0.000	100.000	100.000	
9.4580	CO209P08	500	1.003142	0.003734	2021-08-26 20:04:25	12.701	0.000	0.309	3.264	5.419	3.592	0.117	0.000	0.000	90.000	53.061	
9.5520	O1809P46	-1	-1000000.000000	-1.000000	2021-08-26 20:04:50	0.000	0.000	0.000	0.000	0.000	0.000	0.000	0.000	0.000	-1.000	-1.000	
9.3540	CO209R06	500	1.024951	0.001382	2021-08-26 20:04:54	12.254	0.000	0.321	4.082	4.163	3.573	0.116	0.000	0.000	90.000	27.549	
9.5360	O1809P44	500	1.119125	0.003560	2021-08-26 20:05:14	12.154	0.000	0.316	5.069	3.065	3.587	0.116	0.000	0.000	90.000	86.307	
9.3420	CO209R08	500	1.005621	0.001924	2021-08-26 20:05:27	13.158	0.000	0.319	4.084	5.046	3.593	0.117	0.000	0.000	90.000	29.776	
9.5190	O1809P42	500	1.093037	0.003010	2021-08-26 20:05:41	13.137	0.000	0.315	5.151	4.022	3.542	0.106	0.000	0.000	85.556	73.568	
9.3290	CO209R10	500	0.986848	0.000837	2021-08-26 20:05:55	13.101	0.000	0.322	4.883	4.217	3.568	0.111	0.000	0.000	90.000	20.877	
9.5030	O1809P40	500	1.072055	0.003597	2021-08-26 20:06:06	11.556	0.000	0.328	3.985	3.562	3.577	0.104	0.000	0.000	90.000	40.973	
9.7620	C1309R08	-1	-1000000.000000	-1.000000	2021-08-26 20:06:15	0.000	0.000	0.000	0.000	0.000	0.000	0.000	0.000	0.000	-1.000	-1.000	
9.4880	O1809P38	500	1.083246	0.001645	2021-08-26 20:06:34	11.205	0.000	0.331	3.770	3.458	3.540	0.106	0.000	0.000	90.000	36.180	
9.7490	C1309R10	500	1.783960	0.001631	2021-08-26 20:06:44	10.016	0.000	0.334	1.964	4.067	3.546	0.104	0.000	0.000	100.000	100.000	
9.4720	O1809P36	500	1.066272	0.001032	2021-08-26 20:07:00	11.665	0.000	0.311	4.563	3.104	3.569	0.116	0.000	0.000	90.000	31.787	
9.7360	C1309R12	500	1.496322	0.001247	2021-08-26 20:07:10	10.077	0.000	0.318	2.083	3.954	3.615	0.107	0.000	0.000	100.000	100.000	
9.3170	CO209R12	0	NaN	NaN	2021-08-26 20:07:12	0.430	0.000	0.327	0.101	0.000	0.000	0.002	0.000	0.000	0.100	0.100	
9.4570	O1809P34	500	0.995303	0.006503	2021-08-26 20:07:24	12.447	0.000	0.316	4.866	3.525	3.573	0.167	0.000	0.000	85.000	29.452	
9.7230	C1309R14	500	1.631151	0.002485	2021-08-26 20:07:34	10.057	0.000	0.321	2.066	4.052	3.512	0.106	0.000	0.000	100.000	100.000	
9.3050	CO209R14	500	0.938943	0.002346	2021-08-26 20:07:48	13.928	0.000	0.318	4.753	5.210	3.538	0.109	0.000	0.000	90.000	16.964	
9.4410	O1809P32	500	1.070901	0.002443	2021-08-26 20:07:59	11.267	0.000	0.327	3.647	3.636	3.548	0.110	0.000	0.000	90.000	22.154	
9.7100	C1309R16	500	1.766876	0.004199	2021-08-26 20:08:10	10.317	0.000	0.324	2.180	4.100	3.597	0.116	0.000	0.000	100.000	100.000	
9.2940	CO209R16	500	0.928936	0.003729	2021-08-26 20:08:24	14.063	0.000	0.338	5.145	4.912	3.549	0.118	0.000	0.000	90.000	16.231	
9.4270	O1809P30	500	1.092122	0.002416	2021-08-26 20:08:36	11.527	0.000	0.334	3.648	3.869	3.560	0.116	0.000	0.000	90.000	23.774	
9.6980	C1309R18	500	1.704314	0.000922	2021-08-26 20:08:47	10.900	0.000	0.312	2.094	4.844	3.541	0.109	0.000	0.000	100.000	100.000	
9.2820	CO209R18	500	0.940517	0.003461	2021-08-26 20:09:02	15.202	0.000	0.318	5.581	5.645	3.551	0.108	0.000	0.000	90.000	14.694	
9.4120	O1809P28	500	1.048905	0.002518	2021-08-26 20:09:14	11.913	0.000	0.321	4.162	3.733	3.576	0.121	0.000	0.000	90.000	16.272	
9.6860	C1309R20	500	1.557493	0.006862	2021-08-26 20:09:25	10.765	0.000	0.318	2.147	4.598	3.583	0.119	0.000	0.000	100.000	100.000	
9.2710	CO209R20	500	0.938339	0.001334	2021-08-26 20:09:37	11.970	0.000	0.309	2.848	5.149	3.551	0.113	0.000	0.000	90.000	0.434	
9.3970	O1809P26	500	1.015470	0.002217	2021-08-26 20:09:49	11.658	0.000	0.338	4.062	3.561	3.578	0.118	0.000	0.000	90.000	17.871	
9.6750	C1309R22	500	1.449710	0.002319	2021-08-26 20:09:59	10.152	0.000	0.313	2.163	4.004	3.560	0.111	0.000	0.000	100.000	100.000	
9.2610	CO209R22	500	0.957589	0.005067	2021-08-26 20:10:16	16.951	0.000	0.321	7.451	5.473	3.586	0.121	0.000	0.000	90.000	12.016	
9.3830	O1809P24	500	0.895253	0.001230	2021-08-26 20:10:28	11.925	0.000	0.316	4.547	3.410	3.540	0.112	0.000	0.000	90.000	15.858	
9.6630	C1309R24	500	1.512859	0.002216	2021-08-26 20:10:38	9.924	0.000	0.313	2.181	3.753	3.569	0.108	0.000	0.000	100.000	100.000	
9.2500	CO209R24	500	0.954724	0.008033	2021-08-26 20:10:57	18.967	0.000	0.318	9.665	5.280	3.581	0.122	0.000	0.000	86.791	0.100	
9.3690	O1809P22	500	0.968748	0.001050	2021-08-26 20:11:10	12.901	0.000	0.321	5.165	3.705	3.590	0.120	0.000	0.000	90.000	14.506	
9.6520	C1309R26	500	1.422541	0.001888	2021-08-26 20:11:21	11.072	0.000	0.321	2.249	4.843	3.549	0.109	0.000	0.000	100.000	100.000	
9.2400	CO209R26	500	0.984222	0.002841	2021-08-26 20:11:35	13.325	0.000	0.319	4.451	4.862	3.577	0.116	0.000	0.000	63.095	0.100	
9.3550	O1809P20	500	1.022941	0.002278	2021-08-26 20:11:59	24.283	0.000	0.323	16.559	3.736	3.555	0.110	0.000	0.000	90.000	11.223	
9.6420	C1309R28	500	1.319139	0.004070	2021-08-26 20:12:09	10.113	0.000	0.318	2.250	3.829	3.599	0.117	0.000	0.000	100.000	100.000	
9.2300	CO209R28	500	0.982521	0.007686	2021-08-26 20:12:24	14.181	0.000	0.313	4.651	5.516	3.582	0.119	0.000	0.000	74.270	0.100	
9.3410	O1809P18	500	1.002475	0.002047	2021-08-26 20:12:34	9.991	0.000	0.327	2.565	3.442	3.550	0.106	0.000	0.000	90.000	0.339	
9.2190	CO209R30	500	0.915733	0.001415	2021-08-26 20:12:50	13.350	0.000	0.321	3.862	5.515	3.542	0.110	0.000	0.000	76.667	12.511	
9.3280	O1809P16	500	0.979463	0.001536	2021-08-26 20:13:06	15.818	0.000	0.316	8.263	3.538	3.581	0.121	0.000	0.000	90.000	11.558	
9.2100	CO209R32	500	1.005341	0.001258	2021-08-26 20:13:20	13.900	0.000	0.319	4.685	5.262	3.525	0.109	0.000	0.000	78.504	0.100	
9.2010	CO209R34	-1	-1000000.000000	-1.000000	2021-08-26 20:13:34	0.000	0.000	0.000	0.000	0.000	0.000	0.000	0.000	0.000	-1.000	-1.000	
9.3150	O1809P14	500	0.966849	0.004101	2021-08-26 20:13:39	18.626	0.000	0.326	10.882	3.686	3.610	0.122	0.000	0.000	90.000	11.355	
9.3170	CO209R12	-1	-1000000.000000	-1.000000	2021-08-26 20:13:49	0.000	0.000	0.000	0.000	0.000	0.000	0.000	0.000	0.000	-1.000	-1.000	
9.3020	O1809P12	500	0.944059	0.000710	2021-08-26 20:14:11	14.197	0.000	0.312	6.550	3.694	3.536	0.105	0.000	0.000	90.000	12.949	
9.6310	C1309R30	0	NaN	NaN	2021-08-26 20:15:32	80.458	0.000	0.326	9.756	47.460	22.913	0.003	0.000	0.000	100.000	100.000	
9.2890	O1809P10	500	0.957050	0.003149	2021-08-26 20:16:06	34.603	0.000	0.314	26.947	3.657	3.527	0.158	0.000	0.000	90.000	11.178	
9.2010	CO209R34	0	NaN	NaN	2021-08-26 20:16:09	0.426	0.000	0.323	0.101	0.000	0.000	0.001	0.000	0.000	0.100	0.100	
9.2760	O1809P08	500	0.936573	0.002669	2021-08-26 20:16:41	16.346	0.000	0.326	8.961	3.381	3.537	0.141	0.000	0.000	90.000	11.804	
9.3170	CO209R12	0	NaN	NaN	2021-08-26 20:16:43	0.428	0.000	0.324	0.102	0.000	0.000	0.001	0.000	0.000	0.100	0.100	
9.2640	O1809P06	500	0.954348	0.001208	2021-08-26 20:17:08	13.591	0.000	0.327	6.162	3.468	3.508	0.125	0.000	0.000	89.375	14.265	
9.6210	C1309R32	-1	-1000000.000000	-1.000000	2021-08-26 20:17:16	0.000	0.000	0.000	0.000	0.000	0.000	0.000	0.000	0.000	-1.000	-1.000	
9.1990	O1809R04	500	0.997672	0.003135	2021-08-26 20:17:33	11.522	0.000	0.316	3.782	3.769	3.556	0.100	0.000	0.000	90.000	22.800	
9.1870	O1809R06	500	0.985814	0.002117	2021-08-26 20:17:57	9.901	0.000	0.320	2.261	3.675	3.546	0.094	0.005	0.000	80.000	0.100	
9.1760	O1809R08	500	0.958797	0.000575	2021-08-26 20:18:22	11.810	0.000	0.323	4.564	3.313	3.516	0.089	0.006	0.000	51.068	0.100	
9.1660	O1809R10	500	0.943526	0.000804	2021-08-26 20:18:48	11.794	0.000	0.313	4.160	3.674	3.548	0.094	0.005	0.000	43.918	0.100	
9.6110	C1309R34	-1	1.266436	0.009453	2021-08-26 20:19:01	0.000	0.000	0.000	0.000	0.000	0.000	0.000	0.000	0.000	-1.000	-1.000	
9.1550	O1809R12	500	0.964955	0.001406	2021-08-26 20:19:12	10.373	0.000	0.311	2.978	3.481	3.512	0.085	0.006	0.000	37.209	0.100	
9.1450	O1809R14	500	0.996164	0.002088	2021-08-26 20:19:38	12.029	0.000	0.317	4.461	3.616	3.530	0.104	0.000	0.000	43.262	0.100	
9.1340	O1809R16	500	0.910660	0.002711	2021-08-26 20:20:04	11.789	0.000	0.321	4.047	3.801	3.526	0.088	0.005	0.000	34.697	0.100	
9.1250	O1809R18	500	0.984020	0.003863	2021-08-26 20:20:29	12.078	0.000	0.321	4.559	3.533	3.559	0.106	0.000	0.000	36.318	0.100	
9.1150	O1809R20	500	0.982139	0.000988	2021-08-26 20:20:55	10.608	0.000	0.319	3.363	3.298	3.532	0.090	0.006	0.000	32.725	0.100	
11.2390	C1310P28	521	0.900074	0.018324	2021-08-26 20:21:18	22.720	0.000	0.340	2.370	12.546	7.359	0.104	0.000	0.000	100.000	100.000	
9.1050	O1809R22	500	0.964987	0.002109	2021-08-26 20:21:30	12.487	0.000	0.314	4.950	3.576	3.531	0.116	0.000	0.000	33.565	0.100	
9.0950	O1809R24	500	0.961744	0.002880	2021-08-26 20:22:56	11.010	0.000	0.313	3.247	3.733	3.569	0.137	0.012	0.000	32.175	0.100	
10.1520	C1309P36	-1	-1000000.000000	-1.000000	2021-08-26 20:23:18	0.000	0.000	0.000	0.000	0.000	0.000	0.000	0.000	0.000	-1.000	-1.000	
9.0860	O1809R26	500	0.929570	0.000750	2021-08-26 20:23:20	11.300	0.000	0.313	3.845	3.482	3.558	0.101	0.000	0.000	24.908	0.100	
9.0770	O1809R28	500	0.907252	0.002830	2021-08-26 20:23:46	10.927	0.000	0.333	3.163	3.745	3.575	0.110	0.000	0.000	33.290	0.100	
9.0680	O1809R30	500	0.887816	0.001292	2021-08-26 20:24:12	11.703	0.000	0.325	4.460	3.260	3.545	0.112	0.000	0.000	24.816	0.100	
9.0590	O1809R32	500	0.861246	0.002206	2021-08-26 20:24:37	11.191	0.000	0.318	3.866	3.363	3.547	0.096	0.000	0.000	23.887	0.100	
10.1310	C1309P34	-1	-1000000.000000	-1.000000	2021-08-26 20:25:03	0.000	0.000	0.000	0.000	0.000	0.000	0.000	0.000	0.000	-1.000	-1.000	
9.0510	O1809R34	500	0.835843	0.002999	2021-08-26 20:25:04	12.846	0.000	0.319	5.366	3.503	3.550	0.107	0.000	0.000	29.269	0.100	
9.0420	O1809R36	500	0.819627	0.002725	2021-08-26 20:25:29	10.625	0.000	0.328	3.146	3.489	3.555	0.106	0.000	0.000	27.377	0.100	
9.0340	O1809R38	500	0.772580	0.001637	2021-08-26 20:25:57	12.554	0.000	0.313	4.883	3.707	3.544	0.105	0.000	0.000	33.405	0.100	
9.0260	O1809R40	500	0.776563	0.001336	2021-08-26 20:26:23	10.917	0.000	0.338	3.177	3.767	3.538	0.096	0.000	0.000	69.460	0.100	
9.7620	C1309R08	-1	-1000000.000000	-1.000000	2021-08-26 20:26:54	0.000	0.000	0.000	0.000	0.000	0.000	0.000	0.000	0.000	-1.000	-1.000	
9.0180	O1809R42	-1	-1000000.000000	-1.000000	2021-08-26 20:28:55	0.000	0.000	0.000	0.000	0.000	0.000	0.000	0.000	0.000	-1.000	-1.000	
9.6310	C1309R30	0	NaN	NaN	2021-08-26 20:29:13	127.352	0.000	0.320	7.425	96.688	22.916	0.002	0.000	0.000	100.000	100.000	
10.6640	O1810P36	500	1.936028	0.002142	2021-08-26 20:29:23	8.727	0.000	0.313	1.447	3.342	3.498	0.125	0.000	0.000	100.000	100.000	
10.6430	O1810P34	500	2.000808	0.000733	2021-08-26 20:29:46	9.068	0.000	0.339	1.952	3.162	3.522	0.085	0.007	0.000	100.000	100.000	
10.6220	O1810P32	500	2.055407	0.001513	2021-08-26 20:30:10	8.601	0.000	0.315	2.086	2.531	3.566	0.103	0.000	0.000	100.000	100.000	
10.2780	O1810R08	500	2.536920	0.000876	2021-08-26 20:30:36	9.448	0.000	0.317	2.365	3.130	3.544	0.085	0.007	0.000	100.000	100.000	
10.1310	O1810R34	-1	-1000000.000000	-1.000000	2021-08-26 20:33:07	0.000	0.000	0.000	0.000	0.000	0.000	0.000	0.000	0.000	-1.000	-1.000	
9.6210	C1309R32	0	NaN	NaN	2021-08-26 20:33:11	127.266	0.000	0.314	9.192	94.856	22.901	0.002	0.000	0.000	100.000	100.000	
9.6110	C1309R34	500	1.266436	0.009453	2021-08-26 20:35:25	13.480	0.000	0.316	6.061	3.447	3.517	0.138	0.000	0.000	100.000	100.000	
10.1220	O1810R36	-1	-1000000.000000	-1.000000	2021-08-26 20:35:40	0.000	0.000	0.000	0.000	0.000	0.000	0.000	0.000	0.000	-1.000	-1.000	
9.5520	O1809P46	-1	-1000000.000000	-1.000000	2021-08-26 20:38:07	0.000	0.000	0.000	0.000	0.000	0.000	0.000	0.000	0.000	-1.000	-1.000	
9.0180	O1809R42	-1	-1000000.000000	-1.000000	2021-08-26 20:40:34	0.000	0.000	0.000	0.000	0.000	0.000	0.000	0.000	0.000	-1.000	-1.000	
