Wavelength	Line name	# of completed ringdowns	Ringdowntimes (us)	STOT	TimeStamp	Get ringdown time (s)	Step time (s)	Step time (s)	Step time(s)	Step time(s) 	Step time(s) 	Step time(s)	Step time(s)	Step time(s) 	AOM setting	Attenuator setting
10.8110	CO210P40	500	2.333805	0.007485	2021-08-20 04:33:02	10.103	0.000	0.341	1.374	4.558	3.658	0.147	0.025	0.000	100.000	100.000	
10.7870	CO210P38	523	2.383799	0.001203	2021-08-20 04:33:41	21.254	0.000	0.315	4.064	9.330	7.421	0.113	0.011	0.000	81.111	65.474	
11.2390	C1310P28	500	1.604902	0.001608	2021-08-20 04:33:54	12.709	0.000	0.319	4.444	4.238	3.579	0.111	0.017	0.000	90.000	79.370	
10.6640	O1810P36	-1	-1000000.000000	-1.000000	2021-08-20 04:34:03	0.000	0.000	0.000	0.000	0.000	0.000	0.000	0.000	0.000	-1.000	-1.000	
10.7640	CO210P36	500	2.433673	0.001270	2021-08-20 04:34:05	11.170	0.000	0.326	2.047	5.065	3.603	0.094	0.034	0.000	100.000	100.000	
10.7410	CO210P34	500	2.481107	0.000933	2021-08-20 04:34:35	11.862	0.000	0.317	3.562	4.310	3.560	0.095	0.018	0.000	90.000	99.317	
10.7190	CO210P32	500	2.533584	0.000900	2021-08-20 04:35:05	11.867	0.000	0.328	3.666	4.240	3.529	0.083	0.020	0.000	94.718	100.000	
10.6960	CO210P30	500	2.592673	0.000927	2021-08-20 04:35:36	12.726	0.000	0.333	3.569	5.137	3.574	0.091	0.021	0.000	87.500	59.486	
10.6750	CO210P28	500	2.636039	0.004451	2021-08-20 04:36:05	10.783	0.000	0.325	2.270	4.477	3.587	0.106	0.018	0.000	100.000	100.000	
11.2160	C1310P26	-1	-1000000.000000	-1.000000	2021-08-20 04:36:12	0.000	0.000	0.000	0.000	0.000	0.000	0.000	0.000	0.000	-1.000	-1.000	
10.6430	O1810P34	500	2.714445	0.002193	2021-08-20 04:36:14	8.496	0.000	0.318	1.965	2.505	3.577	0.112	0.019	0.000	100.000	100.000	
10.6530	CO210P26	500	2.695218	0.007375	2021-08-20 04:36:31	11.399	0.000	0.316	2.361	5.041	3.565	0.098	0.019	0.000	100.000	100.000	
10.6220	O1810P32	500	2.766456	0.001194	2021-08-20 04:36:41	9.278	0.000	0.316	1.951	3.350	3.557	0.072	0.032	0.000	100.000	100.000	
10.6320	CO210P24	500	2.745983	0.008414	2021-08-20 04:36:59	11.935	0.000	0.333	2.565	5.370	3.554	0.097	0.016	0.000	100.000	100.000	
10.6020	O1810P30	500	2.826819	0.000910	2021-08-20 04:37:10	11.617	0.000	0.312	4.185	3.338	3.598	0.112	0.072	0.000	90.099	93.591	
10.6110	CO210P22	500	2.797975	0.002073	2021-08-20 04:37:23	9.960	0.000	0.328	1.551	4.413	3.556	0.098	0.013	0.000	100.000	100.000	
10.5820	O1810P28	500	2.876509	0.000935	2021-08-20 04:37:37	11.709	0.000	0.322	4.386	3.257	3.626	0.099	0.020	0.000	86.049	65.323	
10.5910	CO210P20	500	2.856070	0.002191	2021-08-20 04:37:49	10.580	0.000	0.313	1.751	4.812	3.587	0.099	0.018	0.000	100.000	100.000	
10.5630	O1810P26	500	2.933910	0.000921	2021-08-20 04:38:03	10.953	0.000	0.325	3.669	3.242	3.594	0.099	0.024	0.000	70.000	78.353	
11.1940	C1310P24	-1	-1000000.000000	-1.000000	2021-08-20 04:38:15	0.000	0.000	0.000	0.000	0.000	0.000	0.000	0.000	0.000	-1.000	-1.000	
10.5710	CO210P18	500	2.855648	0.006435	2021-08-20 04:38:15	10.776	0.000	0.311	1.669	5.086	3.588	0.098	0.023	0.000	100.000	100.000	
10.5430	O1810P24	500	2.982982	0.000777	2021-08-20 04:38:29	11.912	0.000	0.334	4.162	3.729	3.580	0.102	0.005	0.000	84.074	63.635	
11.1710	C1310P22	516	1.709229	0.001865	2021-08-20 04:38:53	23.936	0.000	0.313	3.070	12.481	7.956	0.110	0.005	0.000	90.000	45.831	
10.5250	O1810P22	500	3.033047	0.000785	2021-08-20 04:39:02	9.431	0.000	0.323	2.784	2.640	3.570	0.108	0.006	0.000	85.000	77.434	
10.5510	CO210P16	500	2.955918	0.000809	2021-08-20 04:39:15	13.166	0.000	0.314	4.463	4.681	3.574	0.113	0.021	0.000	90.000	71.925	
10.5060	O1810P20	500	3.093131	0.000755	2021-08-20 04:39:26	10.316	0.000	0.323	2.564	3.699	3.624	0.088	0.018	0.000	85.000	64.960	
10.5320	CO210P14	500	2.957497	0.008393	2021-08-20 04:39:40	10.552	0.000	0.319	2.168	4.383	3.560	0.097	0.024	0.000	100.000	100.000	
10.4880	O1810P18	500	3.141877	0.000797	2021-08-20 04:39:51	11.105	0.000	0.316	3.384	3.709	3.585	0.101	0.011	0.000	85.000	62.961	
10.5130	CO210P12	500	3.070955	0.001055	2021-08-20 04:40:06	11.623	0.000	0.321	2.961	4.674	3.551	0.098	0.018	0.000	60.000	63.349	
10.4710	O1810P16	500	3.200908	0.000945	2021-08-20 04:40:15	9.204	0.000	0.341	1.882	3.257	3.618	0.099	0.006	0.000	90.000	60.241	
11.1490	C1310P20	500	1.740936	0.001385	2021-08-20 04:40:27	11.090	0.000	0.332	3.669	3.378	3.596	0.101	0.015	0.000	84.383	34.357	
10.4940	CO210P10	500	3.122920	0.000838	2021-08-20 04:40:39	12.433	0.000	0.312	3.479	4.960	3.564	0.101	0.018	0.000	93.100	100.000	
10.4530	O1810P14	500	3.257677	0.000714	2021-08-20 04:40:51	11.324	0.000	0.321	3.564	3.736	3.587	0.100	0.016	0.000	74.671	80.000	
10.4760	CO210P08	523	3.183521	0.005413	2021-08-20 04:41:10	16.720	0.000	0.313	1.745	9.540	5.000	0.104	0.019	0.000	100.000	100.000	
10.4360	O1810P12	500	3.300806	0.000736	2021-08-20 04:41:21	10.874	0.000	0.325	3.985	2.939	3.501	0.097	0.026	0.000	88.376	79.962	
10.4580	CO210P06	500	3.232088	0.001124	2021-08-20 04:41:37	12.224	0.000	0.319	3.569	4.562	3.650	0.109	0.016	0.000	88.025	61.593	
10.4200	O1810P10	500	3.347146	0.000714	2021-08-20 04:41:48	10.240	0.000	0.312	3.064	3.147	3.589	0.102	0.026	0.000	90.000	78.734	
11.1280	C1310P18	500	1.776733	0.001143	2021-08-20 04:41:59	11.356	0.000	0.328	3.595	3.712	3.599	0.103	0.018	0.000	89.595	66.731	
10.3650	CO210R04	500	3.526483	0.000977	2021-08-20 04:42:19	19.570	0.000	0.316	6.265	9.269	3.602	0.101	0.018	0.000	87.037	69.907	
10.4040	O1810P08	500	3.408596	0.000678	2021-08-20 04:42:30	11.120	0.000	0.314	3.062	4.044	3.573	0.102	0.025	0.000	97.523	100.000	
10.3490	CO210R06	500	3.573938	0.000787	2021-08-20 04:42:46	13.599	0.000	0.315	4.646	4.979	3.554	0.093	0.012	0.000	89.785	73.590	
10.2780	O1810R08	-1	-1000000.000000	-1.000000	2021-08-20 04:43:09	0.000	0.000	0.000	0.000	0.000	0.000	0.000	0.000	0.000	-1.000	-1.000	
10.3340	CO210R08	500	3.633141	0.000719	2021-08-20 04:43:17	11.764	0.000	0.328	2.562	5.257	3.516	0.081	0.021	0.000	74.691	48.794	
10.2650	O1810R10	500	3.863352	0.002087	2021-08-20 04:43:30	8.991	0.000	0.316	1.980	3.061	3.528	0.084	0.022	0.000	100.000	100.000	
10.3180	CO210R10	500	3.676590	0.000759	2021-08-20 04:43:43	11.713	0.000	0.334	3.647	3.946	3.623	0.150	0.013	0.000	83.333	28.776	
10.2520	O1810R12	500	3.908874	0.001301	2021-08-20 04:43:55	9.385	0.000	0.320	2.064	3.310	3.562	0.108	0.020	0.000	100.000	100.000	
10.3030	CO210R12	500	3.725396	0.000735	2021-08-20 04:44:09	11.777	0.000	0.313	3.264	4.495	3.588	0.102	0.015	0.000	87.500	37.375	
11.1070	C1310P16	500	1.807735	0.001135	2021-08-20 04:44:20	11.242	0.000	0.324	2.879	4.346	3.568	0.110	0.014	0.000	86.389	53.253	
10.2400	O1810R14	500	3.943170	0.000792	2021-08-20 04:44:31	10.435	0.000	0.320	2.769	3.650	3.582	0.098	0.015	0.000	85.000	54.601	
10.2890	CO210R14	500	3.770311	0.000787	2021-08-20 04:44:43	12.082	0.000	0.335	3.690	4.344	3.599	0.105	0.009	0.000	58.000	44.650	
11.0860	C1310P14	500	1.842478	0.001203	2021-08-20 04:44:57	14.421	0.000	0.318	6.098	4.337	3.555	0.096	0.018	0.000	90.000	39.470	
10.2280	O1810R16	500	3.988099	0.000592	2021-08-20 04:45:08	10.527	0.000	0.321	2.850	3.693	3.549	0.093	0.020	0.000	85.000	58.211	
10.2740	CO210R16	500	3.837438	0.000774	2021-08-20 04:45:24	15.424	0.000	0.318	5.863	5.530	3.596	0.098	0.019	0.000	90.000	26.360	
10.2160	O1810R18	500	4.017239	0.000731	2021-08-20 04:45:34	9.842	0.000	0.326	3.282	2.534	3.585	0.096	0.019	0.000	87.500	51.481	
11.0650	C1310P12	500	1.885919	0.006960	2021-08-20 04:45:46	11.719	0.000	0.311	2.869	4.835	3.586	0.097	0.022	0.000	100.000	100.000	
10.2040	O1810R20	500	4.060441	0.000708	2021-08-20 04:45:57	11.672	0.000	0.321	3.313	4.337	3.583	0.098	0.020	0.000	85.000	40.641	
10.2600	CO210R18	500	3.880973	0.000806	2021-08-20 04:46:10	12.225	0.000	0.330	2.679	5.487	3.615	0.100	0.013	0.000	76.667	28.285	
10.1930	O1810R22	500	4.086239	0.000697	2021-08-20 04:46:23	11.242	0.000	0.318	4.649	2.601	3.559	0.095	0.020	0.000	87.366	45.421	
11.0450	C1310P10	500	1.910908	0.001325	2021-08-20 04:46:37	13.863	0.000	0.312	4.968	4.889	3.581	0.096	0.017	0.000	90.000	80.915	
10.1820	O1810R24	500	4.120723	0.000703	2021-08-20 04:46:47	10.404	0.000	0.313	3.253	3.186	3.554	0.077	0.020	0.000	87.500	41.557	
10.2470	CO210R20	500	3.897700	0.000939	2021-08-20 04:46:59	11.793	0.000	0.328	2.746	5.029	3.573	0.094	0.023	0.000	55.556	42.330	
10.1710	O1810R26	500	4.172054	0.000650	2021-08-20 04:47:11	10.304	0.000	0.317	2.766	3.529	3.576	0.093	0.023	0.000	85.000	52.828	
10.2330	CO210R22	500	3.963631	0.000681	2021-08-20 04:47:25	12.120	0.000	0.341	3.481	4.647	3.545	0.094	0.011	0.000	83.489	36.705	
10.1610	O1810R28	500	4.188796	0.000618	2021-08-20 04:47:37	10.613	0.000	0.322	3.159	3.405	3.608	0.104	0.015	0.000	85.000	50.692	
10.2200	CO210R24	500	4.005929	0.000662	2021-08-20 04:47:52	12.376	0.000	0.324	3.683	4.697	3.558	0.098	0.016	0.000	76.511	35.188	
10.1500	O1810R30	500	4.233217	0.000609	2021-08-20 04:48:02	10.443	0.000	0.315	2.762	3.705	3.548	0.094	0.019	0.000	85.000	65.543	
10.1410	O1810R32	-1	-1000000.000000	-1.000000	2021-08-20 04:48:18	0.000	0.000	0.000	0.000	0.000	0.000	0.000	0.000	0.000	-1.000	-1.000	
10.2070	CO210R26	500	4.047454	0.000674	2021-08-20 04:48:26	19.756	0.000	0.311	10.682	5.071	3.579	0.093	0.020	0.000	89.539	31.035	
10.1310	O1810R34	500	4.280325	0.001171	2021-08-20 04:48:38	8.516	0.000	0.322	2.047	2.480	3.562	0.095	0.010	0.000	100.000	100.000	
11.0250	C1310P08	500	1.940467	0.001270	2021-08-20 04:48:53	12.205	0.000	0.328	3.567	4.641	3.561	0.095	0.014	0.000	89.097	62.532	
10.1220	O1810R36	500	4.302102	0.002428	2021-08-20 04:49:01	8.565	0.000	0.322	1.854	2.732	3.545	0.091	0.020	0.000	100.000	100.000	
10.1950	CO210R28	500	4.078895	0.000654	2021-08-20 04:49:15	13.431	0.000	0.344	4.661	4.768	3.544	0.093	0.022	0.000	90.000	26.110	
11.0050	C1310P06	500	1.970805	0.001260	2021-08-20 04:49:34	10.782	0.000	0.338	2.760	3.950	3.616	0.099	0.018	0.000	99.537	100.000	
10.1820	CO210R30	500	4.116186	0.000739	2021-08-20 04:49:46	11.812	0.000	0.326	3.299	4.484	3.585	0.099	0.018	0.000	67.500	39.869	
10.8840	C1310R06	500	2.189851	0.001523	2021-08-20 04:50:01	13.094	0.000	0.322	4.363	4.739	3.558	0.093	0.020	0.000	100.000	100.000	
10.1700	CO210R32	500	4.158831	0.000624	2021-08-20 04:50:17	15.137	0.000	0.312	6.585	4.591	3.538	0.091	0.020	0.000	85.973	39.659	
10.8670	C1310R08	500	2.223193	0.001084	2021-08-20 04:50:30	12.946	0.000	0.328	5.162	3.802	3.544	0.092	0.018	0.000	90.000	77.474	
10.1590	CO210R34	500	4.209654	0.000641	2021-08-20 04:50:42	11.723	0.000	0.323	2.362	5.351	3.573	0.090	0.024	0.000	80.000	37.664	
10.8500	C1310R10	500	2.254857	0.000925	2021-08-20 04:50:58	15.319	0.000	0.334	8.178	3.140	3.555	0.093	0.019	0.000	87.316	46.017	
9.5520	O1809P46	0	NaN	NaN	2021-08-20 04:51:00	0.441	0.000	0.336	0.102	0.000	0.000	0.002	0.000	0.000	0.100	0.100	
10.1470	CO210R36	500	4.230152	0.000644	2021-08-20 04:51:11	12.522	0.000	0.318	4.445	4.062	3.547	0.139	0.010	0.000	69.520	42.900	
9.5360	O1809P44	500	3.873059	0.000667	2021-08-20 04:51:24	11.847	0.000	0.321	5.176	2.670	3.555	0.104	0.021	0.000	84.973	90.000	
10.8330	C1310R12	500	2.291934	0.001022	2021-08-20 04:51:35	10.942	0.000	0.314	3.562	3.341	3.605	0.108	0.012	0.000	90.000	80.023	
9.5190	O1809P42	500	3.830790	0.000665	2021-08-20 04:51:47	12.027	0.000	0.321	5.361	2.634	3.594	0.099	0.019	0.000	90.000	15.726	
10.8160	C1310R14	500	2.325821	0.001069	2021-08-20 04:51:58	10.502	0.000	0.321	3.049	3.437	3.570	0.097	0.027	0.000	87.500	78.399	
10.1360	CO210R38	500	4.257848	0.000664	2021-08-20 04:52:11	12.961	0.000	0.325	4.063	4.866	3.601	0.100	0.007	0.000	69.626	45.194	
9.5030	O1809P40	500	3.753454	0.000707	2021-08-20 04:52:22	10.582	0.000	0.326	3.052	3.542	3.549	0.097	0.015	0.000	60.000	0.100	
10.8000	C1310R16	500	2.358465	0.000996	2021-08-20 04:52:33	10.750	0.000	0.327	3.568	3.165	3.576	0.099	0.016	0.000	79.627	75.576	
10.1250	CO210R40	500	4.295819	0.000662	2021-08-20 04:52:45	12.078	0.000	0.326	3.061	5.000	3.574	0.099	0.018	0.000	90.000	61.675	
9.4880	O1809P38	500	3.710886	0.000711	2021-08-20 04:52:56	11.443	0.000	0.324	3.761	3.685	3.562	0.094	0.017	0.000	50.111	0.100	
10.7840	C1310R18	500	2.382914	0.000966	2021-08-20 04:53:08	11.311	0.000	0.326	3.669	3.633	3.566	0.097	0.020	0.000	88.750	73.270	
9.4720	O1809P36	500	3.621750	0.000706	2021-08-20 04:53:18	10.672	0.000	0.312	3.682	2.986	3.579	0.098	0.014	0.000	45.192	0.100	
9.7530	CO209P42	500	4.386195	0.000614	2021-08-20 04:53:33	14.802	0.000	0.314	6.087	4.687	3.595	0.100	0.019	0.000	90.000	39.739	
10.7680	C1310R20	500	2.422095	0.001101	2021-08-20 04:54:00	26.717	0.000	0.325	18.360	4.358	3.560	0.095	0.019	0.000	90.000	54.771	
9.4570	O1809P34	500	3.548619	0.000679	2021-08-20 04:54:12	11.401	0.000	0.322	3.466	3.892	3.602	0.105	0.015	0.000	50.000	0.100	
9.7330	CO209P40	500	4.355552	0.000678	2021-08-20 04:54:25	12.762	0.000	0.326	4.166	4.583	3.575	0.096	0.015	0.000	78.385	27.219	
10.7530	C1310R22	500	2.449785	0.001084	2021-08-20 04:54:36	10.678	0.000	0.313	3.568	3.123	3.568	0.096	0.009	0.000	100.000	100.000	
9.4410	O1809P32	500	3.499372	0.000697	2021-08-20 04:54:48	12.114	0.000	0.316	4.278	3.806	3.593	0.098	0.023	0.000	37.153	0.100	
10.7380	C1310R24	500	2.482526	0.000818	2021-08-20 04:54:59	11.288	0.000	0.313	2.946	4.297	3.607	0.100	0.024	0.000	90.000	82.875	
9.7140	CO209P38	500	4.323965	0.000611	2021-08-20 04:55:11	11.745	0.000	0.316	2.985	4.747	3.583	0.097	0.017	0.000	85.000	30.711	
9.4270	O1809P30	500	3.420576	0.000767	2021-08-20 04:55:22	11.100	0.000	0.317	4.250	2.804	3.611	0.099	0.018	0.000	41.835	0.100	
10.7230	C1310R26	500	2.526798	0.000864	2021-08-20 04:55:34	11.631	0.000	0.315	3.983	3.627	3.596	0.095	0.015	0.000	88.666	79.303	
9.4120	O1809P28	500	3.323978	0.000759	2021-08-20 04:55:44	10.191	0.000	0.339	3.166	2.991	3.585	0.100	0.011	0.000	33.706	0.100	
9.6950	CO209P36	500	4.310434	0.000647	2021-08-20 04:55:56	12.128	0.000	0.316	3.581	4.497	3.613	0.098	0.023	0.000	88.750	19.296	
10.7080	C1310R28	500	2.557971	0.000875	2021-08-20 04:56:08	10.957	0.000	0.322	3.141	3.810	3.566	0.096	0.023	0.000	92.125	97.361	
9.3970	O1809P26	500	3.250493	0.000775	2021-08-20 04:56:19	11.618	0.000	0.324	3.965	3.613	3.591	0.097	0.027	0.000	32.779	0.100	
10.6940	C1310R30	500	2.588851	0.001280	2021-08-20 04:56:31	11.572	0.000	0.320	3.046	4.519	3.570	0.095	0.021	0.000	100.000	100.000	
9.6750	CO209P34	500	4.262656	0.000628	2021-08-20 04:56:45	13.796	0.000	0.344	4.863	4.872	3.600	0.097	0.019	0.000	89.122	14.325	
9.3830	O1809P24	500	3.161447	0.000843	2021-08-20 04:56:55	9.944	0.000	0.314	2.563	3.344	3.604	0.104	0.015	0.000	26.901	0.100	
10.6800	C1310R32	500	2.626665	0.001115	2021-08-20 04:57:07	11.566	0.000	0.315	4.162	3.356	3.611	0.104	0.018	0.000	100.000	100.000	
9.3690	O1809P22	500	3.097448	0.000779	2021-08-20 04:57:18	11.230	0.000	0.326	3.486	3.735	3.564	0.103	0.017	0.000	30.718	0.100	
9.6570	CO209P32	500	4.246483	0.000644	2021-08-20 04:57:32	13.410	0.000	0.322	3.762	5.654	3.559	0.094	0.018	0.000	89.375	14.645	
10.6660	C1310R34	500	2.654637	0.000876	2021-08-20 04:57:42	10.574	0.000	0.314	3.700	2.834	3.609	0.098	0.019	0.000	88.750	89.709	
9.3550	O1809P20	500	3.018873	0.000812	2021-08-20 04:57:54	11.550	0.000	0.317	4.084	3.448	3.581	0.099	0.022	0.000	26.942	0.100	
10.6520	C1310R36	500	2.694456	0.001194	2021-08-20 04:58:05	11.286	0.000	0.324	2.266	5.051	3.544	0.076	0.026	0.000	100.000	100.000	
9.6390	CO209P30	500	4.207014	0.000653	2021-08-20 04:58:21	15.036	0.000	0.326	5.552	5.480	3.576	0.090	0.012	0.000	89.844	9.671	
9.3410	O1809P18	500	2.935735	0.001002	2021-08-20 04:58:30	9.351	0.000	0.342	2.362	2.917	3.615	0.099	0.016	0.000	22.779	0.100	
10.6390	C1310R38	500	2.720787	0.001232	2021-08-20 04:58:41	10.768	0.000	0.331	2.368	4.361	3.586	0.100	0.022	0.000	100.000	100.000	
9.6210	CO209P28	500	4.160519	0.000625	2021-08-20 04:58:54	13.004	0.000	0.324	3.348	5.526	3.641	0.142	0.023	0.000	85.000	5.168	
9.3280	O1809P16	500	2.857584	0.000950	2021-08-20 04:59:04	9.258	0.000	0.314	2.568	2.634	3.615	0.111	0.016	0.000	24.112	0.100	
10.6260	C1310R40	500	2.750974	0.002052	2021-08-20 04:59:14	9.371	0.000	0.323	2.355	2.967	3.597	0.110	0.019	0.000	100.000	100.000	
9.6040	CO209P26	500	4.104529	0.000654	2021-08-20 04:59:50	36.566	0.000	0.331	27.779	4.740	3.610	0.092	0.014	0.000	90.000	11.048	
9.3150	O1809P14	500	2.794385	0.000809	2021-08-20 05:00:01	10.467	0.000	0.317	2.978	3.462	3.594	0.095	0.022	0.000	27.779	0.100	
9.5880	CO209P24	500	4.048047	0.000779	2021-08-20 05:00:17	14.229	0.000	0.319	5.162	5.022	3.610	0.097	0.019	0.000	58.042	0.100	
9.3020	O1809P12	500	2.725831	0.000815	2021-08-20 05:00:29	12.169	0.000	0.330	4.568	3.554	3.601	0.097	0.019	0.000	29.306	0.100	
9.5690	CO209P22	500	4.011229	0.000715	2021-08-20 05:00:44	13.886	0.000	0.334	4.466	5.381	3.592	0.094	0.018	0.000	63.148	0.100	
9.2890	O1809P10	500	2.639153	0.001029	2021-08-20 05:00:55	10.646	0.000	0.337	3.152	3.456	3.588	0.101	0.013	0.000	26.203	0.100	
10.1520	C1309P36	-1	-1000000.000000	-1.000000	2021-08-20 05:01:08	0.000	0.000	0.000	0.000	0.000	0.000	0.000	0.000	0.000	-1.000	-1.000	
9.5520	CO209P20	500	3.950580	0.000691	2021-08-20 05:01:11	12.929	0.000	0.311	4.463	4.461	3.576	0.098	0.020	0.000	62.835	0.100	
9.2760	O1809P08	500	2.542085	0.001039	2021-08-20 05:01:22	10.765	0.000	0.326	3.362	3.364	3.597	0.098	0.018	0.000	28.019	0.100	
9.5360	CO209P18	500	3.874554	0.000673	2021-08-20 05:01:36	11.897	0.000	0.317	3.082	4.798	3.585	0.096	0.019	0.000	66.004	0.100	
9.2640	O1809P06	500	2.484764	0.000906	2021-08-20 05:01:48	11.339	0.000	0.314	3.994	3.289	3.621	0.100	0.021	0.000	32.829	0.100	
9.5200	CO209P16	500	3.831408	0.000738	2021-08-20 05:02:02	12.002	0.000	0.325	3.044	4.985	3.531	0.096	0.021	0.000	58.657	0.100	
9.1990	O1809R04	500	2.044104	0.001151	2021-08-20 05:02:13	11.281	0.000	0.344	3.447	3.789	3.587	0.101	0.014	0.000	61.458	0.100	
9.5040	CO209P14	500	3.754538	0.000656	2021-08-20 05:02:28	12.726	0.000	0.326	3.868	4.813	3.614	0.097	0.009	0.000	62.430	0.100	
9.1870	O1809R06	500	1.980023	0.001036	2021-08-20 05:02:40	11.293	0.000	0.320	3.663	3.580	3.617	0.101	0.012	0.000	42.025	0.100	
9.4880	CO209P12	500	3.683492	0.000704	2021-08-20 05:02:54	12.620	0.000	0.325	3.861	4.725	3.587	0.099	0.024	0.000	45.038	0.100	
10.1310	C1309P34	-1	-1000000.000000	-1.000000	2021-08-20 05:03:06	0.000	0.000	0.000	0.000	0.000	0.000	0.000	0.000	0.000	-1.000	-1.000	
9.1760	O1809R08	500	1.920994	0.001184	2021-08-20 05:03:04	10.476	0.000	0.315	2.666	3.750	3.623	0.100	0.022	0.000	31.480	0.100	
9.4730	CO209P10	500	3.639672	0.000867	2021-08-20 05:03:19	12.297	0.000	0.318	3.246	4.999	3.614	0.096	0.024	0.000	57.276	0.100	
10.1100	C1309P32	500	4.342271	0.001679	2021-08-20 05:03:29	9.734	0.000	0.325	2.263	3.449	3.587	0.100	0.011	0.000	100.000	100.000	
9.1660	O1809R10	500	1.827449	0.001169	2021-08-20 05:03:40	10.960	0.000	0.323	3.362	3.576	3.580	0.102	0.017	0.000	19.311	0.100	
9.4580	CO209P08	500	3.564006	0.000739	2021-08-20 05:03:54	13.392	0.000	0.317	5.072	4.301	3.589	0.096	0.017	0.000	53.773	0.100	
10.0900	C1309P30	500	4.397584	0.001014	2021-08-20 05:04:04	10.474	0.000	0.331	2.860	3.547	3.616	0.102	0.018	0.000	100.000	100.000	
9.1550	O1809R12	500	1.755025	0.001078	2021-08-20 05:04:15	10.904	0.000	0.344	3.266	3.617	3.562	0.095	0.020	0.000	19.377	0.100	
9.3540	CO209R06	500	3.019092	0.000847	2021-08-20 05:04:28	13.076	0.000	0.319	4.562	4.464	3.616	0.098	0.017	0.000	45.118	0.100	
10.0700	C1309P28	500	4.453650	0.000599	2021-08-20 05:04:42	13.140	0.000	0.327	5.279	3.829	3.596	0.100	0.009	0.000	90.000	81.352	
9.1450	O1809R14	500	1.690103	0.001177	2021-08-20 05:04:53	10.932	0.000	0.331	3.261	3.597	3.615	0.107	0.021	0.000	22.686	0.100	
9.3420	CO209R08	500	2.939244	0.000930	2021-08-20 05:05:05	12.453	0.000	0.327	3.448	4.930	3.628	0.099	0.020	0.000	48.395	0.100	
10.0500	C1309P26	500	4.489011	0.000558	2021-08-20 05:05:18	13.047	0.000	0.332	4.270	4.733	3.597	0.101	0.014	0.000	89.625	66.843	
9.1340	O1809R16	500	1.625988	0.001287	2021-08-20 05:05:30	11.601	0.000	0.324	3.745	3.832	3.582	0.099	0.019	0.000	17.283	0.100	
10.0310	C1309P24	500	4.527728	0.000619	2021-08-20 05:05:41	10.843	0.000	0.313	2.546	4.285	3.581	0.100	0.018	0.000	90.000	61.858	
9.3290	CO209R10	500	2.888819	0.000799	2021-08-20 05:05:55	13.559	0.000	0.321	4.860	4.674	3.591	0.100	0.014	0.000	45.435	0.100	
10.0120	C1309P22	500	4.534842	0.000582	2021-08-20 05:06:07	11.712	0.000	0.323	2.863	4.845	3.567	0.096	0.018	0.000	90.000	82.454	
9.1250	O1809R18	500	1.504014	0.001275	2021-08-20 05:06:17	10.171	0.000	0.315	2.847	3.333	3.564	0.093	0.018	0.000	24.025	0.100	
9.3170	CO209R12	500	2.739256	0.000923	2021-08-20 05:06:34	16.548	0.000	0.322	7.656	4.909	3.548	0.093	0.021	0.000	44.134	0.100	
9.9940	C1309P20	500	4.587317	0.000568	2021-08-20 05:06:46	12.604	0.000	0.325	4.096	4.478	3.598	0.093	0.015	0.000	90.000	66.392	
9.1150	O1809R20	500	1.503772	0.001512	2021-08-20 05:06:58	11.144	0.000	0.321	3.667	3.415	3.623	0.095	0.023	0.000	22.756	0.100	
9.3050	CO209R14	500	2.740175	0.000969	2021-08-20 05:07:12	13.967	0.000	0.319	5.281	4.628	3.561	0.101	0.078	0.000	46.042	0.100	
9.9750	C1309P18	500	4.616530	0.000932	2021-08-20 05:07:26	14.548	0.000	0.327	6.565	3.973	3.560	0.099	0.025	0.000	81.785	41.187	
9.1050	O1809R22	500	1.439836	0.001730	2021-08-20 05:07:38	11.305	0.000	0.316	3.662	3.606	3.595	0.106	0.021	0.000	21.261	0.100	
9.9570	C1309P16	500	4.625776	0.001058	2021-08-20 05:07:49	10.730	0.000	0.334	3.363	3.308	3.609	0.103	0.013	0.000	100.000	100.000	
9.2940	CO209R16	500	2.654600	0.000831	2021-08-20 05:08:03	14.551	0.000	0.338	5.647	4.842	3.604	0.098	0.021	0.000	37.459	0.100	
9.9400	C1309P14	500	4.638950	0.001065	2021-08-20 05:08:15	11.525	0.000	0.315	2.679	4.862	3.556	0.098	0.016	0.000	100.000	100.000	
9.0950	O1809R24	500	1.438475	0.001596	2021-08-20 05:08:27	11.096	0.000	0.318	3.746	3.287	3.614	0.104	0.027	0.000	16.270	0.100	
9.9230	C1309P12	500	4.625259	0.000817	2021-08-20 05:08:37	10.692	0.000	0.315	3.676	2.983	3.608	0.097	0.013	0.000	88.750	87.856	
9.2820	CO209R18	500	2.582716	0.000859	2021-08-20 05:08:52	14.448	0.000	0.316	5.366	5.098	3.554	0.094	0.021	0.000	43.662	0.100	
9.9060	C1309P10	500	4.611001	0.001374	2021-08-20 05:09:03	11.521	0.000	0.333	2.864	4.644	3.565	0.095	0.020	0.000	100.000	100.000	
9.0860	O1809R26	500	1.328633	0.001575	2021-08-20 05:09:14	10.759	0.000	0.321	3.461	3.352	3.524	0.076	0.024	0.000	14.985	0.100	
9.2710	CO209R20	500	2.536130	0.000943	2021-08-20 05:09:27	12.530	0.000	0.327	3.771	4.765	3.561	0.094	0.011	0.000	32.784	0.100	
9.0770	O1809R28	500	1.327679	0.001255	2021-08-20 05:09:40	10.367	0.000	0.340	2.845	3.503	3.562	0.101	0.016	0.000	18.610	0.100	
9.2610	CO209R22	500	2.471772	0.001052	2021-08-20 05:09:54	13.787	0.000	0.319	4.677	5.082	3.588	0.099	0.022	0.000	37.715	0.100	
9.0680	O1809R30	500	1.236388	0.001764	2021-08-20 05:10:05	9.637	0.000	0.316	2.246	3.407	3.554	0.095	0.019	0.000	15.399	0.100	
9.2500	CO209R24	500	2.393217	0.000930	2021-08-20 05:10:22	13.687	0.000	0.315	4.847	4.826	3.595	0.097	0.007	0.000	37.202	0.100	
9.0590	O1809R32	500	1.163795	0.001709	2021-08-20 05:10:32	9.986	0.000	0.319	2.650	3.307	3.598	0.097	0.015	0.000	15.370	0.100	
9.2400	CO209R26	500	2.326781	0.001057	2021-08-20 05:10:48	12.232	0.000	0.319	2.893	5.333	3.573	0.094	0.020	0.000	30.975	0.100	
9.0510	O1809R34	500	1.125757	0.001861	2021-08-20 05:10:59	10.872	0.000	0.323	3.407	3.469	3.562	0.095	0.016	0.000	19.008	0.100	
9.7620	C1309R08	-1	-1000000.000000	-1.000000	2021-08-20 05:11:02	0.000	0.000	0.000	0.000	0.000	0.000	0.000	0.000	0.000	-1.000	-1.000	
9.2300	CO209R28	500	2.259090	0.001218	2021-08-20 05:11:14	12.348	0.000	0.328	3.248	5.085	3.576	0.095	0.015	0.000	35.917	0.100	
9.0420	O1809R36	500	1.083339	0.002274	2021-08-20 05:11:25	10.887	0.000	0.314	3.345	3.543	3.573	0.094	0.018	0.000	19.505	0.100	
9.2190	CO209R30	500	2.181293	0.001110	2021-08-20 05:11:41	13.543	0.000	0.316	5.182	4.328	3.601	0.101	0.016	0.000	42.935	0.100	
9.0340	O1809R38	500	1.015293	0.002286	2021-08-20 05:11:51	9.816	0.000	0.317	2.364	3.447	3.574	0.097	0.018	0.000	21.940	0.100	
9.2100	CO209R32	500	2.143978	0.000925	2021-08-20 05:12:08	13.789	0.000	0.315	4.545	5.248	3.564	0.095	0.022	0.000	42.522	0.100	
9.7490	C1309R10	500	4.372749	0.000623	2021-08-20 05:12:21	12.734	0.000	0.323	4.362	4.339	3.608	0.096	0.007	0.000	89.626	80.520	
9.0260	O1809R40	500	0.992223	0.002253	2021-08-20 05:12:35	13.158	0.000	0.319	5.886	3.281	3.561	0.094	0.017	0.000	37.130	0.100	
9.7360	C1309R12	500	4.365490	0.000637	2021-08-20 05:12:47	12.821	0.000	0.329	5.048	3.746	3.587	0.099	0.011	0.000	90.000	59.105	
9.2010	CO209R34	500	2.142981	0.001042	2021-08-20 05:13:01	13.529	0.000	0.329	4.764	4.707	3.616	0.101	0.012	0.000	37.755	0.100	
9.7230	C1309R14	500	4.340977	0.000686	2021-08-20 05:13:13	12.064	0.000	0.312	4.261	3.758	3.613	0.101	0.018	0.000	89.665	73.702	
9.7100	C1309R16	500	4.327730	0.000651	2021-08-20 05:13:40	13.312	0.000	0.328	4.944	4.306	3.613	0.101	0.020	0.000	89.917	61.782	
9.6980	C1309R18	500	4.321811	0.000765	2021-08-20 05:14:06	12.723	0.000	0.322	4.682	3.921	3.630	0.140	0.028	0.000	89.844	89.625	
9.6860	C1309R20	500	4.270804	0.000580	2021-08-20 05:14:30	11.064	0.000	0.319	3.960	3.112	3.565	0.093	0.015	0.000	89.668	55.820	
9.6750	C1309R22	500	4.235113	0.000682	2021-08-20 05:14:53	11.065	0.000	0.317	4.062	3.027	3.551	0.088	0.020	0.000	89.688	62.796	
9.0180	O1809R42	-1	-1000000.000000	-1.000000	2021-08-20 05:15:07	0.000	0.000	0.000	0.000	0.000	0.000	0.000	0.000	0.000	-1.000	-1.000	
9.6630	C1309R24	500	4.228437	0.000682	2021-08-20 05:15:19	11.273	0.000	0.323	3.668	3.590	3.585	0.093	0.013	0.000	89.609	54.902	
10.6640	O1810P36	500	2.667844	0.003368	2021-08-20 05:15:34	8.942	0.000	0.321	1.862	3.068	3.566	0.108	0.017	0.000	100.000	100.000	
9.6520	C1309R26	500	4.216257	0.000585	2021-08-20 05:15:46	11.850	0.000	0.316	3.967	3.895	3.558	0.097	0.017	0.000	89.375	59.630	
10.2780	O1810R08	500	3.811738	0.000643	2021-08-20 05:15:57	9.581	0.000	0.328	2.750	2.822	3.571	0.094	0.018	0.000	90.000	90.000	
10.1410	O1810R32	-1	-1000000.000000	-1.000000	2021-08-20 05:16:13	0.000	0.000	0.000	0.000	0.000	0.000	0.000	0.000	0.000	-1.000	-1.000	
9.6420	C1309R28	-1	-1000000.000000	-1.000000	2021-08-20 05:18:04	0.000	0.000	0.000	0.000	0.000	0.000	0.000	0.000	0.000	-1.000	-1.000	
9.5520	O1809P46	-1	-1000000.000000	-1.000000	2021-08-20 05:18:53	0.000	0.000	0.000	0.000	0.000	0.000	0.000	0.000	0.000	-1.000	-1.000	
9.6310	C1309R30	-1	-1000000.000000	-1.000000	2021-08-20 05:20:04	0.000	0.000	0.000	0.000	0.000	0.000	0.000	0.000	0.000	-1.000	-1.000	
9.0180	O1809R42	-1	-1000000.000000	-1.000000	2021-08-20 05:21:46	0.000	0.000	0.000	0.000	0.000	0.000	0.000	0.000	0.000	-1.000	-1.000	
9.6210	C1309R32	-1	-1000000.000000	-1.000000	2021-08-20 05:21:59	0.000	0.000	0.000	0.000	0.000	0.000	0.000	0.000	0.000	-1.000	-1.000	
9.6110	C1309R34	-1	-1000000.000000	-1.000000	2021-08-20 05:23:30	0.000	0.000	0.000	0.000	0.000	0.000	0.000	0.000	0.000	-1.000	-1.000	
11.2160	C1310P26	500	1.644122	0.001560	2021-08-20 05:25:24	11.566	0.000	0.320	3.958	3.568	3.601	0.101	0.017	0.000	89.595	82.511	
11.1940	C1310P24	-1	-1000000.000000	-1.000000	2021-08-20 05:26:59	0.000	0.000	0.000	0.000	0.000	0.000	0.000	0.000	0.000	-1.000	-1.000	
10.1520	C1309P36	-1	-1000000.000000	-1.000000	2021-08-20 05:28:36	0.000	0.000	0.000	0.000	0.000	0.000	0.000	0.000	0.000	-1.000	-1.000	
10.1310	C1309P34	-1	-1000000.000000	-1.000000	2021-08-20 05:30:08	0.000	0.000	0.000	0.000	0.000	0.000	0.000	0.000	0.000	-1.000	-1.000	
9.7620	C1309R08	-1	-1000000.000000	-1.000000	2021-08-20 05:31:41	0.000	0.000	0.000	0.000	0.000	0.000	0.000	0.000	0.000	-1.000	-1.000	
9.6420	C1309R28	500	4.203639	0.000992	2021-08-20 05:33:44	10.423	0.000	0.317	2.579	3.745	3.607	0.146	0.030	0.000	100.000	100.000	
9.6310	C1309R30	-1	-1000000.000000	-1.000000	2021-08-20 05:35:18	0.000	0.000	0.000	0.000	0.000	0.000	0.000	0.000	0.000	-1.000	-1.000	
9.6210	C1309R32	-1	-1000000.000000	-1.000000	2021-08-20 05:36:51	0.000	0.000	0.000	0.000	0.000	0.000	0.000	0.000	0.000	-1.000	-1.000	
9.6110	C1309R34	-1	-1000000.000000	-1.000000	2021-08-20 05:38:23	0.000	0.000	0.000	0.000	0.000	0.000	0.000	0.000	0.000	-1.000	-1.000	
