Wavelength	Line name	# of completed ringdowns	Ringdowntimes (us)	STOT	TimeStamp	Get ringdown time (s)	Step time (s)	Step time (s)	Step time(s)	Step time(s) 	Step time(s) 	Step time(s)	Step time(s)	Step time(s) 	AOM setting	Attenuator setting
10.8110	CO210P40	500	2.120189	0.000972	2021-08-20 01:02:54	10.936	0.000	0.340	1.481	5.262	3.668	0.149	0.035	0.000	100.000	100.000	
10.7870	CO210P38	500	2.218215	0.000792	2021-08-20 01:03:24	13.042	0.000	0.328	3.649	5.336	3.610	0.104	0.016	0.000	90.000	99.432	
10.7640	CO210P36	500	2.234703	0.002303	2021-08-20 01:03:56	13.651	0.000	0.321	5.447	4.203	3.560	0.101	0.018	0.000	90.000	91.476	
10.7410	CO210P34	500	2.297870	0.001273	2021-08-20 01:04:25	11.465	0.000	0.323	2.769	4.749	3.526	0.074	0.024	0.000	100.000	100.000	
10.7190	CO210P32	500	2.340907	0.000774	2021-08-20 01:04:56	13.573	0.000	0.314	4.580	4.984	3.597	0.094	0.005	0.000	90.000	89.050	
11.2390	C1310P28	500	1.516307	0.005675	2021-08-20 01:05:05	8.672	0.000	0.317	1.585	3.046	3.595	0.114	0.015	0.000	100.000	100.000	
10.6640	O1810P36	-1	2.488717	0.002986	2021-08-20 01:05:26	0.000	0.000	0.000	0.000	0.000	0.000	0.000	0.000	0.000	-1.000	-1.000	
10.6960	CO210P30	500	2.428199	0.000766	2021-08-20 01:05:24	13.430	0.000	0.316	4.645	4.803	3.543	0.099	0.024	0.000	90.000	85.603	
10.6750	CO210P28	500	2.484602	0.001627	2021-08-20 01:05:54	11.368	0.000	0.325	2.145	5.178	3.603	0.095	0.022	0.000	100.000	100.000	
10.6430	O1810P34	500	2.552615	0.001205	2021-08-20 01:06:03	9.134	0.000	0.327	1.964	3.148	3.564	0.110	0.020	0.000	100.000	100.000	
10.6530	CO210P26	500	2.534076	0.004326	2021-08-20 01:06:20	11.521	0.000	0.320	2.355	5.145	3.584	0.102	0.016	0.000	100.000	100.000	
10.6220	O1810P32	500	2.605179	0.000922	2021-08-20 01:06:29	9.395	0.000	0.315	2.063	3.312	3.587	0.102	0.016	0.000	100.000	100.000	
10.6320	CO210P24	500	2.554961	0.005323	2021-08-20 01:06:46	11.456	0.000	0.319	2.384	5.134	3.519	0.070	0.030	0.000	100.000	100.000	
10.6020	O1810P30	500	2.650444	0.001110	2021-08-20 01:06:58	11.834	0.000	0.323	4.466	3.380	3.551	0.093	0.020	0.000	90.000	96.586	
10.6110	CO210P22	500	2.619455	0.003133	2021-08-20 01:07:11	10.086	0.000	0.325	1.463	4.594	3.586	0.101	0.018	0.000	100.000	100.000	
11.2160	C1310P26	500	1.559725	0.003252	2021-08-20 01:07:21	9.744	0.000	0.316	2.149	3.546	3.612	0.104	0.018	0.000	100.000	100.000	
10.5820	O1810P28	500	2.672254	0.000734	2021-08-20 01:07:31	10.499	0.000	0.313	3.089	3.389	3.598	0.102	0.009	0.000	90.000	90.000	
10.5910	CO210P20	500	2.675681	0.001694	2021-08-20 01:07:43	11.437	0.000	0.318	1.687	5.726	3.591	0.103	0.013	0.000	100.000	100.000	
10.5630	O1810P26	500	2.712902	0.000519	2021-08-20 01:07:57	11.559	0.000	0.344	4.366	3.145	3.583	0.097	0.023	0.000	83.333	77.970	
10.5710	CO210P18	500	2.655881	0.005091	2021-08-20 01:08:08	10.814	0.000	0.320	1.660	5.139	3.582	0.095	0.019	0.000	100.000	100.000	
10.5430	O1810P24	500	2.643232	0.000915	2021-08-20 01:08:22	10.863	0.000	0.314	3.167	3.663	3.599	0.098	0.021	0.000	85.000	71.181	
10.5510	CO210P16	500	2.653260	0.001628	2021-08-20 01:08:34	11.371	0.000	0.322	1.883	5.417	3.626	0.100	0.023	0.000	100.000	100.000	
10.5250	O1810P22	500	2.626100	0.000549	2021-08-20 01:08:47	10.140	0.000	0.314	3.150	2.965	3.593	0.100	0.018	0.000	85.000	86.668	
10.5320	CO210P14	500	2.653489	0.003586	2021-08-20 01:09:00	10.454	0.000	0.318	2.164	4.259	3.588	0.105	0.019	0.000	100.000	100.000	
10.5060	O1810P20	500	2.801459	0.000882	2021-08-20 01:09:12	11.189	0.000	0.313	3.269	3.934	3.557	0.095	0.021	0.000	90.000	64.587	
10.5130	CO210P12	500	2.790930	0.000424	2021-08-20 01:09:26	11.755	0.000	0.315	2.744	4.958	3.618	0.101	0.019	0.000	87.500	86.850	
11.1940	C1310P24	500	1.603985	0.001043	2021-08-20 01:09:38	11.559	0.000	0.314	2.364	5.167	3.600	0.104	0.012	0.000	100.000	100.000	
10.4880	O1810P18	500	2.846807	0.000613	2021-08-20 01:09:49	11.275	0.000	0.323	4.047	3.240	3.549	0.096	0.021	0.000	87.500	59.573	
10.4940	CO210P10	500	2.845282	0.004105	2021-08-20 01:10:01	11.054	0.000	0.325	1.877	4.465	4.273	0.100	0.014	0.000	100.000	100.000	
11.1710	C1310P22	500	1.625090	0.004287	2021-08-20 01:10:15	13.659	0.000	0.324	4.480	5.130	3.612	0.089	0.023	0.000	90.000	44.773	
10.4710	O1810P16	500	2.932171	0.000829	2021-08-20 01:10:26	11.109	0.000	0.325	3.148	3.903	3.613	0.100	0.020	0.000	90.000	68.354	
10.4760	CO210P08	500	2.938852	0.003255	2021-08-20 01:10:48	10.214	0.000	0.316	1.852	4.360	3.572	0.097	0.016	0.000	100.000	100.000	
10.4530	O1810P14	500	3.005189	0.000992	2021-08-20 01:10:59	10.691	0.000	0.318	3.968	2.671	3.615	0.105	0.015	0.000	83.333	78.366	
10.4360	O1810P12	500	3.057076	0.000526	2021-08-20 01:11:28	11.051	0.000	0.327	3.661	3.365	3.583	0.101	0.014	0.000	88.544	79.969	
11.1490	C1310P20	500	1.628341	0.002982	2021-08-20 01:11:41	12.498	0.000	0.326	3.853	4.628	3.574	0.103	0.014	0.000	89.424	57.621	
10.4580	CO210P06	500	2.976754	0.001491	2021-08-20 01:11:52	10.803	0.000	0.313	1.853	4.889	3.626	0.099	0.022	0.000	100.000	100.000	
10.4200	O1810P10	500	3.088442	0.001358	2021-08-20 01:12:03	10.780	0.000	0.322	3.448	3.330	3.565	0.097	0.019	0.000	87.500	66.750	
10.3650	CO210R04	500	3.164297	0.000405	2021-08-20 01:12:22	15.004	0.000	0.317	6.846	4.106	3.618	0.099	0.019	0.000	90.000	71.863	
10.4040	O1810P08	500	3.153287	0.000616	2021-08-20 01:12:31	8.889	0.000	0.313	1.749	3.112	3.606	0.097	0.013	0.000	100.000	100.000	
10.3490	CO210R06	500	3.118027	0.000625	2021-08-20 01:12:49	10.625	0.000	0.323	1.948	4.610	3.633	0.101	0.011	0.000	100.000	100.000	
10.2780	O1810R08	500	3.462747	0.000676	2021-08-20 01:13:01	11.755	0.000	0.342	4.461	3.239	3.592	0.104	0.017	0.000	90.000	86.397	
10.3340	CO210R08	500	3.182914	0.000462	2021-08-20 01:13:14	11.651	0.000	0.320	2.663	4.970	3.575	0.101	0.022	0.000	74.691	49.534	
10.2650	O1810R10	500	3.504690	0.001114	2021-08-20 01:13:26	11.371	0.000	0.327	4.279	2.941	3.651	0.143	0.029	0.000	89.125	75.550	
10.3180	CO210R10	500	3.339316	0.000602	2021-08-20 01:13:39	11.202	0.000	0.323	2.384	4.779	3.583	0.117	0.016	0.000	80.000	38.365	
10.2520	O1810R12	500	3.466347	0.000572	2021-08-20 01:13:52	10.521	0.000	0.332	2.666	3.788	3.616	0.103	0.016	0.000	85.000	63.069	
11.1280	C1310P18	500	1.671369	0.001615	2021-08-20 01:14:03	11.021	0.000	0.315	2.267	4.727	3.575	0.115	0.022	0.000	100.000	100.000	
10.2400	O1810R14	500	3.460249	0.000650	2021-08-20 01:14:14	10.693	0.000	0.331	3.778	2.891	3.587	0.103	0.002	0.000	87.500	67.378	
10.3030	CO210R12	500	3.304325	0.000529	2021-08-20 01:14:26	12.253	0.000	0.318	3.386	4.847	3.588	0.096	0.019	0.000	88.750	50.061	
11.1070	C1310P16	500	1.681738	0.002265	2021-08-20 01:14:37	10.703	0.000	0.323	2.660	3.970	3.624	0.107	0.019	0.000	100.000	100.000	
10.2280	O1810R16	500	3.489859	0.000547	2021-08-20 01:14:48	10.978	0.000	0.326	3.182	3.758	3.594	0.097	0.021	0.000	85.000	60.873	
10.2890	CO210R14	500	3.354682	0.000472	2021-08-20 01:15:01	12.639	0.000	0.332	3.963	4.621	3.606	0.098	0.018	0.000	64.400	42.498	
11.0860	C1310P14	500	1.710090	0.000949	2021-08-20 01:15:14	13.480	0.000	0.314	5.562	3.881	3.605	0.098	0.021	0.000	90.000	63.079	
10.2160	O1810R18	500	3.546792	0.000924	2021-08-20 01:15:25	10.625	0.000	0.312	3.281	3.320	3.594	0.100	0.019	0.000	90.000	59.674	
10.2740	CO210R16	500	3.437108	0.000593	2021-08-20 01:15:42	17.078	0.000	0.317	7.951	5.133	3.563	0.096	0.018	0.000	87.801	32.048	
11.0650	C1310P12	500	1.733955	0.001148	2021-08-20 01:15:57	14.061	0.000	0.342	6.164	3.840	3.596	0.097	0.021	0.000	90.000	71.265	
10.2040	O1810R20	500	3.608979	0.000454	2021-08-20 01:16:07	10.427	0.000	0.324	2.945	3.505	3.553	0.076	0.023	0.000	85.000	55.805	
10.2600	CO210R18	500	3.509434	0.000488	2021-08-20 01:16:19	12.110	0.000	0.321	3.049	5.061	3.566	0.091	0.022	0.000	88.750	31.453	
11.0450	C1310P10	500	1.737122	0.001027	2021-08-20 01:16:29	9.748	0.000	0.320	2.747	2.987	3.576	0.097	0.021	0.000	100.000	100.000	
10.1930	O1810R22	500	3.658792	0.000795	2021-08-20 01:16:41	11.402	0.000	0.341	3.873	3.504	3.562	0.099	0.024	0.000	87.500	52.659	
10.2470	CO210R20	500	3.191358	0.000543	2021-08-20 01:16:55	13.741	0.000	0.325	4.583	5.145	3.573	0.095	0.021	0.000	87.854	36.172	
10.1820	O1810R24	500	3.651516	0.000445	2021-08-20 01:17:07	11.153	0.000	0.314	3.161	3.973	3.582	0.102	0.021	0.000	90.000	55.164	
10.2330	CO210R22	500	3.492322	0.000500	2021-08-20 01:17:19	10.566	0.000	0.313	2.265	4.284	3.587	0.101	0.016	0.000	68.025	46.170	
10.1710	O1810R26	500	3.695316	0.000484	2021-08-20 01:17:31	10.637	0.000	0.319	3.363	3.287	3.556	0.094	0.018	0.000	87.500	65.434	
10.2200	CO210R24	500	3.488895	0.000587	2021-08-20 01:17:45	10.835	0.000	0.324	2.261	4.548	3.584	0.098	0.020	0.000	68.025	49.693	
10.1610	O1810R28	500	3.685211	0.000852	2021-08-20 01:17:57	10.256	0.000	0.314	2.965	3.280	3.581	0.096	0.021	0.000	85.000	51.264	
10.2070	CO210R26	500	3.566733	0.000488	2021-08-20 01:18:13	13.018	0.000	0.324	3.586	5.413	3.583	0.100	0.013	0.000	73.125	44.639	
10.1500	O1810R30	500	3.656691	0.000494	2021-08-20 01:18:24	11.470	0.000	0.319	4.361	3.124	3.554	0.095	0.017	0.000	90.000	84.255	
10.1950	CO210R28	500	3.607328	0.001244	2021-08-20 01:18:40	13.616	0.000	0.324	5.064	4.542	3.571	0.094	0.021	0.000	90.000	32.932	
11.0250	C1310P08	500	1.782376	0.001991	2021-08-20 01:18:51	10.526	0.000	0.322	2.455	4.060	3.576	0.103	0.010	0.000	100.000	100.000	
10.1410	O1810R32	500	3.615979	0.000445	2021-08-20 01:19:03	11.600	0.000	0.314	4.162	3.393	3.614	0.103	0.013	0.000	88.883	88.474	
10.1820	CO210R30	500	3.651939	0.000573	2021-08-20 01:19:16	12.977	0.000	0.319	3.968	4.998	3.577	0.100	0.014	0.000	86.049	38.851	
10.1310	O1810R34	500	3.734468	0.001919	2021-08-20 01:19:27	9.050	0.000	0.321	1.998	3.070	3.560	0.097	0.004	0.000	100.000	100.000	
10.1700	CO210R32	500	3.687981	0.000561	2021-08-20 01:19:45	12.687	0.000	0.332	3.782	4.845	3.611	0.098	0.020	0.000	70.800	54.117	
10.1220	O1810R36	500	3.595480	0.003300	2021-08-20 01:19:53	8.394	0.000	0.327	1.950	2.445	3.561	0.097	0.014	0.000	100.000	100.000	
11.0050	C1310P06	500	1.751638	0.002227	2021-08-20 01:20:03	9.968	0.000	0.332	2.053	3.833	3.632	0.097	0.021	0.000	100.000	100.000	
10.1590	CO210R34	500	3.675527	0.000391	2021-08-20 01:20:15	11.571	0.000	0.318	2.963	4.566	3.604	0.103	0.017	0.000	75.000	48.688	
10.8840	C1310R06	500	2.017926	0.000863	2021-08-20 01:20:30	12.341	0.000	0.335	4.666	3.621	3.609	0.101	0.009	0.000	100.000	100.000	
10.1470	CO210R36	500	3.686648	0.000475	2021-08-20 01:20:45	14.908	0.000	0.312	5.466	5.388	3.621	0.102	0.019	0.000	85.995	41.519	
10.8670	C1310R08	500	2.064304	0.000789	2021-08-20 01:21:00	14.782	0.000	0.324	6.262	4.502	3.586	0.105	0.002	0.000	90.000	62.295	
10.1360	CO210R38	500	3.615527	0.000725	2021-08-20 01:21:15	14.966	0.000	0.330	6.667	4.247	3.600	0.103	0.019	0.000	87.678	49.337	
10.8500	C1310R10	500	2.079418	0.001451	2021-08-20 01:21:26	11.509	0.000	0.325	2.868	4.576	3.620	0.100	0.020	0.000	100.000	100.000	
10.1250	CO210R40	500	3.592490	0.000506	2021-08-20 01:21:41	11.990	0.000	0.314	3.567	4.391	3.595	0.102	0.020	0.000	90.000	71.080	
10.8330	C1310R12	500	2.132370	0.000880	2021-08-20 01:21:53	12.480	0.000	0.325	5.065	3.413	3.562	0.094	0.021	0.000	90.000	73.111	
9.7530	CO209P42	500	3.682552	0.000555	2021-08-20 01:22:13	17.471	0.000	0.322	8.061	5.386	3.586	0.098	0.018	0.000	84.964	49.421	
10.8160	C1310R14	500	2.174912	0.004306	2021-08-20 01:22:24	11.287	0.000	0.319	3.048	4.180	3.611	0.102	0.026	0.000	88.750	79.463	
9.5520	O1809P46	-1	-1000000.000000	-1.000000	2021-08-20 01:22:40	0.000	0.000	0.000	0.000	0.000	0.000	0.000	0.000	0.000	-1.000	-1.000	
9.7330	CO209P40	500	3.501739	0.000544	2021-08-20 01:22:38	13.182	0.000	0.316	3.851	5.393	3.523	0.071	0.027	0.000	89.375	32.578	
10.8000	C1310R16	500	2.203188	0.000615	2021-08-20 01:22:49	11.334	0.000	0.322	3.949	3.363	3.589	0.093	0.018	0.000	89.652	74.097	
9.5360	O1809P44	500	2.992898	0.000920	2021-08-20 01:23:02	11.409	0.000	0.334	3.762	3.653	3.556	0.098	0.005	0.000	90.000	49.479	
10.7840	C1310R18	500	2.155217	0.003704	2021-08-20 01:23:13	10.781	0.000	0.322	2.674	4.095	3.579	0.099	0.012	0.000	87.500	58.011	
9.7140	CO209P38	500	3.519556	0.000410	2021-08-20 01:23:28	15.447	0.000	0.327	6.047	5.359	3.592	0.100	0.021	0.000	88.829	36.872	
9.5190	O1809P42	500	3.102977	0.000488	2021-08-20 01:23:42	13.443	0.000	0.314	5.771	3.655	3.586	0.100	0.016	0.000	89.375	18.743	
10.7680	C1310R20	500	2.229007	0.000841	2021-08-20 01:23:54	12.272	0.000	0.313	3.768	4.470	3.604	0.101	0.015	0.000	89.375	91.578	
9.5030	O1809P40	500	2.972750	0.000610	2021-08-20 01:24:04	9.497	0.000	0.324	2.753	2.730	3.572	0.099	0.019	0.000	90.000	0.167	
9.6950	CO209P36	500	3.479368	0.000700	2021-08-20 01:24:17	12.583	0.000	0.314	3.754	4.801	3.597	0.098	0.019	0.000	81.111	29.236	
10.7530	C1310R22	500	2.242607	0.001869	2021-08-20 01:24:26	9.527	0.000	0.325	2.072	3.433	3.577	0.101	0.018	0.000	100.000	100.000	
9.4880	O1809P38	500	2.982477	0.000409	2021-08-20 01:24:38	11.617	0.000	0.322	4.166	3.479	3.536	0.097	0.016	0.000	59.454	0.100	
10.7380	C1310R24	500	2.265340	0.001216	2021-08-20 01:24:49	10.765	0.000	0.329	2.664	4.073	3.579	0.102	0.018	0.000	100.000	100.000	
9.6750	CO209P34	500	2.985505	0.000525	2021-08-20 01:25:02	12.558	0.000	0.320	3.268	5.242	3.614	0.104	0.011	0.000	85.000	25.179	
9.4720	O1809P36	500	2.976891	0.000459	2021-08-20 01:25:13	11.474	0.000	0.317	3.762	3.672	3.602	0.097	0.025	0.000	51.168	0.100	
10.7230	C1310R26	500	2.340988	0.003032	2021-08-20 01:25:25	11.435	0.000	0.320	2.771	4.663	3.560	0.099	0.023	0.000	100.000	100.000	
9.4570	O1809P34	500	2.855917	0.000710	2021-08-20 01:25:37	11.584	0.000	0.321	4.266	3.321	3.559	0.096	0.021	0.000	48.318	0.100	
10.7080	C1310R28	500	2.397435	0.001964	2021-08-20 01:25:48	11.025	0.000	0.315	2.748	4.248	3.596	0.099	0.020	0.000	100.000	100.000	
9.6570	CO209P32	500	3.511334	0.000833	2021-08-20 01:26:05	17.044	0.000	0.328	7.853	5.144	3.600	0.101	0.017	0.000	89.653	16.179	
9.4410	O1809P32	500	2.835879	0.000489	2021-08-20 01:26:15	9.946	0.000	0.324	2.546	3.381	3.578	0.095	0.022	0.000	38.765	0.100	
10.6940	C1310R30	500	2.421979	0.001212	2021-08-20 01:26:27	11.418	0.000	0.323	2.364	5.023	3.591	0.100	0.017	0.000	100.000	100.000	
9.4270	O1809P30	500	2.835595	0.000504	2021-08-20 01:26:38	11.283	0.000	0.325	3.683	3.632	3.540	0.078	0.025	0.000	46.095	0.100	
9.6390	CO209P30	500	3.439062	0.000457	2021-08-20 01:26:51	12.709	0.000	0.327	3.261	5.446	3.571	0.091	0.012	0.000	90.000	14.594	
10.6800	C1310R32	500	2.443540	0.001755	2021-08-20 01:27:02	11.264	0.000	0.341	2.169	5.047	3.598	0.099	0.009	0.000	100.000	100.000	
9.4120	O1809P28	500	2.733603	0.000431	2021-08-20 01:27:13	10.937	0.000	0.314	3.278	3.641	3.590	0.100	0.015	0.000	41.004	0.100	
9.6210	CO209P28	500	3.392788	0.000569	2021-08-20 01:27:28	14.121	0.000	0.320	4.971	5.158	3.560	0.094	0.019	0.000	89.961	11.269	
10.6660	C1310R34	500	2.471265	0.000966	2021-08-20 01:27:37	9.549	0.000	0.313	2.562	2.932	3.627	0.100	0.015	0.000	100.000	100.000	
9.3970	O1809P26	500	2.707347	0.000525	2021-08-20 01:27:49	11.035	0.000	0.339	3.568	3.414	3.596	0.104	0.014	0.000	36.192	0.100	
9.6040	CO209P26	500	3.352818	0.000535	2021-08-20 01:28:05	15.767	0.000	0.335	6.450	5.312	3.555	0.097	0.018	0.000	90.000	12.858	
10.6520	C1310R36	500	2.517960	0.002061	2021-08-20 01:28:16	10.957	0.000	0.320	2.263	4.617	3.633	0.100	0.024	0.000	100.000	100.000	
9.3830	O1809P24	500	2.549943	0.000496	2021-08-20 01:28:26	10.367	0.000	0.313	3.270	3.016	3.599	0.143	0.027	0.000	34.810	0.100	
9.5880	CO209P24	500	3.328910	0.000494	2021-08-20 01:28:41	14.960	0.000	0.325	6.672	4.267	3.566	0.109	0.021	0.000	89.653	11.211	
10.6390	C1310R38	500	2.542055	0.001157	2021-08-20 01:28:51	9.700	0.000	0.324	2.387	3.245	3.609	0.112	0.024	0.000	100.000	100.000	
10.6260	C1310R40	-1	2.544727	0.001176	2021-08-20 01:29:03	0.000	0.000	0.000	0.000	0.000	0.000	0.000	0.000	0.000	-1.000	-1.000	
9.3690	O1809P22	500	2.601379	0.000811	2021-08-20 01:29:03	12.416	0.000	0.323	4.648	3.722	3.611	0.101	0.013	0.000	34.441	0.100	
9.5690	CO209P22	500	3.221357	0.000611	2021-08-20 01:29:15	11.130	0.000	0.327	1.989	5.121	3.579	0.095	0.019	0.000	90.000	0.249	
9.3550	O1809P20	500	2.570592	0.000488	2021-08-20 01:29:28	11.414	0.000	0.318	3.849	3.632	3.511	0.076	0.028	0.000	29.692	0.100	
9.5520	CO209P20	500	3.242261	0.000612	2021-08-20 01:29:40	11.803	0.000	0.320	3.248	4.557	3.570	0.097	0.011	0.000	72.363	0.100	
9.3410	O1809P18	500	2.498627	0.000591	2021-08-20 01:29:52	10.137	0.000	0.343	3.244	2.821	3.616	0.101	0.014	0.000	29.317	0.100	
9.5360	CO209P18	500	3.036813	0.000693	2021-08-20 01:30:15	21.317	0.000	0.325	11.884	5.415	3.588	0.097	0.009	0.000	90.000	11.534	
9.3280	O1809P16	500	2.377807	0.000562	2021-08-20 01:30:26	11.343	0.000	0.316	4.365	2.971	3.580	0.096	0.014	0.000	34.227	0.100	
9.5200	CO209P16	500	3.087692	0.000599	2021-08-20 01:30:40	12.317	0.000	0.316	3.153	5.125	3.605	0.100	0.019	0.000	62.746	0.100	
9.3150	O1809P14	500	2.379877	0.000539	2021-08-20 01:30:52	11.343	0.000	0.325	3.751	3.557	3.589	0.101	0.019	0.000	32.484	0.100	
10.1520	C1309P36	-1	-1000000.000000	-1.000000	2021-08-20 01:31:04	0.000	0.000	0.000	0.000	0.000	0.000	0.000	0.000	0.000	-1.000	-1.000	
9.5040	CO209P14	500	2.966082	0.000540	2021-08-20 01:31:04	11.232	0.000	0.318	1.865	5.313	3.613	0.108	0.014	0.000	90.000	1.158	
9.3020	O1809P12	500	2.170174	0.000793	2021-08-20 01:31:18	12.262	0.000	0.317	4.495	3.722	3.609	0.104	0.016	0.000	35.463	0.100	
9.4880	CO209P12	500	2.876141	0.000889	2021-08-20 01:31:32	13.651	0.000	0.323	4.760	4.850	3.597	0.098	0.022	0.000	54.614	0.100	
9.2890	O1809P10	500	2.285915	0.000677	2021-08-20 01:31:42	9.480	0.000	0.316	2.867	2.635	3.557	0.095	0.010	0.000	29.632	0.100	
9.4730	CO209P10	500	2.916001	0.000550	2021-08-20 01:31:58	12.690	0.000	0.319	4.467	4.237	3.560	0.097	0.011	0.000	63.315	0.100	
9.2760	O1809P08	500	2.234797	0.000894	2021-08-20 01:32:08	10.542	0.000	0.315	3.146	3.378	3.593	0.097	0.011	0.000	30.727	0.100	
9.4580	CO209P08	500	2.890152	0.000524	2021-08-20 01:32:24	12.881	0.000	0.312	4.548	4.347	3.567	0.105	0.001	0.000	69.921	0.100	
9.2640	O1809P06	500	2.116151	0.000554	2021-08-20 01:32:35	11.221	0.000	0.315	3.563	3.634	3.582	0.098	0.029	0.000	41.318	0.100	
9.3540	CO209R06	500	2.563933	0.000433	2021-08-20 01:32:51	13.071	0.000	0.321	4.568	4.457	3.608	0.103	0.014	0.000	51.576	0.100	
10.1310	C1309P34	-1	-1000000.000000	-1.000000	2021-08-20 01:33:02	0.000	0.000	0.000	0.000	0.000	0.000	0.000	0.000	0.000	-1.000	-1.000	
9.1990	O1809R04	500	1.828848	0.000897	2021-08-20 01:33:02	11.172	0.000	0.331	3.443	3.664	3.618	0.099	0.017	0.000	75.105	0.100	
9.3420	CO209R08	500	2.502418	0.000548	2021-08-20 01:33:17	13.512	0.000	0.338	4.567	4.952	3.547	0.097	0.010	0.000	57.002	0.100	
10.1100	C1309P32	500	3.805216	0.001362	2021-08-20 01:33:28	9.996	0.000	0.323	2.259	3.716	3.585	0.097	0.016	0.000	100.000	100.000	
9.1870	O1809R06	500	1.785195	0.000860	2021-08-20 01:33:40	12.005	0.000	0.322	4.346	3.605	3.607	0.100	0.024	0.000	44.541	0.100	
10.0900	C1309P30	500	3.796145	0.000931	2021-08-20 01:33:50	10.010	0.000	0.341	2.644	3.337	3.572	0.097	0.019	0.000	100.000	100.000	
9.3290	CO209R10	500	2.437620	0.000614	2021-08-20 01:34:04	14.176	0.000	0.317	5.481	4.688	3.576	0.093	0.022	0.000	51.266	0.100	
10.0700	C1309P28	500	3.869184	0.000613	2021-08-20 01:34:15	10.539	0.000	0.323	2.957	3.537	3.600	0.106	0.017	0.000	100.000	100.000	
9.1760	O1809R08	500	1.726306	0.000504	2021-08-20 01:34:26	11.007	0.000	0.325	3.278	3.671	3.618	0.099	0.016	0.000	30.261	0.100	
9.3170	CO209R12	500	2.164740	0.001640	2021-08-20 01:34:40	13.357	0.000	0.323	4.479	4.828	3.612	0.099	0.016	0.000	53.837	0.100	
10.0500	C1309P26	500	3.884346	0.001166	2021-08-20 01:34:53	12.840	0.000	0.319	5.161	3.690	3.556	0.093	0.021	0.000	89.664	87.976	
9.1660	O1809R10	500	1.624792	0.000591	2021-08-20 01:35:05	11.620	0.000	0.318	3.962	3.625	3.598	0.100	0.017	0.000	22.386	0.100	
10.0310	C1309P24	500	3.802583	0.000641	2021-08-20 01:35:17	12.602	0.000	0.326	3.847	4.751	3.561	0.100	0.017	0.000	90.000	63.796	
9.1550	O1809R12	500	1.591021	0.000673	2021-08-20 01:35:27	9.549	0.000	0.321	2.166	3.379	3.567	0.095	0.021	0.000	22.409	0.100	
9.3050	CO209R14	500	2.168843	0.000751	2021-08-20 01:35:40	13.057	0.000	0.317	4.367	4.671	3.586	0.100	0.016	0.000	53.893	0.100	
10.0120	C1309P22	500	3.760320	0.000645	2021-08-20 01:35:50	9.665	0.000	0.311	2.665	3.014	3.552	0.100	0.023	0.000	100.000	100.000	
9.1450	O1809R14	500	1.535944	0.001115	2021-08-20 01:36:02	11.955	0.000	0.324	4.270	3.654	3.596	0.102	0.009	0.000	26.851	0.100	
9.9940	C1309P20	500	3.819335	0.001860	2021-08-20 01:36:12	9.779	0.000	0.322	3.056	2.676	3.607	0.101	0.017	0.000	100.000	100.000	
9.2940	CO209R16	500	2.203275	0.000794	2021-08-20 01:36:26	14.030	0.000	0.325	5.152	4.842	3.590	0.101	0.020	0.000	44.721	0.100	
9.9750	C1309P18	500	3.814126	0.001539	2021-08-20 01:36:39	12.209	0.000	0.319	3.599	4.608	3.566	0.097	0.019	0.000	92.789	100.000	
9.1340	O1809R16	500	1.488326	0.000957	2021-08-20 01:36:50	11.616	0.000	0.319	4.152	3.546	3.495	0.069	0.035	0.000	18.592	0.100	
9.9570	C1309P16	500	3.854372	0.001041	2021-08-20 01:37:02	11.906	0.000	0.311	3.047	4.851	3.581	0.097	0.019	0.000	100.000	100.000	
9.1250	O1809R18	500	1.399731	0.002033	2021-08-20 01:37:13	10.436	0.000	0.322	3.166	3.264	3.572	0.100	0.013	0.000	24.882	0.100	
9.2820	CO209R18	500	2.205854	0.000569	2021-08-20 01:37:27	14.101	0.000	0.320	4.555	5.566	3.546	0.098	0.016	0.000	51.546	0.100	
9.9400	C1309P14	500	3.830424	0.001486	2021-08-20 01:37:37	10.285	0.000	0.317	2.748	3.492	3.604	0.099	0.024	0.000	100.000	100.000	
9.1150	O1809R20	500	1.397933	0.000566	2021-08-20 01:37:49	11.622	0.000	0.330	4.255	3.334	3.584	0.105	0.014	0.000	23.647	0.100	
9.2710	CO209R20	500	2.203235	0.000636	2021-08-20 01:38:03	13.129	0.000	0.321	4.550	4.551	3.590	0.105	0.012	0.000	36.204	0.100	
9.9230	C1309P12	500	3.768184	0.001468	2021-08-20 01:38:14	11.222	0.000	0.342	2.863	4.280	3.619	0.103	0.015	0.000	100.000	100.000	
9.1050	O1809R22	500	1.321109	0.000969	2021-08-20 01:38:26	12.272	0.000	0.320	4.851	3.433	3.563	0.096	0.009	0.000	23.216	0.100	
9.9060	C1309P10	500	3.925403	0.001128	2021-08-20 01:38:37	10.634	0.000	0.324	2.181	4.415	3.595	0.102	0.017	0.000	99.783	100.000	
9.2610	CO209R22	500	2.167576	0.001809	2021-08-20 01:38:52	14.363	0.000	0.314	4.962	5.424	3.546	0.099	0.017	0.000	43.095	0.100	
9.0950	O1809R24	0	NaN	NaN	2021-08-20 01:38:54	0.421	0.000	0.316	0.102	0.000	0.000	0.003	0.000	0.000	0.100	0.100	
9.2500	CO209R24	500	2.102397	0.002702	2021-08-20 01:39:22	13.950	0.000	0.330	5.160	4.769	3.537	0.140	0.013	0.000	42.106	0.100	
9.0860	O1809R26	500	1.270500	0.000805	2021-08-20 01:39:32	9.666	0.000	0.319	2.366	3.260	3.597	0.109	0.015	0.000	16.919	0.100	
9.2400	CO209R26	500	2.051869	0.001170	2021-08-20 01:39:49	12.208	0.000	0.327	3.448	4.737	3.589	0.103	0.005	0.000	35.391	0.100	
9.0770	O1809R28	500	1.271344	0.002644	2021-08-20 01:39:59	10.094	0.000	0.314	2.692	3.384	3.587	0.098	0.020	0.000	20.796	0.100	
9.2300	CO209R28	500	2.010295	0.002677	2021-08-20 01:40:16	13.384	0.000	0.324	4.365	4.972	3.615	0.108	0.000	0.000	39.828	0.100	
9.0680	O1809R30	500	1.182918	0.000726	2021-08-20 01:40:27	10.490	0.000	0.321	2.747	3.715	3.590	0.098	0.020	0.000	15.637	0.100	
9.7620	C1309R08	-1	-1000000.000000	-1.000000	2021-08-20 01:40:37	0.000	0.000	0.000	0.000	0.000	0.000	0.000	0.000	0.000	-1.000	-1.000	
9.2190	CO209R30	500	1.796410	0.000640	2021-08-20 01:40:44	14.568	0.000	0.321	5.561	4.987	3.576	0.099	0.025	0.000	51.102	0.100	
9.0590	O1809R32	500	1.117021	0.001558	2021-08-20 01:40:54	9.921	0.000	0.313	2.251	3.636	3.600	0.101	0.020	0.000	16.654	0.100	
9.2100	CO209R32	500	1.888793	0.000917	2021-08-20 01:41:11	14.123	0.000	0.312	5.559	4.550	3.583	0.098	0.020	0.000	46.378	0.100	
9.2010	CO209R34	-1	1.886418	0.000562	2021-08-20 01:41:23	0.000	0.000	0.000	0.000	0.000	0.000	0.000	0.000	0.000	-1.000	-1.000	
9.7490	C1309R10	500	3.572422	0.000774	2021-08-20 01:41:22	10.678	0.000	0.324	2.746	3.874	3.615	0.103	0.017	0.000	100.000	100.000	
9.0510	O1809R34	500	1.090514	0.002251	2021-08-20 01:41:34	11.559	0.000	0.322	4.101	3.432	3.598	0.095	0.009	0.000	19.575	0.100	
9.2010	CO209R34	0	NaN	NaN	2021-08-20 01:41:36	0.403	0.000	0.318	0.083	0.000	0.000	0.002	0.000	0.000	0.100	0.100	
9.7360	C1309R12	500	3.412362	0.002374	2021-08-20 01:41:47	11.658	0.000	0.324	2.783	4.834	3.561	0.140	0.016	0.000	100.000	100.000	
9.2010	CO209R34	500	1.886418	0.000562	2021-08-20 01:42:10	21.593	0.000	0.334	5.176	6.579	9.380	0.106	0.017	0.000	42.050	0.100	
9.7230	C1309R14	500	3.603345	0.001071	2021-08-20 01:42:23	13.554	0.000	0.322	5.246	4.307	3.563	0.095	0.021	0.000	90.000	82.999	
9.0420	O1809R36	500	1.042825	0.001704	2021-08-20 01:42:35	11.373	0.000	0.323	3.967	3.401	3.570	0.095	0.017	0.000	19.115	0.100	
9.7100	C1309R16	500	3.490338	0.001364	2021-08-20 01:42:47	11.982	0.000	0.343	3.081	4.848	3.602	0.102	0.006	0.000	100.000	100.000	
9.0340	O1809R38	500	0.982922	0.001550	2021-08-20 01:42:58	11.257	0.000	0.325	3.580	3.646	3.585	0.101	0.020	0.000	23.810	0.100	
9.6980	C1309R18	500	3.510302	0.000617	2021-08-20 01:43:13	14.492	0.000	0.344	5.788	4.637	3.607	0.096	0.020	0.000	90.000	83.785	
9.0260	O1809R40	500	0.972738	0.001334	2021-08-20 01:43:25	11.819	0.000	0.314	3.961	3.783	3.590	0.144	0.027	0.000	40.000	0.100	
9.6860	C1309R20	500	3.243091	0.002175	2021-08-20 01:43:37	11.565	0.000	0.326	3.051	4.564	3.520	0.089	0.015	0.000	100.000	100.000	
9.6750	C1309R22	500	3.032774	0.000641	2021-08-20 01:44:03	13.404	0.000	0.318	5.043	4.337	3.594	0.095	0.015	0.000	89.922	87.884	
9.6630	C1309R24	500	3.452519	0.000700	2021-08-20 01:44:28	12.818	0.000	0.336	4.067	4.724	3.583	0.101	0.007	0.000	89.609	78.874	
9.6520	C1309R26	500	3.457958	0.000616	2021-08-20 01:44:55	13.691	0.000	0.335	4.561	5.098	3.579	0.094	0.023	0.000	100.000	100.000	
9.0180	O1809R42	-1	-1000000.000000	-1.000000	2021-08-20 01:45:58	0.000	0.000	0.000	0.000	0.000	0.000	0.000	0.000	0.000	-1.000	-1.000	
10.6640	O1810P36	500	2.488717	0.002986	2021-08-20 01:46:27	9.107	0.000	0.319	1.387	3.684	3.602	0.105	0.010	0.000	100.000	100.000	
9.6420	C1309R28	-1	-1000000.000000	-1.000000	2021-08-20 01:47:21	0.000	0.000	0.000	0.000	0.000	0.000	0.000	0.000	0.000	-1.000	-1.000	
9.6310	C1309R30	500	3.428433	0.001276	2021-08-20 01:48:50	12.914	0.000	0.326	4.276	4.580	3.622	0.102	0.009	0.000	100.000	100.000	
9.5520	O1809P46	-1	-1000000.000000	-1.000000	2021-08-20 01:49:15	0.000	0.000	0.000	0.000	0.000	0.000	0.000	0.000	0.000	-1.000	-1.000	
9.0950	O1809R24	500	1.319892	0.001479	2021-08-20 01:49:39	10.788	0.000	0.310	3.265	3.523	3.575	0.096	0.018	0.000	22.770	0.100	
9.0180	O1809R42	-1	-1000000.000000	-1.000000	2021-08-20 01:52:15	0.000	0.000	0.000	0.000	0.000	0.000	0.000	0.000	0.000	-1.000	-1.000	
9.6210	C1309R32	0	NaN	NaN	2021-08-20 01:52:44	107.838	0.000	0.337	8.022	76.530	22.945	0.004	0.000	0.000	100.000	100.000	
9.6110	C1309R34	-1	-1000000.000000	-1.000000	2021-08-20 01:54:16	0.000	0.000	0.000	0.000	0.000	0.000	0.000	0.000	0.000	-1.000	-1.000	
10.6260	C1310R40	500	2.544727	0.001176	2021-08-20 01:54:41	8.562	0.000	0.331	1.359	3.146	3.562	0.154	0.010	0.000	100.000	100.000	
10.1520	C1309P36	-1	-1000000.000000	-1.000000	2021-08-20 01:56:18	0.000	0.000	0.000	0.000	0.000	0.000	0.000	0.000	0.000	-1.000	-1.000	
10.1310	C1309P34	-1	-1000000.000000	-1.000000	2021-08-20 01:57:50	0.000	0.000	0.000	0.000	0.000	0.000	0.000	0.000	0.000	-1.000	-1.000	
9.7620	C1309R08	-1	-1000000.000000	-1.000000	2021-08-20 01:59:23	0.000	0.000	0.000	0.000	0.000	0.000	0.000	0.000	0.000	-1.000	-1.000	
9.6420	C1309R28	-1	-1000000.000000	-1.000000	2021-08-20 02:01:20	0.000	0.000	0.000	0.000	0.000	0.000	0.000	0.000	0.000	-1.000	-1.000	
9.6210	C1309R32	-1	-1000000.000000	-1.000000	2021-08-20 02:02:52	0.000	0.000	0.000	0.000	0.000	0.000	0.000	0.000	0.000	-1.000	-1.000	
9.6110	C1309R34	-1	-1000000.000000	-1.000000	2021-08-20 02:04:23	0.000	0.000	0.000	0.000	0.000	0.000	0.000	0.000	0.000	-1.000	-1.000	
