Wavelength	Line name	# of completed ringdowns	Ringdowntimes (us)	STOT	TimeStamp	Get ringdown time (s)	Step time (s)	Step time (s)	Step time(s)	Step time(s) 	Step time(s) 	Step time(s)	Step time(s)	Step time(s) 	AOM setting	Attenuator setting
10.8110	CO210P40	500	1.967267	0.005405	2021-08-19 17:19:33	10.671	0.000	0.338	1.466	4.991	3.620	0.177	0.079	0.000	100.000	100.000	
10.7870	CO210P38	500	2.111438	0.001262	2021-08-19 17:20:04	11.855	0.000	0.326	3.568	4.234	3.595	0.108	0.024	0.000	90.000	93.814	
10.7640	CO210P36	500	2.088875	0.001220	2021-08-19 17:20:33	11.908	0.000	0.330	2.741	5.143	3.575	0.105	0.012	0.000	100.000	100.000	
10.7410	CO210P34	500	2.135618	0.002137	2021-08-19 17:21:02	10.832	0.000	0.317	2.373	4.489	3.542	0.092	0.019	0.000	100.000	100.000	
10.7190	CO210P32	500	2.157361	0.001104	2021-08-19 17:21:35	15.340	0.000	0.327	5.662	5.707	3.535	0.096	0.014	0.000	90.000	87.848	
11.2390	C1310P28	500	1.486699	0.003182	2021-08-19 17:21:46	10.381	0.000	0.315	2.348	3.963	3.624	0.110	0.021	0.000	100.000	100.000	
10.6960	CO210P30	500	2.214093	0.002766	2021-08-19 17:21:59	11.172	0.000	0.335	2.346	4.831	3.544	0.099	0.018	0.000	100.000	100.000	
10.6640	O1810P36	-1	-1000000.000000	-1.000000	2021-08-19 17:22:07	0.000	0.000	0.000	0.000	0.000	0.000	0.000	0.000	0.000	-1.000	-1.000	
10.6750	CO210P28	500	2.239257	0.001461	2021-08-19 17:22:27	10.791	0.000	0.318	2.351	4.398	3.606	0.103	0.015	0.000	100.000	100.000	
10.6430	O1810P34	500	2.289583	0.003971	2021-08-19 17:22:37	9.441	0.000	0.328	1.988	3.429	3.564	0.110	0.021	0.000	100.000	100.000	
10.6530	CO210P26	500	2.262913	0.003137	2021-08-19 17:22:53	11.535	0.000	0.324	2.360	5.145	3.584	0.099	0.023	0.000	100.000	100.000	
10.6220	O1810P32	500	2.323577	0.001371	2021-08-19 17:23:03	9.457	0.000	0.332	2.064	3.384	3.565	0.091	0.022	0.000	100.000	100.000	
10.6320	CO210P24	500	2.286178	0.009507	2021-08-19 17:23:19	11.286	0.000	0.326	2.359	4.844	3.630	0.106	0.022	0.000	100.000	100.000	
10.6020	O1810P30	500	2.355084	0.001226	2021-08-19 17:23:28	9.369	0.000	0.329	2.197	3.175	3.547	0.101	0.019	0.000	100.000	100.000	
10.6110	CO210P22	500	2.328988	0.003886	2021-08-19 17:23:43	9.899	0.000	0.317	1.354	4.512	3.597	0.101	0.019	0.000	100.000	100.000	
10.5820	O1810P28	500	2.361204	0.001149	2021-08-19 17:23:51	8.721	0.000	0.328	2.171	2.519	3.586	0.103	0.014	0.000	100.000	100.000	
11.2160	C1310P26	500	1.505953	0.005195	2021-08-19 17:24:03	9.896	0.000	0.314	2.162	3.669	3.632	0.101	0.018	0.000	100.000	100.000	
10.5630	O1810P26	500	2.405560	0.001003	2021-08-19 17:24:15	11.659	0.000	0.320	4.876	2.711	3.630	0.104	0.018	0.000	90.000	82.113	
10.5910	CO210P20	500	2.365330	0.002851	2021-08-19 17:24:26	10.606	0.000	0.321	1.672	4.910	3.582	0.099	0.022	0.000	100.000	100.000	
11.1940	C1310P24	500	1.551156	0.002506	2021-08-19 17:24:37	10.465	0.000	0.328	2.845	3.588	3.585	0.100	0.018	0.000	100.000	100.000	
10.5430	O1810P24	500	2.329858	0.000975	2021-08-19 17:24:47	10.800	0.000	0.326	2.965	3.799	3.583	0.103	0.023	0.000	80.000	86.456	
10.5710	CO210P18	500	2.362763	0.007390	2021-08-19 17:24:58	10.794	0.000	0.315	1.684	5.117	3.558	0.101	0.020	0.000	100.000	100.000	
10.5250	O1810P22	500	2.357791	0.001122	2021-08-19 17:25:13	11.522	0.000	0.324	4.668	2.855	3.561	0.096	0.019	0.000	90.000	89.443	
10.5510	CO210P16	500	2.359828	0.002051	2021-08-19 17:25:24	10.766	0.000	0.336	1.563	5.200	3.556	0.097	0.015	0.000	100.000	100.000	
10.5060	O1810P20	500	2.441942	0.000980	2021-08-19 17:25:39	11.171	0.000	0.325	3.363	3.767	3.592	0.103	0.022	0.000	90.000	74.233	
10.5320	CO210P14	500	2.233319	0.021017	2021-08-19 17:25:48	9.075	0.000	0.316	1.719	3.358	3.566	0.098	0.017	0.000	100.000	100.000	
10.4880	O1810P18	500	2.418495	0.001138	2021-08-19 17:26:06	12.005	0.000	0.322	4.576	3.410	3.584	0.099	0.013	0.000	85.186	73.137	
10.5130	CO210P12	500	2.447568	0.000960	2021-08-19 17:26:22	15.556	0.000	0.319	6.465	5.097	3.558	0.097	0.020	0.000	89.512	78.904	
10.4710	O1810P16	500	2.529145	0.001012	2021-08-19 17:26:33	10.581	0.000	0.314	2.747	3.818	3.582	0.098	0.022	0.000	85.000	79.179	
10.4940	CO210P10	500	2.446851	0.017219	2021-08-19 17:27:58	81.470	0.000	0.337	3.057	57.077	20.816	0.144	0.039	0.000	100.000	100.000	
11.1710	C1310P22	500	1.575247	0.001729	2021-08-19 17:28:10	12.624	0.000	0.315	4.047	4.556	3.579	0.104	0.023	0.000	90.000	93.203	
10.4530	O1810P14	500	2.572775	0.001097	2021-08-19 17:28:22	11.631	0.000	0.328	4.351	3.213	3.604	0.115	0.020	0.000	90.000	85.928	
10.4760	CO210P08	500	2.538777	0.004329	2021-08-19 17:29:43	80.905	0.000	0.320	3.635	56.085	20.746	0.100	0.018	0.000	100.000	100.000	
10.4360	O1810P12	500	2.632209	0.000827	2021-08-19 17:29:55	11.399	0.000	0.320	3.864	3.549	3.554	0.102	0.009	0.000	90.901	100.000	
11.1490	C1310P20	500	1.592405	0.001450	2021-08-19 17:30:06	11.644	0.000	0.322	3.967	3.626	3.622	0.106	0.001	0.000	89.424	55.391	
10.4200	O1810P10	500	2.681973	0.000916	2021-08-19 17:30:17	10.292	0.000	0.315	2.961	3.286	3.602	0.103	0.025	0.000	85.000	80.311	
10.4580	CO210P06	500	2.584334	0.002166	2021-08-19 17:30:28	10.727	0.000	0.314	1.762	4.924	3.604	0.101	0.023	0.000	100.000	100.000	
10.4040	O1810P08	500	2.745034	0.001715	2021-08-19 17:30:41	9.051	0.000	0.323	1.750	3.276	3.586	0.097	0.018	0.000	100.000	100.000	
10.3650	CO210R04	500	2.746150	0.000981	2021-08-19 17:30:55	12.571	0.000	0.322	4.253	4.360	3.535	0.074	0.026	0.000	100.000	100.000	
10.2780	O1810R08	500	3.078270	0.000927	2021-08-19 17:31:09	11.769	0.000	0.321	4.491	3.315	3.541	0.078	0.024	0.000	90.000	88.708	
10.3490	CO210R06	500	2.706310	0.001313	2021-08-19 17:31:21	10.636	0.000	0.323	1.762	4.927	3.524	0.068	0.031	0.000	100.000	100.000	
10.2650	O1810R10	500	3.136480	0.000851	2021-08-19 17:31:34	10.751	0.000	0.321	3.666	3.098	3.557	0.091	0.017	0.000	85.000	76.941	
10.3340	CO210R08	500	2.756312	0.000962	2021-08-19 17:31:46	11.098	0.000	0.316	2.767	4.321	3.580	0.100	0.013	0.000	83.519	56.557	
10.2520	O1810R12	500	3.141288	0.000838	2021-08-19 17:31:59	10.217	0.000	0.311	2.865	3.385	3.552	0.090	0.014	0.000	85.000	65.561	
10.3180	CO210R10	500	2.890930	0.001042	2021-08-19 17:32:14	12.606	0.000	0.341	3.465	5.084	3.599	0.096	0.020	0.000	76.667	48.539	
11.1280	C1310P18	500	1.630262	0.004190	2021-08-19 17:32:23	9.399	0.000	0.318	1.988	3.372	3.611	0.097	0.012	0.000	100.000	100.000	
10.2400	O1810R14	500	3.168142	0.000753	2021-08-19 17:32:33	10.156	0.000	0.313	3.345	2.820	3.564	0.096	0.018	0.000	85.000	68.950	
10.3030	CO210R12	500	2.871298	0.000900	2021-08-19 17:32:46	12.136	0.000	0.321	3.169	4.979	3.546	0.100	0.021	0.000	76.667	63.821	
10.2280	O1810R16	500	3.198121	0.000767	2021-08-19 17:32:58	11.118	0.000	0.316	3.287	3.788	3.612	0.099	0.016	0.000	90.000	64.709	
10.2890	CO210R14	500	2.956719	0.000784	2021-08-19 17:33:13	14.078	0.000	0.336	5.162	4.872	3.583	0.105	0.020	0.000	84.661	39.627	
10.2160	O1810R18	500	3.331202	0.000744	2021-08-19 17:33:24	10.282	0.000	0.331	2.663	3.557	3.612	0.099	0.019	0.000	85.000	57.766	
10.2740	CO210R16	500	3.053759	0.000912	2021-08-19 17:33:41	13.592	0.000	0.326	4.546	5.031	3.582	0.101	0.005	0.000	69.520	48.711	
10.2040	O1810R20	500	3.340593	0.000820	2021-08-19 17:33:52	10.967	0.000	0.343	3.563	3.391	3.556	0.101	0.014	0.000	87.500	58.663	
11.1070	C1310P16	500	1.652491	0.001595	2021-08-19 17:34:04	12.053	0.000	0.331	3.664	4.375	3.569	0.100	0.013	0.000	100.000	100.000	
10.2600	CO210R18	500	3.162255	0.000875	2021-08-19 17:34:16	11.764	0.000	0.319	2.563	5.177	3.584	0.097	0.024	0.000	80.000	37.663	
10.1930	O1810R22	500	3.445947	0.000787	2021-08-19 17:34:29	12.413	0.000	0.317	4.945	3.422	3.611	0.099	0.019	0.000	87.366	50.925	
11.0860	C1310P14	500	1.677209	0.001331	2021-08-19 17:34:42	13.010	0.000	0.325	4.847	4.139	3.589	0.100	0.010	0.000	90.000	73.662	
10.1820	O1810R24	500	3.401894	0.000777	2021-08-19 17:34:53	10.772	0.000	0.318	2.860	3.864	3.616	0.101	0.013	0.000	85.000	60.030	
10.2470	CO210R20	500	2.767165	0.000949	2021-08-19 17:35:05	12.143	0.000	0.322	2.963	5.159	3.581	0.105	0.012	0.000	87.500	44.525	
11.0650	C1310P12	500	1.725021	0.010535	2021-08-19 17:35:17	11.510	0.000	0.312	2.846	4.644	3.599	0.107	0.002	0.000	100.000	100.000	
10.1710	O1810R26	500	3.492231	0.000796	2021-08-19 17:35:28	10.908	0.000	0.318	3.744	3.171	3.563	0.099	0.012	0.000	70.007	80.000	
10.2330	CO210R22	500	3.212218	0.000780	2021-08-19 17:35:41	13.360	0.000	0.326	4.554	4.801	3.556	0.104	0.019	0.000	88.402	43.304	
10.1610	O1810R28	500	3.437197	0.000854	2021-08-19 17:35:52	10.596	0.000	0.325	3.261	3.343	3.553	0.096	0.017	0.000	85.000	54.094	
10.2200	CO210R24	500	3.269055	0.000910	2021-08-19 17:36:07	11.253	0.000	0.315	2.744	4.520	3.563	0.097	0.015	0.000	75.350	46.580	
10.1500	O1810R30	500	3.450902	0.000793	2021-08-19 17:36:17	9.256	0.000	0.330	2.560	2.698	3.553	0.098	0.016	0.000	100.000	100.000	
10.2070	CO210R26	500	3.307810	0.000816	2021-08-19 17:36:35	12.975	0.000	0.326	4.463	4.529	3.545	0.095	0.016	0.000	87.366	43.402	
10.1410	O1810R32	500	3.412109	0.000885	2021-08-19 17:36:47	11.526	0.000	0.313	4.153	3.394	3.549	0.097	0.020	0.000	90.000	82.833	
10.1950	CO210R28	500	3.407017	0.000740	2021-08-19 17:37:02	12.883	0.000	0.316	4.563	4.324	3.568	0.101	0.012	0.000	90.000	34.115	
10.1820	CO210R30	500	3.403481	0.000842	2021-08-19 17:37:32	12.776	0.000	0.327	3.695	5.029	3.606	0.102	0.017	0.000	84.074	43.233	
11.0450	C1310P10	500	1.739282	0.005391	2021-08-19 17:37:44	11.331	0.000	0.316	2.647	4.659	3.592	0.102	0.016	0.000	100.000	100.000	
10.1700	CO210R32	500	3.478020	0.000801	2021-08-19 17:38:00	14.082	0.000	0.315	5.060	5.005	3.580	0.105	0.018	0.000	80.170	51.634	
10.1590	CO210R34	500	3.404886	0.000726	2021-08-19 17:38:29	11.550	0.000	0.316	3.063	4.511	3.552	0.087	0.021	0.000	87.500	46.042	
10.1310	O1810R34	0	NaN	NaN	2021-08-19 17:38:44	2.617	0.000	0.340	2.274	0.000	0.000	0.003	0.000	0.000	100.000	100.000	
10.1470	CO210R36	500	3.492186	0.000836	2021-08-19 17:38:59	12.742	0.000	0.326	3.162	5.544	3.558	0.140	0.013	0.000	67.500	55.701	
10.1220	O1810R36	0	NaN	NaN	2021-08-19 17:39:02	3.207	0.000	0.336	2.869	0.000	0.000	0.002	0.000	0.000	100.000	100.000	
10.1360	CO210R38	500	3.390961	0.000835	2021-08-19 17:39:31	12.264	0.000	0.322	4.045	4.248	3.529	0.119	0.000	0.000	86.090	54.768	
10.1250	CO210R40	500	3.416693	0.000819	2021-08-19 17:40:01	12.636	0.000	0.313	4.263	4.378	3.574	0.093	0.015	0.000	90.000	76.684	
11.0250	C1310P08	500	1.759397	0.008692	2021-08-19 17:40:14	10.263	0.000	0.320	2.163	4.140	3.544	0.077	0.019	0.000	100.000	100.000	
9.7530	CO209P42	500	2.669340	0.000968	2021-08-19 17:40:31	13.886	0.000	0.317	5.527	4.373	3.563	0.085	0.021	0.000	100.000	100.000	
9.7330	CO209P40	500	2.378317	0.000891	2021-08-19 17:41:01	13.141	0.000	0.314	3.743	5.444	3.537	0.090	0.012	0.000	90.000	55.330	
9.7140	CO209P38	500	2.411833	0.001137	2021-08-19 17:41:31	13.420	0.000	0.314	4.045	5.446	3.522	0.080	0.012	0.000	88.750	60.741	
11.0050	C1310P06	500	1.742577	0.003062	2021-08-19 17:41:43	11.296	0.000	0.309	2.462	4.914	3.520	0.074	0.017	0.000	100.000	100.000	
9.5520	O1809P46	-1	-1000000.000000	-1.000000	2021-08-19 17:42:02	0.000	0.000	0.000	0.000	0.000	0.000	0.000	0.000	0.000	-1.000	-1.000	
9.6950	CO209P36	500	2.292345	0.001046	2021-08-19 17:42:01	17.698	0.000	0.317	9.059	4.675	3.538	0.089	0.020	0.000	89.584	45.700	
10.8840	C1310R06	500	1.962763	0.001784	2021-08-19 17:42:15	13.515	0.000	0.322	4.256	5.244	3.593	0.092	0.008	0.000	100.000	100.000	
9.5360	O1809P44	500	2.117638	0.001219	2021-08-19 17:42:28	12.220	0.000	0.323	4.352	3.765	3.612	0.142	0.026	0.000	80.000	60.327	
10.8670	C1310R08	500	1.990713	0.001391	2021-08-19 17:42:38	10.517	0.000	0.340	2.774	3.685	3.585	0.113	0.019	0.000	93.841	99.267	
9.6750	CO209P34	500	1.822024	0.001299	2021-08-19 17:42:50	11.968	0.000	0.325	3.061	4.910	3.549	0.107	0.015	0.000	90.000	53.199	
9.5190	O1809P42	500	2.147459	0.001144	2021-08-19 17:43:02	12.034	0.000	0.324	4.162	3.842	3.603	0.094	0.009	0.000	90.000	27.023	
9.6570	CO209P32	500	2.327675	0.001072	2021-08-19 17:43:16	13.172	0.000	0.344	3.664	5.499	3.566	0.094	0.005	0.000	60.000	37.220	
10.8500	C1310R10	500	2.013642	0.001147	2021-08-19 17:43:30	14.277	0.000	0.338	6.562	3.716	3.549	0.094	0.017	0.000	90.002	75.198	
9.5030	O1809P40	500	2.026273	0.001344	2021-08-19 17:43:45	14.181	0.000	0.323	6.465	3.700	3.574	0.100	0.020	0.000	90.000	13.320	
10.8330	C1310R12	500	2.057529	0.001224	2021-08-19 17:43:59	14.144	0.000	0.317	5.564	4.592	3.563	0.093	0.015	0.000	90.000	70.278	
9.4880	O1809P38	500	2.083670	0.000999	2021-08-19 17:44:53	54.156	0.000	0.314	47.468	2.666	3.595	0.099	0.014	0.000	90.000	10.798	
10.8160	C1310R14	500	2.090126	0.001120	2021-08-19 17:45:03	10.115	0.000	0.323	2.746	3.335	3.598	0.094	0.019	0.000	85.000	75.774	
9.6390	CO209P30	500	2.271593	0.001053	2021-08-19 17:45:16	12.833	0.000	0.313	3.366	5.442	3.597	0.098	0.017	0.000	85.000	26.508	
9.4720	O1809P36	500	2.053717	0.001018	2021-08-19 17:45:29	12.634	0.000	0.332	4.864	3.715	3.611	0.097	0.016	0.000	83.885	0.100	
10.8000	C1310R16	500	2.101909	0.001379	2021-08-19 17:45:41	12.293	0.000	0.313	4.265	4.012	3.598	0.097	0.009	0.000	85.390	68.738	
9.4570	O1809P34	500	1.928090	0.001202	2021-08-19 17:45:56	14.221	0.000	0.319	6.646	3.542	3.600	0.102	0.012	0.000	90.000	0.115	
10.7840	C1310R18	500	2.040541	0.001141	2021-08-19 17:46:08	12.078	0.000	0.316	3.947	4.136	3.573	0.097	0.010	0.000	89.375	72.221	
9.4410	O1809P32	500	1.971743	0.001090	2021-08-19 17:46:20	11.805	0.000	0.319	4.347	3.425	3.612	0.098	0.007	0.000	60.664	0.100	
10.7680	C1310R20	500	2.092825	0.001476	2021-08-19 17:46:31	11.079	0.000	0.316	3.346	3.747	3.557	0.093	0.020	0.000	100.000	100.000	
9.6210	CO209P28	500	2.281558	0.001153	2021-08-19 17:46:45	13.221	0.000	0.326	3.960	5.230	3.588	0.099	0.017	0.000	87.500	21.169	
9.4270	O1809P30	500	1.964373	0.001114	2021-08-19 17:46:56	11.001	0.000	0.315	3.444	3.570	3.560	0.096	0.016	0.000	68.010	0.100	
10.7530	C1310R22	500	2.106002	0.002751	2021-08-19 17:47:05	9.540	0.000	0.314	2.359	3.140	3.606	0.100	0.021	0.000	100.000	100.000	
9.6040	CO209P26	500	2.283875	0.001143	2021-08-19 17:47:19	13.692	0.000	0.341	4.365	5.285	3.592	0.096	0.014	0.000	90.000	19.812	
9.4120	O1809P28	500	1.879425	0.001252	2021-08-19 17:47:31	11.898	0.000	0.310	4.169	3.729	3.573	0.099	0.018	0.000	56.544	0.100	
10.7380	C1310R24	500	2.110062	0.001813	2021-08-19 17:47:43	11.460	0.000	0.322	2.751	4.678	3.591	0.100	0.017	0.000	100.000	100.000	
9.3970	O1809P26	500	1.860883	0.001144	2021-08-19 17:47:56	13.068	0.000	0.324	5.355	3.704	3.574	0.093	0.019	0.000	54.583	0.100	
10.7230	C1310R26	500	2.162223	0.001551	2021-08-19 17:48:07	10.748	0.000	0.316	2.651	4.075	3.586	0.098	0.021	0.000	100.000	100.000	
9.5880	CO209P24	500	2.305974	0.001051	2021-08-19 17:48:26	19.240	0.000	0.317	10.878	4.352	3.576	0.094	0.022	0.000	88.874	16.516	
9.3830	O1809P24	500	1.705804	0.001279	2021-08-19 17:48:37	11.057	0.000	0.320	3.768	3.289	3.566	0.097	0.018	0.000	48.462	0.100	
10.7080	C1310R28	500	2.197058	0.001476	2021-08-19 17:48:48	10.484	0.000	0.318	2.960	3.504	3.593	0.097	0.012	0.000	100.000	100.000	
9.5690	CO209P22	500	2.238888	0.001227	2021-08-19 17:49:02	14.437	0.000	0.315	5.253	5.182	3.574	0.094	0.019	0.000	90.000	18.197	
9.3690	O1809P22	500	1.766660	0.001319	2021-08-19 17:49:14	11.274	0.000	0.332	3.465	3.786	3.581	0.094	0.016	0.000	49.368	0.100	
10.6940	C1310R30	500	2.211705	0.002091	2021-08-19 17:49:25	11.283	0.000	0.320	2.260	5.002	3.587	0.095	0.018	0.000	100.000	100.000	
9.3550	O1809P20	500	1.769080	0.001243	2021-08-19 17:49:38	12.182	0.000	0.322	4.569	3.623	3.553	0.095	0.020	0.000	40.235	0.100	
9.5520	CO209P20	500	2.289182	0.001067	2021-08-19 17:49:51	13.719	0.000	0.340	5.164	4.544	3.565	0.094	0.011	0.000	90.000	14.970	
10.6800	C1310R32	500	2.232035	0.002698	2021-08-19 17:50:01	9.640	0.000	0.324	2.167	3.453	3.582	0.096	0.018	0.000	100.000	100.000	
9.3410	O1809P18	500	1.717196	0.001275	2021-08-19 17:50:12	11.055	0.000	0.322	4.163	2.867	3.587	0.103	0.013	0.000	42.713	0.100	
9.5360	CO209P18	500	2.128134	0.001123	2021-08-19 17:50:26	13.905	0.000	0.318	4.461	5.448	3.567	0.092	0.019	0.000	90.000	17.125	
10.6660	C1310R34	500	2.238735	0.003513	2021-08-19 17:50:37	10.996	0.000	0.317	2.251	4.731	3.584	0.098	0.016	0.000	100.000	100.000	
9.3280	O1809P16	500	1.631392	0.001194	2021-08-19 17:50:50	12.265	0.000	0.324	4.761	3.523	3.546	0.094	0.017	0.000	47.461	0.100	
10.6520	C1310R36	500	2.264369	0.002792	2021-08-19 17:51:01	10.830	0.000	0.330	2.453	4.373	3.559	0.099	0.016	0.000	100.000	100.000	
9.3150	O1809P14	500	1.611719	0.001329	2021-08-19 17:51:14	12.543	0.000	0.322	4.762	3.739	3.601	0.098	0.022	0.000	44.053	0.100	
10.6390	C1310R38	500	2.284627	0.002103	2021-08-19 17:51:24	9.668	0.000	0.317	2.348	3.326	3.565	0.092	0.020	0.000	100.000	100.000	
9.5200	CO209P16	500	2.131465	0.001172	2021-08-19 17:51:41	17.210	0.000	0.315	8.079	5.150	3.552	0.093	0.021	0.000	90.000	12.173	
9.3020	O1809P12	500	1.485422	0.001339	2021-08-19 17:51:53	12.254	0.000	0.321	4.567	3.675	3.573	0.099	0.019	0.000	51.100	0.100	
10.6260	C1310R40	500	2.256911	0.003177	2021-08-19 17:52:04	10.637	0.000	0.316	2.267	4.342	3.586	0.103	0.023	0.000	100.000	100.000	
9.2890	O1809P10	500	1.546754	0.001490	2021-08-19 17:52:16	12.156	0.000	0.321	4.679	3.471	3.582	0.092	0.012	0.000	41.644	0.100	
9.5040	CO209P14	500	2.006834	0.001304	2021-08-19 17:52:29	12.382	0.000	0.319	3.047	5.321	3.580	0.097	0.018	0.000	90.000	14.976	
9.2760	O1809P08	500	1.503742	0.001378	2021-08-19 17:52:42	11.444	0.000	0.312	3.664	3.800	3.557	0.093	0.018	0.000	45.415	0.100	
9.4880	CO209P12	500	2.013031	0.001092	2021-08-19 17:52:54	11.182	0.000	0.318	1.792	5.366	3.593	0.096	0.016	0.000	90.000	0.164	
9.2640	O1809P06	500	1.428268	0.001529	2021-08-19 17:53:08	11.196	0.000	0.313	3.852	3.362	3.566	0.091	0.012	0.000	55.417	0.100	
9.4730	CO209P10	500	1.998103	0.001031	2021-08-19 17:53:25	16.216	0.000	0.313	7.767	4.433	3.590	0.100	0.013	0.000	89.844	13.643	
9.1990	O1809R04	500	1.211688	0.002222	2021-08-19 17:53:37	12.767	0.000	0.323	5.154	3.602	3.582	0.099	0.006	0.000	90.000	14.358	
9.4580	CO209P08	500	1.962845	0.001241	2021-08-19 17:53:51	12.899	0.000	0.316	4.546	4.375	3.555	0.094	0.014	0.000	89.922	12.430	
10.1520	C1309P36	-1	-1000000.000000	-1.000000	2021-08-19 17:54:13	0.000	0.000	0.000	0.000	0.000	0.000	0.000	0.000	0.000	-1.000	-1.000	
9.3540	CO209R06	500	1.762810	0.001521	2021-08-19 17:54:20	11.570	0.000	0.321	3.365	4.234	3.552	0.082	0.017	0.000	67.925	0.100	
9.1870	O1809R06	0	NaN	NaN	2021-08-19 17:54:22	0.400	0.000	0.312	0.085	0.000	0.000	0.003	0.000	0.000	0.100	0.100	
9.3420	CO209R08	500	1.716028	0.001408	2021-08-19 17:54:52	15.346	0.000	0.311	6.163	5.165	3.567	0.127	0.014	0.000	84.045	0.100	
9.1760	O1809R08	500	1.149916	0.001760	2021-08-19 17:55:04	11.912	0.000	0.321	4.162	3.733	3.575	0.101	0.019	0.000	57.218	0.100	
9.3290	CO209R10	500	1.667799	0.001609	2021-08-19 17:55:18	11.878	0.000	0.318	3.260	4.615	3.574	0.099	0.013	0.000	72.163	0.100	
9.1660	O1809R10	500	1.095474	0.002230	2021-08-19 17:55:31	12.496	0.000	0.316	4.768	3.742	3.561	0.090	0.020	0.000	30.737	0.100	
9.3170	CO209R12	500	1.483061	0.001573	2021-08-19 17:55:44	12.170	0.000	0.326	3.260	4.864	3.603	0.101	0.016	0.000	74.243	0.100	
9.1550	O1809R12	500	1.098656	0.002068	2021-08-19 17:55:54	9.655	0.000	0.333	2.065	3.572	3.578	0.095	0.011	0.000	30.105	0.100	
10.1310	C1309P34	-1	-1000000.000000	-1.000000	2021-08-19 17:56:11	0.000	0.000	0.000	0.000	0.000	0.000	0.000	0.000	0.000	-1.000	-1.000	
9.3050	CO209R14	500	1.483038	0.001930	2021-08-19 17:56:09	11.726	0.000	0.328	2.865	4.853	3.567	0.095	0.016	0.000	71.231	0.100	
9.1450	O1809R14	500	1.078570	0.002070	2021-08-19 17:56:21	11.639	0.000	0.318	4.074	3.539	3.585	0.101	0.021	0.000	34.110	0.100	
10.1100	C1309P32	500	3.629195	0.002284	2021-08-19 17:56:33	10.840	0.000	0.326	2.279	4.502	3.609	0.103	0.021	0.000	100.000	100.000	
9.1340	O1809R16	500	1.070020	0.001966	2021-08-19 17:56:45	11.883	0.000	0.320	4.286	3.610	3.550	0.095	0.022	0.000	24.265	0.100	
9.2940	CO209R16	500	1.506468	0.001821	2021-08-19 17:56:58	13.199	0.000	0.312	4.167	5.052	3.552	0.093	0.021	0.000	60.515	0.100	
10.0900	C1309P30	500	3.633559	0.001695	2021-08-19 17:57:08	9.690	0.000	0.323	2.362	3.280	3.607	0.099	0.019	0.000	100.000	100.000	
9.1250	O1809R18	500	1.045567	0.002175	2021-08-19 17:57:20	12.188	0.000	0.317	4.762	3.373	3.608	0.102	0.027	0.000	31.289	0.100	
10.0700	C1309P28	500	3.599178	0.001243	2021-08-19 17:57:30	10.034	0.000	0.312	2.667	3.248	3.638	0.138	0.032	0.000	100.000	100.000	
9.2820	CO209R18	500	1.491867	0.001760	2021-08-19 17:57:44	13.318	0.000	0.323	3.750	5.539	3.581	0.106	0.020	0.000	67.237	0.100	
10.0500	C1309P26	500	3.563457	0.000863	2021-08-19 17:57:56	12.024	0.000	0.321	4.684	3.289	3.608	0.096	0.025	0.000	93.991	100.000	
9.1150	O1809R20	500	1.045601	0.002241	2021-08-19 17:58:08	12.010	0.000	0.325	4.552	3.387	3.615	0.110	0.021	0.000	30.335	0.100	
10.0310	C1309P24	500	3.500594	0.000911	2021-08-19 17:58:20	11.564	0.000	0.327	3.945	3.582	3.597	0.097	0.016	0.000	90.000	75.209	
9.1050	O1809R22	500	1.010902	0.002347	2021-08-19 17:58:33	12.846	0.000	0.320	5.069	3.728	3.552	0.103	0.075	0.000	28.596	0.100	
10.0120	C1309P22	500	3.271367	0.001555	2021-08-19 17:58:45	11.379	0.000	0.320	2.664	4.643	3.626	0.104	0.021	0.000	100.000	100.000	
9.2710	CO209R20	500	1.483991	0.001866	2021-08-19 17:59:00	14.820	0.000	0.337	6.170	4.643	3.549	0.105	0.015	0.000	48.243	0.100	
9.9940	C1309P20	500	3.293529	0.001255	2021-08-19 17:59:10	10.059	0.000	0.317	2.678	3.382	3.563	0.096	0.024	0.000	100.000	100.000	
9.0950	O1809R24	500	1.011275	0.002227	2021-08-19 17:59:22	12.029	0.000	0.341	4.263	3.743	3.572	0.098	0.011	0.000	24.401	0.100	
9.2610	CO209R22	500	1.449602	0.001423	2021-08-19 17:59:36	14.110	0.000	0.327	4.664	5.405	3.598	0.101	0.015	0.000	59.124	0.100	
9.9750	C1309P18	500	3.212015	0.001253	2021-08-19 17:59:48	11.724	0.000	0.335	2.667	5.050	3.558	0.099	0.016	0.000	100.000	100.000	
9.0860	O1809R26	500	1.009008	0.002568	2021-08-19 18:00:00	11.409	0.000	0.317	4.178	3.290	3.520	0.071	0.032	0.000	19.248	0.100	
9.2500	CO209R24	500	1.410011	0.001771	2021-08-19 18:00:13	13.421	0.000	0.323	4.675	4.731	3.583	0.093	0.017	0.000	53.206	0.100	
9.9570	C1309P16	500	3.223286	0.001428	2021-08-19 18:00:25	11.193	0.000	0.318	2.361	4.822	3.579	0.093	0.019	0.000	100.000	100.000	
9.0770	O1809R28	500	1.009434	0.002318	2021-08-19 18:00:35	10.348	0.000	0.309	2.868	3.465	3.590	0.101	0.016	0.000	24.163	0.100	
9.2400	CO209R26	500	1.367131	0.001614	2021-08-19 18:00:49	13.602	0.000	0.322	4.849	4.704	3.611	0.104	0.012	0.000	45.790	0.100	
9.0680	O1809R30	500	0.971036	0.002219	2021-08-19 18:01:00	11.095	0.000	0.323	3.383	3.716	3.558	0.096	0.020	0.000	18.507	0.100	
9.9400	C1309P14	500	3.163019	0.001308	2021-08-19 18:01:10	9.773	0.000	0.318	2.368	3.391	3.586	0.094	0.016	0.000	100.000	100.000	
9.2300	CO209R28	500	1.336110	0.001814	2021-08-19 18:01:25	14.998	0.000	0.320	5.561	5.446	3.568	0.092	0.011	0.000	53.528	0.100	
9.9230	C1309P12	500	3.122495	0.001198	2021-08-19 18:01:36	10.720	0.000	0.318	2.960	3.710	3.610	0.103	0.019	0.000	100.000	100.000	
9.0590	O1809R32	500	0.927191	0.002542	2021-08-19 18:01:48	12.175	0.000	0.316	4.352	3.828	3.564	0.095	0.020	0.000	19.239	0.100	
9.9060	C1309P10	500	3.253074	0.001427	2021-08-19 18:01:59	10.571	0.000	0.329	2.370	4.154	3.604	0.098	0.016	0.000	100.000	100.000	
9.2190	CO209R30	500	1.212948	0.002092	2021-08-19 18:02:14	15.187	0.000	0.320	5.767	5.442	3.550	0.093	0.014	0.000	62.466	0.100	
9.0510	O1809R34	500	0.916975	0.002476	2021-08-19 18:02:25	11.123	0.000	0.318	3.746	3.417	3.532	0.091	0.018	0.000	22.950	0.100	
9.2100	CO209R32	500	1.250591	0.001707	2021-08-19 18:02:42	13.601	0.000	0.325	4.394	5.162	3.600	0.102	0.017	0.000	61.839	0.100	
9.0420	O1809R36	500	0.886197	0.002845	2021-08-19 18:02:53	10.436	0.000	0.326	3.061	3.345	3.587	0.099	0.019	0.000	21.669	0.100	
9.2010	CO209R34	500	1.251369	0.001908	2021-08-19 18:03:08	12.176	0.000	0.314	3.068	5.074	3.605	0.098	0.017	0.000	58.405	0.100	
9.0340	O1809R38	500	0.826716	0.002799	2021-08-19 18:03:20	11.507	0.000	0.316	3.401	4.119	3.559	0.088	0.025	0.000	25.374	0.100	
9.0260	O1809R40	500	0.840983	0.002981	2021-08-19 18:03:47	12.624	0.000	0.313	4.964	3.666	3.574	0.091	0.015	0.000	43.642	0.100	
9.7620	C1309R08	-1	-1000000.000000	-1.000000	2021-08-19 18:03:50	0.000	0.000	0.000	0.000	0.000	0.000	0.000	0.000	0.000	-1.000	-1.000	
9.7490	C1309R10	500	2.568852	0.001248	2021-08-19 18:04:13	12.278	0.000	0.323	2.679	5.601	3.561	0.094	0.020	0.000	100.000	100.000	
9.7360	C1309R12	500	2.374652	0.002614	2021-08-19 18:04:36	10.099	0.000	0.324	2.345	3.769	3.548	0.095	0.018	0.000	100.000	100.000	
9.7230	C1309R14	500	2.461424	0.001552	2021-08-19 18:04:59	10.293	0.000	0.331	2.747	3.560	3.548	0.089	0.018	0.000	100.000	100.000	
9.7100	C1309R16	500	2.400083	0.001485	2021-08-19 18:05:24	11.690	0.000	0.331	2.759	4.941	3.558	0.096	0.005	0.000	100.000	100.000	
9.6980	C1309R18	500	2.331816	0.002262	2021-08-19 18:05:48	11.173	0.000	0.335	2.663	4.511	3.557	0.094	0.013	0.000	100.000	100.000	
9.6860	C1309R20	500	2.069872	0.002299	2021-08-19 18:06:12	11.213	0.000	0.322	2.676	4.509	3.588	0.097	0.021	0.000	100.000	100.000	
9.0180	O1809R42	-1	-1000000.000000	-1.000000	2021-08-19 18:06:22	0.000	0.000	0.000	0.000	0.000	0.000	0.000	0.000	0.000	-1.000	-1.000	
9.6750	C1309R22	500	1.837880	0.003929	2021-08-19 18:06:43	11.008	0.000	0.328	2.677	4.339	3.553	0.094	0.017	0.000	100.000	100.000	
10.6640	O1810P36	500	2.238431	0.003406	2021-08-19 18:06:52	8.843	0.000	0.329	1.369	3.447	3.583	0.095	0.020	0.000	100.000	100.000	
9.6630	C1309R24	500	2.277819	0.002623	2021-08-19 18:07:06	11.816	0.000	0.340	2.746	5.000	3.616	0.101	0.013	0.000	100.000	100.000	
10.1310	O1810R34	500	3.572313	0.003133	2021-08-19 18:07:15	8.553	0.000	0.335	1.951	2.545	3.602	0.099	0.021	0.000	100.000	100.000	
9.6520	C1309R26	500	2.275505	0.003951	2021-08-19 18:07:28	10.593	0.000	0.326	2.785	3.807	3.565	0.096	0.015	0.000	100.000	100.000	
10.1220	O1810R36	500	3.436503	0.004889	2021-08-19 18:08:32	9.260	0.000	0.321	2.260	3.031	3.546	0.093	0.010	0.000	100.000	100.000	
9.6420	C1309R28	500	2.232987	0.002373	2021-08-19 18:10:05	11.106	0.000	0.318	2.364	4.714	3.594	0.105	0.011	0.000	100.000	100.000	
9.5520	O1809P46	-1	-1000000.000000	-1.000000	2021-08-19 18:11:11	0.000	0.000	0.000	0.000	0.000	0.000	0.000	0.000	0.000	-1.000	-1.000	
9.1870	O1809R06	500	1.148809	0.001855	2021-08-19 18:11:58	12.784	0.000	0.314	5.068	3.735	3.553	0.093	0.021	0.000	37.978	0.100	
9.6310	C1309R30	-1	-1000000.000000	-1.000000	2021-08-19 18:12:04	0.000	0.000	0.000	0.000	0.000	0.000	0.000	0.000	0.000	-1.000	-1.000	
9.0180	O1809R42	-1	-1000000.000000	-1.000000	2021-08-19 18:14:37	0.000	0.000	0.000	0.000	0.000	0.000	0.000	0.000	0.000	-1.000	-1.000	
9.6210	C1309R32	500	2.236355	0.004106	2021-08-19 18:15:09	108.939	0.000	0.331	7.098	80.501	20.838	0.151	0.020	0.000	100.000	100.000	
9.6110	C1309R34	-1	-1000000.000000	-1.000000	2021-08-19 18:16:44	0.000	0.000	0.000	0.000	0.000	0.000	0.000	0.000	0.000	-1.000	-1.000	
10.1520	C1309P36	-1	-1000000.000000	-1.000000	2021-08-19 18:18:20	0.000	0.000	0.000	0.000	0.000	0.000	0.000	0.000	0.000	-1.000	-1.000	
10.1310	C1309P34	-1	-1000000.000000	-1.000000	2021-08-19 18:19:53	0.000	0.000	0.000	0.000	0.000	0.000	0.000	0.000	0.000	-1.000	-1.000	
9.7620	C1309R08	-1	-1000000.000000	-1.000000	2021-08-19 18:21:27	0.000	0.000	0.000	0.000	0.000	0.000	0.000	0.000	0.000	-1.000	-1.000	
9.6310	C1309R30	-1	-1000000.000000	-1.000000	2021-08-19 18:23:00	0.000	0.000	0.000	0.000	0.000	0.000	0.000	0.000	0.000	-1.000	-1.000	
9.6110	C1309R34	-1	-1000000.000000	-1.000000	2021-08-19 18:24:32	0.000	0.000	0.000	0.000	0.000	0.000	0.000	0.000	0.000	-1.000	-1.000	
