//Fitting algorithm output. V. 0.1	maxIter=5000	start_lambda=1e-05	up_factor=10	down_factor=0.8	target_derr=0.0001	multlimit=1e+07
"2021-08-15_10h00m21s_CO210P36.txt.bin"	500	2.44695e-06	0.00129601		2.44015e-06	2.45379e-06	-5.94549e-06	0.0181773	0	2.19155
"2021-08-15_10h01m30s_C1310P28.txt.bin"	500	1.6285e-06	0.000914796		1.62476e-06	1.63228e-06	-4.47419e-06	0.0190775	0	2.27245
"2021-08-15_09h59m22s_CO210P40.txt.bin"	500	2.35701e-06	0.000879029		2.35244e-06	2.36179e-06	-7.12508e-06	0.0291145	0	2.28312
"2021-08-15_10h01m20s_CO210P32.txt.bin"	500	2.55171e-06	0.00059972		2.54766e-06	2.55711e-06	-5.1618e-06	0.0178888	0	2.33657
"2021-08-15_09h59m53s_CO210P38.txt.bin"	500	2.39979e-06	0.00106008		2.39535e-06	2.4041e-06	-1.09575e-05	0.0388628	0	2.38252
"2021-08-15_10h00m50s_CO210P34.txt.bin"	500	2.51251e-06	0.00395623		2.48839e-06	2.53754e-06	-2.29423e-05	0.018946	0	2.9965
"2021-08-15_10h01m44s_CO210P30.txt.bin"	500	2.60883e-06	0.000456829		2.60571e-06	2.61212e-06	-8.94602e-06	0.0256901	0	1.66057
"2021-08-15_10h02m14s_CO210P28.txt.bin"	500	2.66153e-06	0.000821111		2.65728e-06	2.6662e-06	-1.09582e-05	0.0360271	0	1.85009
"2021-08-15_10h02m40s_CO210P26.txt.bin"	500	2.71454e-06	0.00191507		2.70323e-06	2.72662e-06	-2.16347e-06	0.013689	0	1.83979
"2021-08-15_10h02m23s_O1810P34.txt.bin"	500	2.73848e-06	0.000534775		2.73443e-06	2.74236e-06	-7.36416e-06	0.0179329	0	1.90513
"2021-08-15_10h02m50s_O1810P32.txt.bin"	500	2.79411e-06	0.00104013		2.78735e-06	2.80124e-06	-6.03212e-06	0.0150581	0	1.81801
"2021-08-15_10h03m06s_CO210P24.txt.bin"	500	2.76519e-06	0.00249395		2.75113e-06	2.7797e-06	-3.8659e-06	0.0131024	0	1.6164
"2021-08-15_10h03m19s_O1810P30.txt.bin"	500	2.84697e-06	0.000785022		2.84259e-06	2.85124e-06	-7.41519e-05	0.0318005	0	1.99627
"2021-08-15_10h04m18s_CO210P22.txt.bin"	500	2.82473e-06	0.00238553		2.80504e-06	2.84181e-06	-1.36624e-06	0.0136296	0	1.74559
"2021-08-15_10h04m42s_CO210P20.txt.bin"	500	2.88025e-06	0.00131521		2.87391e-06	2.88698e-06	-1.12315e-05	0.021408	0	1.92311
"2021-08-15_10h05m07s_CO210P18.txt.bin"	500	2.92635e-06	0.00291044		2.89817e-06	2.9539e-06	2.81555e-07	0.0120621	0	1.55256
"2021-08-15_10h04m29s_O1810P28.txt.bin"	500	2.90008e-06	0.00049578		2.89668e-06	2.90359e-06	-0.000131425	0.0338029	0	2.52615
"2021-08-15_10h04m55s_O1810P26.txt.bin"	500	2.96029e-06	0.000364784		2.95712e-06	2.96327e-06	-0.000132858	0.0346958	0	2.69178
"2021-08-15_10h05m32s_CO210P16.txt.bin"	500	2.96955e-06	0.000989635		2.96398e-06	2.97553e-06	-1.22735e-05	0.0213003	0	1.67703
"2021-08-15_10h05m44s_C1310P24.txt.bin"	500	1.70715e-06	0.00131713		1.70271e-06	1.71159e-06	-6.78271e-05	0.0445075	0	1.90764
"2021-08-15_10h05m21s_O1810P24.txt.bin"	500	2.99815e-06	0.000909423		2.99285e-06	3.00403e-06	-8.72582e-05	0.0260776	0	2.25055
"2021-08-15_10h06m05s_CO210P14.txt.bin"	500	2.97692e-06	0.00393082		2.94751e-06	3.01052e-06	-3.83841e-06	0.0114877	0	1.79613
"2021-08-15_10h05m54s_O1810P22.txt.bin"	500	3.05418e-06	0.000385713		3.05114e-06	3.05729e-06	-0.000144226	0.0321538	0	2.36176
"2021-08-15_10h06m17s_C1310P22.txt.bin"	500	1.73563e-06	0.00350973		1.72784e-06	1.74328e-06	-6.744e-05	0.0411185	0	2.01312
"2021-08-15_10h06m27s_O1810P20.txt.bin"	500	3.10539e-06	0.000600625		3.10117e-06	3.10914e-06	-0.00014313	0.0323112	0	2.78526
"2021-08-15_10h07m05s_CO210P10.txt.bin"	500	3.14531e-06	0.00178136		3.13009e-06	3.16218e-06	-3.75316e-06	0.0139659	0	1.94804
"2021-08-15_10h06m40s_CO210P12.txt.bin"	500	3.0875e-06	0.00027744		3.08512e-06	3.09013e-06	-0.000151512	0.0360392	0	2.85159
"2021-08-15_10h06m51s_O1810P18.txt.bin"	500	3.15961e-06	0.000530526		3.1556e-06	3.16379e-06	-0.000144292	0.0326338	0	2.93219
"2021-08-15_10h07m17s_O1810P16.txt.bin"	500	3.22346e-06	0.000772368		3.21874e-06	3.22768e-06	-0.000134671	0.0288283	0	2.81422
"2021-08-15_10h07m46s_O1810P14.txt.bin"	500	3.26762e-06	0.000847943		3.26183e-06	3.27268e-06	-0.000145908	0.0317736	0	2.91396
"2021-08-15_10h07m57s_CO210P08.txt.bin"	500	3.1934e-06	0.00365636		3.17458e-06	3.21358e-06	-9.31656e-06	0.0141494	0	1.94467
"2021-08-15_10h08m23s_CO210P06.txt.bin"	500	3.25352e-06	0.00137118		3.24514e-06	3.26058e-06	-1.23025e-05	0.0201423	0	1.94933
"2021-08-15_10h08m36s_C1310P20.txt.bin"	500	1.76385e-06	0.00227695		1.75845e-06	1.76975e-06	-7.71025e-05	0.0477233	0	2.1174
"2021-08-15_10h09m32s_O1810R08.txt"	0	-nan(ind)	nan		nan	nan	nan	nan	0	0.031393
"2021-08-15_10h09m32s_O1810R08.txt.bin"	0	-nan(ind)	nan		nan	nan	nan	nan	0	3.9e-05
"2021-08-15_10h08m11s_O1810P12.txt.bin"	500	3.31863e-06	0.000424983		3.31503e-06	3.32232e-06	-0.000141518	0.0295166	0	2.85136
"2021-08-15_10h08m47s_O1810P10.txt.bin"	500	3.366e-06	0.00133138		3.35867e-06	3.37364e-06	-0.000141063	0.0298523	0	2.92018
"2021-08-15_10h09m02s_CO210R04.txt.bin"	500	3.52821e-06	0.000349636		3.52517e-06	3.53203e-06	-0.000140573	0.028424	0	3.08348
"2021-08-15_10h09m12s_O1810P08.txt.bin"	500	3.42271e-06	0.000306193		3.41935e-06	3.42566e-06	-0.000143711	0.0273186	0	2.87296
"2021-08-15_10h09m29s_CO210R06.txt.bin"	500	3.57033e-06	0.000548669		3.56649e-06	3.57463e-06	-0.000117851	0.0248898	0	2.95205
"2021-08-15_10h10m02s_CO210R08.txt.bin"	500	3.62388e-06	0.000285781		3.62014e-06	3.62659e-06	-0.000149554	0.0304431	0	3.1785
"2021-08-15_10h10m13s_O1810R10.txt.bin"	500	3.87565e-06	0.000845676		3.87013e-06	3.88092e-06	-0.000160141	0.0288318	0	3.10845
"2021-08-15_10h10m52s_C1310P18.txt.bin"	500	1.80346e-06	0.00092607		1.80004e-06	1.80716e-06	-7.07503e-05	0.0441075	0	2.17382
"2021-08-15_10h10m29s_CO210R10.txt.bin"	500	3.70224e-06	0.000345389		3.69876e-06	3.70568e-06	-0.000135495	0.0263894	0	3.17065
"2021-08-15_10h10m40s_O1810R12.txt.bin"	500	3.91073e-06	0.000376061		3.90747e-06	3.91417e-06	-0.000152731	0.0259221	0	3.12539
"2021-08-15_10h11m03s_O1810R14.txt.bin"	500	3.95995e-06	0.000537905		3.95464e-06	3.96546e-06	-0.000137776	0.0242161	0	3.1786
"2021-08-15_10h11m39s_C1310P16.txt.bin"	500	1.8294e-06	0.00267295		1.82239e-06	1.83619e-06	-6.19102e-05	0.0375699	0	1.99495
"2021-08-15_10h11m15s_CO210R12.txt.bin"	500	3.74635e-06	0.000370237		3.7424e-06	3.7497e-06	-0.000150165	0.0287988	0	3.25901
"2021-08-15_10h11m27s_O1810R16.txt.bin"	500	4.00049e-06	0.000299832		3.99743e-06	4.00399e-06	-0.000153808	0.0272724	0	3.25288
"2021-08-15_10h11m50s_O1810R18.txt.bin"	500	4.03857e-06	0.000701934		4.03259e-06	4.04497e-06	-0.000143868	0.0245326	0	3.13477
"2021-08-15_10h12m19s_C1310P14.txt.bin"	500	1.86683e-06	0.000964275		1.86366e-06	1.87029e-06	-5.19725e-05	0.0376488	0	1.94878
"2021-08-15_10h12m06s_CO210R14.txt.bin"	500	3.77999e-06	0.000327267		3.7764e-06	3.78336e-06	-0.000152202	0.0305038	0	3.18005
"2021-08-15_10h12m30s_O1810R20.txt.bin"	500	4.07665e-06	0.000267558		4.07374e-06	4.07982e-06	-0.000137381	0.0226054	0	3.27173
"2021-08-15_10h12m42s_CO210R16.txt.bin"	500	3.83854e-06	0.000339231		3.83479e-06	3.84196e-06	-0.000140232	0.0240782	0	3.18063
"2021-08-15_10h12m53s_O1810R22.txt.bin"	500	4.09417e-06	0.000587338		4.0892e-06	4.0994e-06	-0.000151466	0.0236446	0	3.28797
"2021-08-15_10h13m33s_C1310P12.txt.bin"	500	1.88856e-06	0.0018127		1.88378e-06	1.89399e-06	-2.68438e-06	0.0314237	0	1.77303
"2021-08-15_10h13m10s_CO210R18.txt.bin"	500	3.89839e-06	0.000382172		3.89389e-06	3.90239e-06	-0.000144678	0.0274729	0	3.27772
"2021-08-15_10h13m22s_O1810R24.txt.bin"	500	4.14243e-06	0.000331131		4.13848e-06	4.14623e-06	-0.000155438	0.0255683	0	3.19867
"2021-08-15_10h14m38s_C1310P10.txt.bin"	500	1.92137e-06	0.00106801		1.91773e-06	1.92512e-06	-9.35888e-06	0.031208	0	1.79827
"2021-08-15_10h13m48s_CO210R20.txt.bin"	500	3.90286e-06	0.000297065		3.89913e-06	3.90626e-06	-0.000136904	0.0248428	0	3.18989
"2021-08-15_10h13m58s_O1810R26.txt.bin"	500	4.17099e-06	0.000340537		4.16674e-06	4.17505e-06	-0.00014817	0.0237483	0	3.25628
"2021-08-15_10h14m25s_O1810R28.txt.bin"	500	4.1955e-06	0.000583017		4.1904e-06	4.20053e-06	-0.000146682	0.0227232	0	3.25205
"2021-08-15_10h14m15s_CO210R22.txt.bin"	500	3.97967e-06	0.000374833		3.97562e-06	3.98356e-06	-0.000155419	0.0287456	0	3.35831
"2021-08-15_10h14m52s_CO210R24.txt.bin"	500	4.01951e-06	0.000479684		4.01497e-06	4.02362e-06	-0.000145258	0.0269103	0	3.38213
"2021-08-15_10h15m02s_O1810R30.txt.bin"	500	4.23937e-06	0.000359435		4.23469e-06	4.2435e-06	-0.00015448	0.0238663	0	3.18919
"2021-08-15_10h15m55s_O1810R34.txt.bin"	500	4.29255e-06	0.00086339		4.28428e-06	4.30258e-06	-4.65029e-05	0.0137367	0	2.65655
"2021-08-15_10h15m18s_CO210R26.txt.bin"	500	4.05433e-06	0.000290204		4.05118e-06	4.05762e-06	-0.000149253	0.0270709	0	3.38412
"2021-08-15_10h15m29s_O1810R32.txt.bin"	500	4.25816e-06	0.000306781		4.25509e-06	4.26201e-06	-0.000131327	0.0204398	0	3.25937
"2021-08-15_10h15m46s_CO210R28.txt.bin"	500	4.09143e-06	0.00107953		4.08443e-06	4.09933e-06	-0.000155118	0.0277964	0	3.49072
"2021-08-15_10h17m56s_O1810R36.txt"	0	-nan(ind)	nan		nan	nan	nan	nan	0	0.000931
"2021-08-15_10h17m56s_O1810R36.txt.bin"	0	-nan(ind)	nan		nan	nan	nan	nan	0	3.9e-05
"2021-08-15_10h16m18s_CO210R30.txt.bin"	500	4.14067e-06	0.00049373		4.13552e-06	4.14532e-06	-0.000124643	0.0206744	0	3.337
"2021-08-15_10h17m03s_C1310P08.txt.bin"	500	1.96838e-06	0.000454294		1.96604e-06	1.97086e-06	-2.14814e-05	0.0413234	0	1.89638
"2021-08-15_10h16m51s_CO210R32.txt.bin"	500	4.17708e-06	0.000270467		4.17389e-06	4.18116e-06	-0.0001467	0.0246723	0	3.3299
"2021-08-15_10h17m17s_CO210R34.txt.bin"	500	4.21266e-06	0.000314805		4.20818e-06	4.21608e-06	-0.000158728	0.0279414	0	3.38264
"2021-08-15_10h17m52s_CO210R36.txt.bin"	500	4.25206e-06	0.000370735		4.24751e-06	4.25705e-06	-0.000122608	0.0203313	0	3.59176
"2021-08-15_10h18m25s_CO210R38.txt.bin"	500	4.26732e-06	0.000474376		4.26194e-06	4.27251e-06	-0.000137881	0.023422	0	3.57019
"2021-08-15_10h19m39s_C1310P06.txt.bin"	500	1.99446e-06	0.00238303		1.9833e-06	2.00525e-06	-4.06072e-06	0.0131643	0	1.77584
"2021-08-15_10h18m56s_CO210R40.txt.bin"	500	4.30374e-06	0.000297713		4.30044e-06	4.30689e-06	-0.0001614	0.0271941	0	3.36666
"2021-08-15_10h19m28s_CO209P42.txt.bin"	500	4.38981e-06	0.000327681		4.38605e-06	4.3939e-06	-0.000152023	0.0242352	0	3.47409
"2021-08-15_10h20m23s_C1310R06.txt.bin"	500	2.20702e-06	0.000560285		2.20354e-06	2.21062e-06	-8.1129e-06	0.0193192	0	1.74137
"2021-08-15_10h20m48s_C1310R08.txt.bin"	500	2.2504e-06	0.000566606		2.24744e-06	2.25362e-06	-1.08556e-05	0.0411165	0	1.80515
"2021-08-15_10h19m59s_CO209P40.txt.bin"	500	4.35345e-06	0.000313663		4.34968e-06	4.35786e-06	-0.00014651	0.0244403	0	3.56283
"2021-08-15_10h21m30s_C1310R10.txt.bin"	500	2.28106e-06	0.000427373		2.2779e-06	2.28345e-06	-9.97935e-06	0.0342095	0	1.66322
"2021-08-15_10h20m35s_CO209P38.txt.bin"	500	4.32059e-06	0.00029094		4.3169e-06	4.32437e-06	-0.000153468	0.0245482	0	3.40453
"2021-08-15_10h21m15s_O1809P44.txt.bin"	500	3.86903e-06	0.00056228		3.86391e-06	3.87389e-06	-0.000139857	0.0244486	0	3.06084
"2021-08-15_10h21m04s_CO209P36.txt.bin"	500	4.31441e-06	0.000439071		4.31026e-06	4.3187e-06	-0.00014909	0.0249602	0	3.46831
"2021-08-15_10h22m05s_C1310R12.txt.bin"	500	2.31401e-06	0.00112534		2.30837e-06	2.31837e-06	-1.28015e-05	0.0291642	0	1.78462
"2021-08-15_10h21m50s_O1809P42.txt.bin"	500	3.82913e-06	0.000332925		3.82586e-06	3.83309e-06	-0.000133673	0.0240058	0	3.14054
"2021-08-15_10h22m39s_C1310R14.txt.bin"	500	2.34164e-06	0.00455378		2.32787e-06	2.35569e-06	-7.92637e-06	0.0187038	0	1.75369
"2021-08-15_10h22m16s_O1809P40.txt.bin"	500	3.7484e-06	0.000283238		3.74497e-06	3.75159e-06	-0.000151672	0.0291621	0	3.12606
"2021-08-15_10h23m04s_C1310R16.txt.bin"	500	2.37914e-06	0.000509128		2.37606e-06	2.38241e-06	-2.10057e-05	0.0295537	0	1.74032
"2021-08-15_10h22m29s_CO209P34.txt.bin"	500	4.25675e-06	0.000327779		4.25334e-06	4.2615e-06	-0.000150534	0.0250882	0	3.29675
"2021-08-15_10h22m51s_O1809P38.txt.bin"	500	3.70274e-06	0.000344942		3.69853e-06	3.7061e-06	-0.000146341	0.0268266	0	3.1168
"2021-08-15_10h23m38s_C1310R18.txt.bin"	500	2.38297e-06	0.00297272		2.37374e-06	2.39297e-06	-1.05697e-05	0.0341287	0	1.73211
"2021-08-15_10h24m02s_C1310R20.txt.bin"	500	2.43707e-06	0.000267704		2.43525e-06	2.43888e-06	-2.36914e-06	0.0327191	0	1.77248
"2021-08-15_10h23m15s_O1809P36.txt.bin"	500	3.62389e-06	0.00030043		3.61971e-06	3.62787e-06	-0.000137145	0.0267333	0	3.06839
"2021-08-15_10h23m50s_O1809P34.txt.bin"	500	3.53798e-06	0.000437636		3.53439e-06	3.54141e-06	-0.000140911	0.0288075	0	2.9365
"2021-08-15_10h23m27s_CO209P32.txt.bin"	500	4.22708e-06	0.000567658		4.22156e-06	4.23257e-06	-0.000153452	0.0257701	0	3.37579
"2021-08-15_10h24m36s_C1310R22.txt.bin"	500	2.46392e-06	0.0009533		2.45883e-06	2.46863e-06	-9.29601e-06	0.01994	0	1.7105
"2021-08-15_10h24m25s_O1809P32.txt.bin"	500	3.49458e-06	0.000288433		3.49172e-06	3.49805e-06	-0.00014106	0.0264811	0	2.91994
"2021-08-15_10h24m14s_CO209P30.txt.bin"	500	4.1857e-06	0.000301018		4.18215e-06	4.18906e-06	-0.000153282	0.0262837	0	3.35413
"2021-08-15_10h25m11s_C1310R24.txt.bin"	500	2.49268e-06	0.000494939		2.48921e-06	2.49667e-06	-3.48821e-06	0.0178429	0	1.77026
"2021-08-15_10h24m47s_O1809P30.txt.bin"	500	3.42497e-06	0.00036664		3.42164e-06	3.4291e-06	-0.000127307	0.0247504	0	2.94589
"2021-08-15_10h24m59s_CO209P28.txt.bin"	500	4.13561e-06	0.000266338		4.13176e-06	4.13906e-06	-0.000165012	0.0282243	0	3.30221
"2021-08-15_10h25m53s_C1310R26.txt.bin"	500	2.53854e-06	0.00245818		2.52972e-06	2.54688e-06	-1.26833e-05	0.0264348	0	1.79033
"2021-08-15_10h25m22s_O1809P28.txt.bin"	500	3.32943e-06	0.000329409		3.32628e-06	3.33321e-06	-0.000125022	0.0232777	0	2.84413
"2021-08-15_10h26m04s_O1809P26.txt.bin"	500	3.25079e-06	0.00029339		3.24797e-06	3.25362e-06	-0.00014293	0.0310041	0	2.87046
"2021-08-15_10h25m42s_CO209P26.txt.bin"	500	4.1005e-06	0.000373693		4.09667e-06	4.1039e-06	-0.000153888	0.0284102	0	3.41597
"2021-08-15_10h26m30s_C1310R28.txt.bin"	500	2.58052e-06	0.00128098		2.57418e-06	2.58638e-06	-6.36259e-06	0.0213883	0	1.72171
"2021-08-15_10h26m18s_CO209P24.txt.bin"	500	4.04354e-06	0.00029316		4.04031e-06	4.04649e-06	-0.000154638	0.0284375	0	3.36959
"2021-08-15_10h26m41s_O1809P24.txt.bin"	500	3.15266e-06	0.000332883		3.14976e-06	3.15578e-06	-0.000143816	0.0292917	0	2.79307
"2021-08-15_10h27m05s_C1310R30.txt.bin"	500	2.5953e-06	0.000900439		2.58964e-06	2.60284e-06	-5.4162e-07	0.0127658	0	1.69578
"2021-08-15_10h27m27s_C1310R32.txt.bin"	500	2.63757e-06	0.0016317		2.62901e-06	2.64614e-06	-2.08344e-06	0.0137268	0	1.68255
"2021-08-15_10h26m54s_CO209P22.txt.bin"	500	3.99786e-06	0.000300829		3.99407e-06	4.00148e-06	-0.000150454	0.0282512	0	3.35265
"2021-08-15_10h27m17s_O1809P22.txt.bin"	500	3.09208e-06	0.000570901		3.08863e-06	3.09581e-06	-0.000137113	0.0303776	0	2.76667
"2021-08-15_10h28m00s_C1310R34.txt.bin"	500	2.66662e-06	0.000561179		2.66276e-06	2.67063e-06	-3.46233e-06	0.0137874	0	1.7142
"2021-08-15_10h27m50s_O1809P20.txt.bin"	500	3.01744e-06	0.000287028		3.01525e-06	3.02034e-06	-0.000135571	0.0296268	0	2.68114
"2021-08-15_10h27m41s_CO209P20.txt.bin"	500	3.93831e-06	0.000502153		3.93361e-06	3.94336e-06	-0.000140555	0.0261199	0	3.30853
"2021-08-15_10h28m34s_C1310R36.txt.bin"	500	2.71144e-06	0.00215865		2.70138e-06	2.72083e-06	-5.52743e-06	0.0166007	0	1.79817
"2021-08-15_10h28m23s_O1809P18.txt.bin"	500	2.94021e-06	0.000316938		2.93716e-06	2.94305e-06	-0.000129629	0.0291	0	2.71918
"2021-08-15_10h28m13s_CO209P18.txt.bin"	500	3.86655e-06	0.000386078		3.86293e-06	3.87095e-06	-0.000153662	0.0280984	0	3.22603
"2021-08-15_10h28m45s_O1809P16.txt.bin"	500	2.8655e-06	0.000410438		2.86244e-06	2.8693e-06	-0.000118767	0.0296793	0	2.53741
"2021-08-15_10h29m06s_C1310R38.txt.bin"	500	2.73272e-06	0.000939608		2.72742e-06	2.73847e-06	-2.61772e-06	0.0162836	0	1.74472
"2021-08-15_10h29m27s_C1310R40.txt.bin"	500	2.77762e-06	0.00249086		2.76588e-06	2.79143e-06	-7.82445e-06	0.0140248	0	1.84064
"2021-08-15_10h28m56s_CO209P16.txt.bin"	500	3.81366e-06	0.000301404		3.81027e-06	3.81702e-06	-0.000153039	0.0296848	0	3.17034
"2021-08-15_10h29m17s_O1809P14.txt.bin"	500	2.8011e-06	0.000441827		2.79746e-06	2.80456e-06	-0.000130846	0.0320528	0	2.58833
"2021-08-15_10h29m54s_O1809P12.txt.bin"	500	2.72753e-06	0.000629965		2.72431e-06	2.73161e-06	-0.000107667	0.0330992	0	2.42349
"2021-08-15_10h29m42s_CO209P14.txt.bin"	500	3.74599e-06	0.000244293		3.74344e-06	3.74896e-06	-0.0001445	0.0300299	0	3.16073
"2021-08-15_10h30m08s_CO209P12.txt.bin"	500	3.67428e-06	0.000678285		3.66926e-06	3.67923e-06	-0.000143911	0.0293776	0	3.10415
"2021-08-15_10h30m20s_O1809P10.txt.bin"	500	2.64835e-06	0.000462302		2.64467e-06	2.65114e-06	-7.66601e-05	0.035386	0	2.27883
"2021-08-15_10h30m44s_O1809P08.txt.bin"	500	2.55151e-06	0.00075051		2.54765e-06	2.55531e-06	-5.32845e-05	0.0366718	0	2.07218
"2021-08-15_10h31m13s_O1809P06.txt.bin"	500	2.50063e-06	0.000460179		2.4977e-06	2.50404e-06	-2.79131e-05	0.0376026	0	1.92307
"2021-08-15_10h30m34s_CO209P10.txt.bin"	500	3.62383e-06	0.000350378		3.62025e-06	3.62731e-06	-0.000127899	0.0247164	0	3.12603
"2021-08-15_10h32m29s_O1809R06.txt"	0	-nan(ind)	nan		nan	nan	nan	nan	0	0.000748
"2021-08-15_10h32m29s_O1809R06.txt.bin"	0	-nan(ind)	nan		nan	nan	nan	nan	0	4.2e-05
"2021-08-15_10h31m40s_O1809R04.txt.bin"	500	2.06233e-06	0.000473504		2.05985e-06	2.06471e-06	-5.8736e-06	0.0459045	0	1.76958
"2021-08-15_10h31m02s_CO209P08.txt.bin"	500	3.55715e-06	0.000326794		3.55355e-06	3.56103e-06	-0.000133247	0.0271279	0	3.04372
"2021-08-15_10h31m56s_CO209R08.txt.bin"	500	2.94183e-06	0.000298592		2.93928e-06	2.94426e-06	-4.09326e-05	0.0294918	0	2.06067
"2021-08-15_10h31m29s_CO209R06.txt.bin"	500	3.02391e-06	0.000321364		3.0214e-06	3.02671e-06	-0.000110327	0.0303255	0	2.55712
"2021-08-15_10h32m54s_O1809R08.txt.bin"	500	1.93608e-06	0.000303212		1.93459e-06	1.93792e-06	-4.6777e-06	0.0485606	0	1.77565
"2021-08-15_10h32m27s_CO209R10.txt.bin"	500	2.88943e-06	0.000288526		2.88718e-06	2.89192e-06	-1.69291e-05	0.0290579	0	1.89727
"2021-08-15_10h33m08s_CO209R12.txt.bin"	500	2.73527e-06	0.0010324		2.73045e-06	2.7402e-06	-8.19965e-06	0.0291612	0	1.80822
"2021-08-15_10h33m18s_O1809R10.txt.bin"	500	1.84801e-06	0.000359139		1.8462e-06	1.85041e-06	-7.58351e-06	0.0501106	0	1.83645
"2021-08-15_10h33m37s_CO209R14.txt.bin"	500	2.73908e-06	0.000785027		2.73483e-06	2.74334e-06	-1.15672e-05	0.0281076	0	1.88772
"2021-08-15_10h33m47s_O1809R12.txt.bin"	500	1.77996e-06	0.000526084		1.77743e-06	1.78214e-06	-8.11561e-05	0.0484116	0	1.97764
"2021-08-15_10h33m58s_C1309P32.txt.bin"	500	4.3439e-06	0.000967021		4.33258e-06	4.35426e-06	-8.70911e-06	0.0128896	0	1.99257
"2021-08-15_10h34m09s_O1809R14.txt.bin"	500	1.71264e-06	0.00100759		1.70916e-06	1.71569e-06	-4.3076e-05	0.0468562	0	1.92532
"2021-08-15_10h34m22s_CO209R16.txt.bin"	500	2.64734e-06	0.000518602		2.64405e-06	2.65045e-06	-9.73881e-06	0.0301255	0	1.84553
"2021-08-15_10h34m32s_C1309P30.txt.bin"	500	4.40858e-06	0.000871457		4.39838e-06	4.41991e-06	-1.03413e-05	0.0129759	0	1.9156
"2021-08-15_10h34m57s_CO209R18.txt.bin"	500	2.58795e-06	0.00029948		2.58577e-06	2.59047e-06	-9.66131e-06	0.0323316	0	1.84797
"2021-08-15_10h34m44s_O1809R16.txt.bin"	500	1.64622e-06	0.000800097		1.64311e-06	1.64955e-06	-0.000132061	0.0540872	0	2.35888
"2021-08-15_10h35m09s_C1309P28.txt.bin"	500	4.43505e-06	0.000516317		4.42881e-06	4.44117e-06	-5.54731e-05	0.0151144	0	2.39243
"2021-08-15_10h35m23s_O1809R18.txt.bin"	500	1.52774e-06	0.00196289		1.52329e-06	1.53234e-06	-0.000131998	0.0559006	0	2.47393
"2021-08-15_10h35m59s_CO209R20.txt.bin"	500	2.5352e-06	0.000448803		2.53261e-06	2.53763e-06	-8.77778e-06	0.0315797	0	1.84451
"2021-08-15_10h35m47s_O1809R20.txt.bin"	500	1.52609e-06	0.000612329		1.52345e-06	1.52846e-06	-0.000117581	0.0548008	0	2.47486
"2021-08-15_10h35m36s_C1309P26.txt.bin"	500	4.49547e-06	0.00045568		4.49009e-06	4.50105e-06	-0.000133358	0.0174128	0	3.4264
"2021-08-15_10h36m23s_O1809R22.txt.bin"	500	1.4672e-06	0.000744876		1.46505e-06	1.46985e-06	-0.000146111	0.0560409	0	2.37576
"2021-08-15_10h36m11s_C1309P24.txt.bin"	500	4.5271e-06	0.000454263		4.52245e-06	4.53207e-06	-0.000150646	0.0195077	0	3.26747
"2021-08-15_10h36m46s_O1809R24.txt.bin"	500	1.46575e-06	0.00146514		1.4624e-06	1.46949e-06	-0.000175276	0.0658536	0	2.52407
"2021-08-15_10h36m35s_C1309P22.txt.bin"	500	4.5296e-06	0.000263552		4.5253e-06	4.53252e-06	-0.000149913	0.018226	0	3.24993
"2021-08-15_10h37m11s_CO209R22.txt.bin"	500	2.4858e-06	0.00139292		2.48052e-06	2.49151e-06	-1.06132e-05	0.0402391	0	1.94582
"2021-08-15_10h36m56s_C1309P20.txt.bin"	500	4.59928e-06	0.000959886		4.59043e-06	4.60749e-06	-0.000147931	0.0208087	0	3.52753
"2021-08-15_10h37m47s_CO209R24.txt.bin"	500	2.39876e-06	0.00196486		2.39189e-06	2.40562e-06	-8.72428e-06	0.0327554	0	1.73181
"2021-08-15_10h37m23s_C1309P18.txt.bin"	500	4.61136e-06	0.00106455		4.60226e-06	4.61987e-06	-0.000162239	0.0215632	0	3.36522
"2021-08-15_10h37m34s_O1809R26.txt.bin"	500	1.35986e-06	0.000707656		1.35796e-06	1.3627e-06	-0.00601069	0.0692491	0	3.5219
"2021-08-15_10h37m58s_C1309P16.txt.bin"	500	4.61669e-06	0.00109801		4.60671e-06	4.62766e-06	-8.64581e-05	0.0171465	0	2.77845
"2021-08-15_10h38m22s_CO209R26.txt.bin"	500	2.34348e-06	0.00122707		2.33924e-06	2.34803e-06	-6.93155e-06	0.0386538	0	1.79015
"2021-08-15_10h38m09s_O1809R28.txt.bin"	500	1.36094e-06	0.00248595		1.35619e-06	1.36592e-06	-0.00861286	0.0721741	0	2.98091
"2021-08-15_10h39m22s_CO209R28.txt.bin"	500	2.26909e-06	0.00200535		2.26228e-06	2.27603e-06	-7.55658e-06	0.0377466	0	1.8038
"2021-08-15_10h38m35s_C1309P14.txt.bin"	500	4.63042e-06	0.00108073		4.62109e-06	4.64069e-06	-0.000162003	0.021554	0	3.32815
"2021-08-15_10h38m46s_O1809R30.txt.bin"	500	1.26896e-06	0.00100273		1.2662e-06	1.27207e-06	-0.00221577	0.0763612	0	3.22424
"2021-08-15_10h38m59s_C1309P12.txt.bin"	500	4.61584e-06	0.000811646		4.60868e-06	4.623e-06	-0.000148207	0.0202849	0	3.48221
"2021-08-15_10h39m33s_C1309P10.txt.bin"	500	4.60821e-06	0.000776286		4.59949e-06	4.61678e-06	-0.000147441	0.0184454	0	3.37352
"2021-08-15_10h39m10s_O1809R32.txt.bin"	500	1.20098e-06	0.00181462		1.19716e-06	1.20542e-06	-0.00801281	0.0855821	0	4.04657
"2021-08-15_10h40m00s_CO209R30.txt.bin"	500	2.17012e-06	0.000442384		2.16754e-06	2.17303e-06	-5.48937e-06	0.0453629	0	1.82928
"2021-08-15_10h40m26s_CO209R32.txt.bin"	500	2.15577e-06	0.00075081		2.15212e-06	2.15908e-06	-6.5538e-06	0.0424939	0	1.80059
"2021-08-15_10h40m53s_CO209R34.txt.bin"	500	2.07893e-06	0.000713798		2.07573e-06	2.08205e-06	-6.12311e-06	0.0501912	0	1.80899
"2021-08-15_10h39m45s_O1809R34.txt.bin"	500	1.16159e-06	0.00214036		1.15731e-06	1.16653e-06	-0.00574578	0.0767236	0	4.15815
"2021-08-15_10h42m09s_C1309R10.txt.bin"	500	4.35261e-06	0.000400398		4.34843e-06	4.3566e-06	-7.85221e-05	0.0170738	0	2.64814
"2021-08-15_10h42m34s_C1309R12.txt.bin"	500	4.30789e-06	0.000632168		4.30233e-06	4.31357e-06	-1.79632e-05	0.0162693	0	1.93601
"2021-08-15_10h42m58s_C1309R14.txt.bin"	500	4.29329e-06	0.000575219		4.28839e-06	4.29821e-06	-8.08338e-05	0.0173251	0	2.55707
"2021-08-15_10h40m11s_O1809R36.txt.bin"	500	1.11803e-06	0.00146167		1.11499e-06	1.12095e-06	-0.000127978	0.085099	0	7.00207
"2021-08-15_10h43m48s_C1309R18.txt.bin"	500	4.27572e-06	0.000549239		4.27066e-06	4.28066e-06	-6.5661e-05	0.0166565	0	2.43816
"2021-08-15_10h43m24s_C1309R16.txt.bin"	500	4.28858e-06	0.000679031		4.28313e-06	4.29381e-06	-7.79139e-05	0.0170343	0	2.56266
"2021-08-15_10h44m10s_O1810P36.txt.bin"	500	2.68674e-06	0.00130469		2.67929e-06	2.69371e-06	-7.48912e-06	0.018313	0	1.93421
"2021-08-15_10h40m36s_O1809R38.txt.bin"	500	1.05752e-06	0.00141355		1.05489e-06	1.05985e-06	0.000859364	0.103658	0	7.83553
"2021-08-15_10h41m05s_O1809R40.txt.bin"	500	1.02694e-06	0.00130175		1.024e-06	1.0321e-06	0.000820533	0.0986093	0	7.57145
"2021-08-15_10h44m22s_C1309R20.txt.bin"	500	4.22494e-06	0.000982644		4.21784e-06	4.23207e-06	-7.78905e-05	0.0172484	0	2.51393
"2021-08-15_10h47m02s_C1309R22.txt.bin"	500	4.18953e-06	0.000834708		4.183e-06	4.19715e-06	-7.46893e-05	0.0166121	0	2.53262
"2021-08-15_10h47m27s_C1309R24.txt.bin"	500	4.19623e-06	0.000379745		4.1918e-06	4.20037e-06	-1.48411e-05	0.0155458	0	1.89844
"2021-08-15_10h44m34s_O1810R08.txt.bin"	500	3.82613e-06	0.000297254		3.82294e-06	3.82984e-06	-0.000144168	0.0256283	0	3.19332
"2021-08-15_10h53m01s_C1309R32.txt"	0	-nan(ind)	nan		nan	nan	nan	nan	0	0.07239
"2021-08-15_10h53m01s_C1309R32.txt.bin"	0	-nan(ind)	nan		nan	nan	nan	nan	0	3.8e-05
"2021-08-15_10h47m56s_C1309R26.txt.bin"	500	4.15356e-06	0.000650428		4.14753e-06	4.15887e-06	1.79989e-06	0.0172505	0	1.85804
"2021-08-15_10h44m58s_O1810R36.txt.bin"	500	4.31457e-06	0.000730489		4.3074e-06	4.32203e-06	-0.000121751	0.0178956	0	3.2732
"2021-08-15_10h48m12s_O1809R06.txt.bin"	500	1.93284e-06	0.000400662		1.93089e-06	1.93514e-06	-9.56283e-06	0.0356321	0	1.69297
"2021-08-15_10h50m15s_C1309R28.txt.bin"	500	4.16145e-06	0.00194788		4.14352e-06	4.17812e-06	3.27873e-06	0.0145391	0	1.52476
"2021-08-15_10h51m19s_C1309R30.txt.bin"	500	4.13493e-06	0.000629963		4.12884e-06	4.14123e-06	-4.06153e-06	0.0131164	0	1.51029
"2021-08-15_10h56m09s_C1310P26.txt.bin"	518	1.66147e-06	0.0012204		1.6559e-06	1.66843e-06	-7.65139e-05	0.0410636	0	1.93639
// Fitting complete. Runtime: 	85.456	 with	6	threads.
// Filepath:	"F:\\Refit Sam 20220706\\CO_Charlie\\CO0210\\20210815_095847_0"
// Date completed:	2022-09-01 14:50:04