Wavelength	Line name	# of completed ringdowns	Ringdowntimes (us)	STOT	TimeStamp	Get ringdown time (s)	Step time (s)	Step time (s)	Step time(s)	Step time(s) 	Step time(s) 	Step time(s)	Step time(s)	Step time(s) 	AOM setting	Attenuator setting
10.8110	CO210P40	500	2.335196	0.000879	2021-08-15 09:59:22	11.306	0.000	0.328	1.481	5.535	3.845	0.108	0.009	0.000	100.000	100.000	
10.7870	CO210P38	500	2.386081	0.000632	2021-08-15 09:59:53	12.272	0.000	0.323	2.979	5.382	3.516	0.071	0.000	0.000	93.823	100.000	
10.7640	CO210P36	500	2.430847	0.001194	2021-08-15 10:00:21	10.552	0.000	0.316	2.396	4.277	3.499	0.064	0.000	0.000	100.000	100.000	
10.7410	CO210P34	500	2.484497	0.003130	2021-08-15 10:00:50	11.764	0.000	0.320	2.361	5.512	3.500	0.070	0.000	0.000	100.000	100.000	
10.7190	CO210P32	500	2.533927	0.001361	2021-08-15 10:01:20	11.309	0.000	0.332	2.367	5.023	3.520	0.066	0.000	0.000	100.000	100.000	
11.2390	C1310P28	500	1.608958	0.001700	2021-08-15 10:01:30	9.898	0.000	0.320	2.262	3.715	3.520	0.080	0.000	0.000	100.000	100.000	
10.6960	CO210P30	500	2.592378	0.000850	2021-08-15 10:01:44	11.487	0.000	0.335	2.346	5.228	3.509	0.068	0.000	0.000	100.000	100.000	
10.6640	O1810P36	-1	-1000000.000000	-1.000000	2021-08-15 10:01:56	0.000	0.000	0.000	0.000	0.000	0.000	0.000	0.000	0.000	-1.000	-1.000	
10.6750	CO210P28	500	2.638868	0.000729	2021-08-15 10:02:14	12.314	0.000	0.319	3.661	4.752	3.509	0.072	0.000	0.000	90.000	92.224	
10.6430	O1810P34	500	2.719139	0.001062	2021-08-15 10:02:23	8.949	0.000	0.328	1.765	3.225	3.553	0.077	0.000	0.000	100.000	100.000	
10.6530	CO210P26	500	2.688210	0.002064	2021-08-15 10:02:40	10.971	0.000	0.319	2.362	4.692	3.524	0.073	0.000	0.000	100.000	100.000	
10.6220	O1810P32	500	2.774242	0.001400	2021-08-15 10:02:50	9.579	0.000	0.322	2.147	3.520	3.524	0.067	0.000	0.000	100.000	100.000	
10.6320	CO210P24	500	2.749136	0.002065	2021-08-15 10:03:06	11.767	0.000	0.319	2.347	5.498	3.536	0.066	0.000	0.000	100.000	100.000	
10.6020	O1810P30	500	2.826800	0.000597	2021-08-15 10:03:19	12.222	0.000	0.333	4.161	4.143	3.513	0.071	0.000	0.000	88.899	92.110	
11.2160	C1310P26	-1	-1000000.000000	-1.000000	2021-08-15 10:03:36	0.000	0.000	0.000	0.000	0.000	0.000	0.000	0.000	0.000	-1.000	-1.000	
10.6110	CO210P22	500	2.800760	0.004784	2021-08-15 10:04:18	58.277	0.000	0.326	3.026	35.398	19.460	0.066	0.000	0.000	100.000	100.000	
10.5820	O1810P28	500	2.878549	0.000636	2021-08-15 10:04:29	10.750	0.000	0.327	2.863	3.890	3.550	0.111	0.008	0.000	85.000	67.620	
10.5910	CO210P20	500	2.853590	0.000951	2021-08-15 10:04:42	10.597	0.000	0.325	1.763	4.920	3.515	0.073	0.000	0.000	100.000	100.000	
10.5630	O1810P26	500	2.936269	0.000569	2021-08-15 10:04:55	11.670	0.000	0.329	3.849	3.884	3.540	0.068	0.000	0.000	76.129	80.000	
10.5710	CO210P18	500	2.911590	0.005829	2021-08-15 10:05:07	10.844	0.000	0.320	1.644	5.312	3.500	0.067	0.000	0.000	100.000	100.000	
10.5430	O1810P24	500	2.979306	0.000646	2021-08-15 10:05:21	10.635	0.000	0.344	3.340	3.367	3.517	0.065	0.001	0.000	90.000	51.991	
10.5510	CO210P16	500	2.955242	0.000730	2021-08-15 10:05:32	10.703	0.000	0.323	2.578	4.192	3.543	0.066	0.000	0.000	100.000	100.000	
11.1940	C1310P24	500	1.676939	0.001106	2021-08-15 10:05:44	11.631	0.000	0.324	3.965	3.767	3.497	0.077	0.001	0.000	89.576	61.704	
10.5250	O1810P22	500	3.033629	0.000549	2021-08-15 10:05:54	10.088	0.000	0.318	3.066	3.083	3.550	0.071	0.000	0.000	90.000	81.905	
10.5320	CO210P14	500	2.954130	0.005688	2021-08-15 10:06:05	10.671	0.000	0.322	1.855	4.918	3.505	0.070	0.001	0.000	100.000	100.000	
11.1710	C1310P22	500	1.708851	0.001131	2021-08-15 10:06:17	11.887	0.000	0.328	4.576	3.385	3.526	0.071	0.001	0.000	90.000	69.515	
10.5060	O1810P20	500	3.085134	0.000590	2021-08-15 10:06:27	10.527	0.000	0.317	2.847	3.788	3.505	0.070	0.000	0.000	87.500	63.675	
10.5130	CO210P12	500	3.072807	0.000529	2021-08-15 10:06:40	12.198	0.000	0.322	3.248	5.018	3.539	0.072	0.000	0.000	67.500	58.937	
10.4880	O1810P18	500	3.138008	0.000552	2021-08-15 10:06:51	10.287	0.000	0.324	3.249	3.141	3.510	0.062	0.000	0.000	90.000	59.789	
10.4940	CO210P10	500	3.127709	0.003283	2021-08-15 10:07:05	11.401	0.000	0.320	1.860	5.615	3.538	0.068	0.000	0.000	100.000	100.000	
10.4710	O1810P16	500	3.200406	0.000574	2021-08-15 10:07:17	10.511	0.000	0.327	3.346	3.251	3.517	0.070	0.000	0.000	90.000	67.373	
10.4530	O1810P14	500	3.251235	0.000523	2021-08-15 10:07:46	10.370	0.000	0.317	3.552	2.927	3.506	0.067	0.000	0.000	80.054	74.841	
10.4760	CO210P08	500	3.182301	0.001599	2021-08-15 10:07:57	11.322	0.000	0.332	1.660	5.762	3.503	0.066	0.000	0.000	100.000	100.000	
10.4360	O1810P12	500	3.299838	0.000552	2021-08-15 10:08:11	10.654	0.000	0.315	3.877	2.892	3.501	0.069	0.000	0.000	87.500	76.113	
10.4580	CO210P06	500	3.239252	0.000690	2021-08-15 10:08:23	10.743	0.000	0.317	1.765	5.066	3.524	0.070	0.000	0.000	100.000	100.000	
11.1490	C1310P20	500	1.740639	0.000969	2021-08-15 10:08:36	11.297	0.000	0.322	4.078	3.297	3.525	0.074	0.000	0.000	89.424	52.631	
10.4200	O1810P10	500	3.347429	0.000538	2021-08-15 10:08:47	10.150	0.000	0.323	2.646	3.587	3.524	0.071	0.000	0.000	85.000	72.837	
10.3650	CO210R04	500	3.515625	0.000563	2021-08-15 10:09:02	15.425	0.000	0.317	6.080	5.379	3.577	0.072	0.000	0.000	78.750	65.039	
10.4040	O1810P08	500	3.404890	0.000549	2021-08-15 10:09:12	9.845	0.000	0.321	2.184	3.745	3.520	0.074	0.000	0.000	100.000	100.000	
10.3490	CO210R06	500	3.548902	0.000548	2021-08-15 10:09:29	12.799	0.000	0.338	3.749	5.122	3.521	0.067	0.000	0.000	90.000	80.368	
10.2780	O1810R08	0	NaN	NaN	2021-08-15 10:09:32	0.428	0.000	0.325	0.100	0.000	0.000	0.002	0.000	0.000	0.100	0.100	
10.3340	CO210R08	500	3.612151	0.000485	2021-08-15 10:10:02	13.378	0.000	0.332	3.947	5.481	3.522	0.097	0.000	0.000	79.570	37.232	
10.2650	O1810R10	500	3.860533	0.000457	2021-08-15 10:10:13	11.444	0.000	0.327	2.678	4.841	3.524	0.074	0.000	0.000	85.000	62.656	
10.3180	CO210R10	500	3.685009	0.000554	2021-08-15 10:10:29	13.252	0.000	0.323	3.781	5.573	3.497	0.077	0.000	0.000	84.074	40.150	
10.2520	O1810R12	500	3.897201	0.000498	2021-08-15 10:10:40	11.162	0.000	0.320	3.560	3.713	3.497	0.072	0.000	0.000	83.333	78.376	
11.1280	C1310P18	500	1.775705	0.000892	2021-08-15 10:10:52	11.587	0.000	0.320	3.884	3.798	3.510	0.075	0.001	0.000	90.000	89.423	
10.2400	O1810R14	500	3.941015	0.000522	2021-08-15 10:11:03	10.715	0.000	0.325	3.466	3.385	3.471	0.069	0.000	0.000	85.000	61.819	
10.3030	CO210R12	500	3.733095	0.000474	2021-08-15 10:11:15	12.590	0.000	0.313	3.160	5.524	3.521	0.072	0.000	0.000	81.574	35.249	
10.2280	O1810R16	500	3.984372	0.000412	2021-08-15 10:11:27	10.770	0.000	0.337	3.182	3.687	3.498	0.065	0.000	0.000	87.500	64.862	
11.1070	C1310P16	500	1.808547	0.000924	2021-08-15 10:11:39	11.284	0.000	0.314	4.074	3.297	3.528	0.070	0.000	0.000	89.774	90.182	
10.2160	O1810R18	500	4.020971	0.000495	2021-08-15 10:11:50	10.678	0.000	0.318	3.447	3.312	3.529	0.072	0.000	0.000	90.000	47.889	
10.2890	CO210R14	500	3.762373	0.000488	2021-08-15 10:12:06	16.230	0.000	0.320	7.863	4.488	3.490	0.070	0.000	0.000	86.564	27.151	
11.0860	C1310P14	500	1.840505	0.000853	2021-08-15 10:12:19	13.162	0.000	0.321	5.865	3.394	3.511	0.070	0.000	0.000	90.000	61.317	
10.2040	O1810R20	500	4.059067	0.000494	2021-08-15 10:12:30	10.412	0.000	0.314	3.267	3.258	3.508	0.065	0.000	0.000	85.000	47.888	
10.2740	CO210R16	500	3.827622	0.000561	2021-08-15 10:12:42	12.396	0.000	0.312	3.761	4.719	3.531	0.073	0.000	0.000	58.000	52.220	
10.1930	O1810R22	500	4.085056	0.000436	2021-08-15 10:12:53	9.858	0.000	0.320	2.850	3.097	3.519	0.071	0.000	0.000	85.000	49.543	
10.2600	CO210R18	500	3.877748	0.000518	2021-08-15 10:13:10	12.680	0.000	0.326	3.286	5.491	3.506	0.070	0.000	0.000	84.074	28.479	
10.1820	O1810R24	500	4.124304	0.000464	2021-08-15 10:13:22	12.122	0.000	0.325	3.864	4.345	3.515	0.073	0.000	0.000	90.000	46.167	
11.0650	C1310P12	500	1.874721	0.006739	2021-08-15 10:13:33	10.712	0.000	0.324	3.197	3.604	3.510	0.076	0.000	0.000	91.374	99.026	
10.2470	CO210R20	500	3.887008	0.000523	2021-08-15 10:13:48	15.561	0.000	0.323	6.661	5.018	3.489	0.069	0.000	0.000	86.552	28.506	
10.1710	O1810R26	500	4.156668	0.000497	2021-08-15 10:13:58	9.737	0.000	0.330	2.850	2.963	3.521	0.072	0.000	0.000	85.000	53.989	
10.2330	CO210R22	500	3.959018	0.000505	2021-08-15 10:14:15	12.798	0.000	0.337	4.244	4.661	3.485	0.070	0.000	0.000	87.106	32.708	
10.1610	O1810R28	500	4.179952	0.000444	2021-08-15 10:14:25	10.086	0.000	0.319	2.897	3.300	3.505	0.065	0.000	0.000	85.000	63.910	
11.0450	C1310P10	500	1.913594	0.001314	2021-08-15 10:14:38	10.977	0.000	0.318	2.764	4.337	3.486	0.072	0.000	0.000	93.526	98.917	
10.2200	CO210R24	500	4.004466	0.000502	2021-08-15 10:14:52	13.307	0.000	0.325	4.490	4.878	3.542	0.071	0.000	0.000	79.883	34.802	
10.1500	O1810R30	500	4.223308	0.000462	2021-08-15 10:15:02	9.894	0.000	0.322	2.862	3.119	3.516	0.073	0.000	0.000	85.000	78.415	
10.2070	CO210R26	500	4.040702	0.000453	2021-08-15 10:15:18	11.886	0.000	0.320	3.164	4.809	3.519	0.075	0.000	0.000	67.500	46.962	
10.1410	O1810R32	500	4.242779	0.000487	2021-08-15 10:15:29	10.480	0.000	0.319	3.260	3.305	3.523	0.072	0.001	0.000	85.000	75.243	
10.1950	CO210R28	500	4.076406	0.000488	2021-08-15 10:15:46	13.174	0.000	0.322	4.749	4.576	3.471	0.036	0.020	0.000	90.000	29.236	
10.1310	O1810R34	500	4.275398	0.001045	2021-08-15 10:15:55	8.508	0.000	0.317	2.121	2.516	3.487	0.066	0.000	0.000	100.000	100.000	
10.1820	CO210R30	500	4.120383	0.000611	2021-08-15 10:16:18	16.013	0.000	0.314	7.064	5.044	3.519	0.072	0.000	0.000	85.491	24.039	
10.1700	CO210R32	500	4.161410	0.000474	2021-08-15 10:16:51	15.438	0.000	0.324	6.577	5.029	3.455	0.036	0.017	0.000	87.500	28.749	
11.0250	C1310P08	500	1.939344	0.000936	2021-08-15 10:17:03	11.519	0.000	0.315	3.660	3.983	3.497	0.063	0.000	0.000	89.097	70.222	
10.1590	CO210R34	500	4.194192	0.000447	2021-08-15 10:17:17	12.289	0.000	0.320	3.649	4.684	3.557	0.077	0.000	0.000	83.580	35.481	
10.1470	CO210R36	500	4.234195	0.000594	2021-08-15 10:17:52	16.793	0.000	0.329	7.983	4.907	3.501	0.073	0.000	0.000	86.564	28.177	
10.1220	O1810R36	0	NaN	NaN	2021-08-15 10:17:56	3.501	0.000	0.338	3.161	0.000	0.000	0.002	0.000	0.000	100.000	100.000	
10.1360	CO210R38	500	4.255603	0.000526	2021-08-15 10:18:25	13.284	0.000	0.328	4.351	4.991	3.516	0.098	0.000	0.000	69.626	45.662	
10.1250	CO210R40	500	4.286867	0.000420	2021-08-15 10:18:56	12.190	0.000	0.321	3.663	4.638	3.499	0.068	0.000	0.000	90.000	56.926	
9.7530	CO209P42	500	4.369255	0.000512	2021-08-15 10:19:28	14.700	0.000	0.321	6.645	4.149	3.516	0.069	0.000	0.000	90.000	33.978	
11.0050	C1310P06	500	1.967610	0.003183	2021-08-15 10:19:39	10.783	0.000	0.321	1.952	4.918	3.524	0.068	0.000	0.000	100.000	100.000	
9.7330	CO209P40	500	4.334809	0.000489	2021-08-15 10:19:59	17.491	0.000	0.311	8.562	4.999	3.549	0.070	0.000	0.000	89.356	21.028	
10.8840	C1310R06	500	2.191820	0.001307	2021-08-15 10:20:23	12.819	0.000	0.319	4.050	4.865	3.514	0.071	0.000	0.000	100.000	100.000	
9.7140	CO209P38	500	4.306927	0.000517	2021-08-15 10:20:35	11.785	0.000	0.313	3.594	4.237	3.522	0.108	0.009	0.000	87.262	18.122	
9.5520	O1809P46	-1	-1000000.000000	-1.000000	2021-08-15 10:20:50	0.000	0.000	0.000	0.000	0.000	0.000	0.000	0.000	0.000	-1.000	-1.000	
10.8670	C1310R08	500	2.223996	0.000790	2021-08-15 10:20:48	11.817	0.000	0.335	4.468	3.431	3.507	0.077	0.000	0.000	77.500	63.653	
9.6950	CO209P36	500	4.298232	0.000508	2021-08-15 10:21:04	16.046	0.000	0.315	6.462	5.687	3.513	0.068	0.000	0.000	89.480	17.684	
9.5360	O1809P44	500	3.852128	0.000505	2021-08-15 10:21:15	10.890	0.000	0.326	4.446	2.519	3.526	0.072	0.000	0.000	90.000	20.817	
10.8500	C1310R10	500	2.260360	0.000699	2021-08-15 10:21:30	14.760	0.000	0.314	5.947	4.885	3.541	0.073	0.000	0.000	90.000	76.725	
9.5190	O1809P42	500	3.811929	0.000527	2021-08-15 10:21:50	19.779	0.000	0.323	12.586	3.282	3.513	0.073	0.000	0.000	90.000	12.051	
10.8330	C1310R12	500	2.294121	0.001008	2021-08-15 10:22:05	14.669	0.000	0.312	4.884	5.867	3.535	0.071	0.000	0.000	90.203	92.136	
9.5030	O1809P40	500	3.729576	0.000442	2021-08-15 10:22:16	11.004	0.000	0.319	3.647	3.463	3.503	0.071	0.000	0.000	57.349	0.100	
9.6750	CO209P34	500	4.236998	0.000479	2021-08-15 10:22:29	11.982	0.000	0.329	3.061	5.013	3.503	0.075	0.000	0.000	88.750	11.659	
10.8160	C1310R14	500	2.325230	0.001065	2021-08-15 10:22:39	10.043	0.000	0.325	2.364	3.779	3.499	0.075	0.000	0.000	100.000	100.000	
9.4880	O1809P38	500	3.687579	0.000508	2021-08-15 10:22:51	12.536	0.000	0.316	5.044	3.589	3.515	0.072	0.000	0.000	48.221	0.100	
10.8000	C1310R16	500	2.359509	0.000761	2021-08-15 10:23:04	12.374	0.000	0.313	4.467	3.991	3.530	0.073	0.000	0.000	89.653	75.636	
9.4720	O1809P36	500	3.605767	0.000520	2021-08-15 10:23:15	10.504	0.000	0.320	3.762	2.807	3.542	0.074	0.000	0.000	39.773	0.100	
9.6570	CO209P32	500	4.212844	0.000471	2021-08-15 10:23:27	12.521	0.000	0.320	3.681	4.906	3.542	0.072	0.000	0.000	87.500	14.970	
10.7840	C1310R18	500	2.367261	0.000696	2021-08-15 10:23:38	10.533	0.000	0.317	3.078	3.543	3.522	0.073	0.000	0.000	76.667	55.907	
9.4570	O1809P34	500	3.519388	0.000485	2021-08-15 10:23:50	11.527	0.000	0.317	4.183	3.393	3.557	0.077	0.000	0.000	43.772	0.100	
10.7680	C1310R20	500	2.415967	0.000723	2021-08-15 10:24:02	11.465	0.000	0.325	3.148	4.378	3.540	0.073	0.000	0.000	87.500	78.616	
9.6390	CO209P30	500	4.170996	0.000459	2021-08-15 10:24:14	12.647	0.000	0.328	3.963	4.741	3.541	0.073	0.000	0.000	88.750	8.120	
9.4410	O1809P32	500	3.478853	0.000530	2021-08-15 10:24:25	10.510	0.000	0.324	2.863	3.721	3.526	0.076	0.000	0.000	35.256	0.100	
10.7530	C1310R22	500	2.447653	0.000791	2021-08-15 10:24:36	11.128	0.000	0.311	2.870	4.336	3.534	0.076	0.000	0.000	100.000	100.000	
9.4270	O1809P30	500	3.405661	0.000574	2021-08-15 10:24:47	10.647	0.000	0.324	3.448	3.275	3.523	0.076	0.000	0.000	36.381	0.100	
9.6210	CO209P28	500	4.117932	0.000446	2021-08-15 10:24:59	11.966	0.000	0.321	3.170	4.886	3.514	0.075	0.000	0.000	85.781	3.633	
10.7380	C1310R24	500	2.475554	0.000907	2021-08-15 10:25:11	11.837	0.000	0.321	2.663	5.272	3.506	0.076	0.000	0.000	100.000	100.000	
9.4120	O1809P28	500	3.313659	0.000597	2021-08-15 10:25:22	10.400	0.000	0.314	3.180	3.296	3.534	0.076	0.000	0.000	29.274	0.100	
9.6040	CO209P26	500	4.082501	0.000499	2021-08-15 10:25:42	20.322	0.000	0.315	10.983	5.414	3.535	0.075	0.000	0.000	90.000	11.949	
10.7230	C1310R26	500	2.522287	0.000817	2021-08-15 10:25:53	11.202	0.000	0.313	3.567	3.743	3.504	0.075	0.000	0.000	88.666	79.690	
9.3970	O1809P26	500	3.232093	0.000529	2021-08-15 10:26:04	10.708	0.000	0.312	2.663	4.153	3.505	0.074	0.000	0.000	31.363	0.100	
9.5880	CO209P24	500	4.025637	0.000465	2021-08-15 10:26:18	13.983	0.000	0.311	4.567	5.499	3.530	0.075	0.000	0.000	63.862	0.100	
10.7080	C1310R28	500	2.559624	0.000817	2021-08-15 10:26:30	12.145	0.000	0.319	3.051	5.194	3.505	0.075	0.000	0.000	100.000	100.000	
9.3830	O1809P24	500	3.133228	0.000509	2021-08-15 10:26:41	11.050	0.000	0.320	3.482	3.662	3.510	0.076	0.000	0.000	28.658	0.100	
9.5690	CO209P22	500	3.982878	0.000486	2021-08-15 10:26:54	12.481	0.000	0.316	3.248	5.326	3.515	0.076	0.000	0.000	65.975	0.100	
10.6940	C1310R30	500	2.592322	0.001724	2021-08-15 10:27:05	10.503	0.000	0.324	2.261	4.334	3.508	0.075	0.000	0.000	100.000	100.000	
9.3690	O1809P22	500	3.075287	0.000556	2021-08-15 10:27:17	11.751	0.000	0.327	4.264	3.550	3.535	0.075	0.000	0.000	29.535	0.100	
10.6800	C1310R32	500	2.625151	0.001259	2021-08-15 10:27:27	10.002	0.000	0.326	2.749	3.288	3.562	0.076	0.000	0.000	100.000	100.000	
9.5520	CO209P20	500	3.922111	0.000512	2021-08-15 10:27:41	13.343	0.000	0.318	3.950	5.485	3.516	0.075	0.000	0.000	58.782	0.100	
9.3550	O1809P20	500	2.999644	0.000560	2021-08-15 10:27:50	9.294	0.000	0.315	2.582	2.769	3.549	0.079	0.000	0.000	25.266	0.100	
10.6660	C1310R34	500	2.657009	0.001102	2021-08-15 10:28:00	10.220	0.000	0.320	2.778	3.499	3.547	0.076	0.000	0.000	100.000	100.000	
9.5360	CO209P18	500	3.847588	0.000517	2021-08-15 10:28:13	12.565	0.000	0.313	4.064	4.597	3.511	0.080	0.000	0.000	62.689	0.100	
9.3410	O1809P18	500	2.922504	0.000581	2021-08-15 10:28:23	9.985	0.000	0.341	2.378	3.670	3.518	0.078	0.000	0.000	24.539	0.100	
10.6520	C1310R36	500	2.693435	0.001144	2021-08-15 10:28:34	10.292	0.000	0.328	2.262	4.075	3.542	0.084	0.000	0.000	100.000	100.000	
9.3280	O1809P16	500	2.847730	0.000616	2021-08-15 10:28:45	10.865	0.000	0.326	3.260	3.703	3.497	0.079	0.000	0.000	26.348	0.100	
9.5200	CO209P16	500	3.795637	0.000531	2021-08-15 10:28:56	11.612	0.000	0.314	3.076	4.593	3.553	0.075	0.000	0.000	68.431	0.100	
10.6390	C1310R38	500	2.721669	0.001045	2021-08-15 10:29:06	9.511	0.000	0.321	2.371	3.204	3.539	0.076	0.000	0.000	100.000	100.000	
9.3150	O1809P14	500	2.780062	0.000636	2021-08-15 10:29:17	11.146	0.000	0.336	4.164	3.033	3.532	0.081	0.000	0.000	28.529	0.100	
10.6260	C1310R40	500	2.754262	0.001517	2021-08-15 10:29:27	9.854	0.000	0.316	2.268	3.648	3.546	0.077	0.000	0.000	100.000	100.000	
9.5040	CO209P14	500	3.726037	0.000537	2021-08-15 10:29:42	14.419	0.000	0.321	5.793	4.692	3.538	0.076	0.000	0.000	55.347	0.100	
9.3020	O1809P12	500	2.709370	0.000591	2021-08-15 10:29:54	11.528	0.000	0.323	4.264	3.320	3.545	0.076	0.000	0.000	29.473	0.100	
9.4880	CO209P12	500	3.655921	0.000483	2021-08-15 10:30:08	12.774	0.000	0.322	4.162	4.686	3.528	0.076	0.000	0.000	44.050	0.100	
9.2890	O1809P10	500	2.625168	0.000647	2021-08-15 10:30:20	10.966	0.000	0.326	3.361	3.685	3.517	0.076	0.000	0.000	26.283	0.100	
9.4730	CO209P10	500	3.606556	0.000635	2021-08-15 10:30:34	11.731	0.000	0.314	2.847	4.961	3.529	0.080	0.000	0.000	58.294	0.100	
9.2760	O1809P08	500	2.531709	0.000580	2021-08-15 10:30:44	10.150	0.000	0.320	2.682	3.526	3.543	0.078	0.000	0.000	28.853	0.100	
9.4580	CO209P08	500	3.539145	0.000576	2021-08-15 10:31:02	13.039	0.000	0.336	4.163	4.928	3.536	0.076	0.000	0.000	49.827	0.100	
9.2640	O1809P06	500	2.477584	0.000662	2021-08-15 10:31:13	10.521	0.000	0.327	2.766	3.822	3.527	0.079	0.000	0.000	31.704	0.100	
10.1520	C1309P36	-1	-1000000.000000	-1.000000	2021-08-15 10:31:28	0.000	0.000	0.000	0.000	0.000	0.000	0.000	0.000	0.000	-1.000	-1.000	
9.3540	CO209R06	500	3.002021	0.000658	2021-08-15 10:31:29	13.486	0.000	0.325	4.463	5.086	3.533	0.079	0.000	0.000	44.664	0.100	
9.1990	O1809R04	500	2.039465	0.000669	2021-08-15 10:31:40	11.135	0.000	0.322	3.545	3.714	3.482	0.071	0.000	0.000	63.095	0.100	
9.3420	CO209R08	500	2.925709	0.000584	2021-08-15 10:31:56	14.269	0.000	0.319	5.063	5.287	3.524	0.077	0.000	0.000	47.961	0.100	
9.3290	CO209R10	500	2.874329	0.000574	2021-08-15 10:32:27	13.901	0.000	0.322	4.452	5.532	3.522	0.072	0.000	0.000	53.571	0.100	
9.1870	O1809R06	0	NaN	NaN	2021-08-15 10:32:29	0.434	0.000	0.315	0.117	0.000	0.000	0.002	0.000	0.000	0.100	0.100	
9.1760	O1809R08	500	1.913395	0.000718	2021-08-15 10:32:54	9.704	0.000	0.318	2.266	3.473	3.536	0.110	0.000	0.000	30.869	0.100	
9.3170	CO209R12	500	2.720665	0.000665	2021-08-15 10:33:08	14.061	0.000	0.320	5.548	4.600	3.508	0.083	0.000	0.000	44.749	0.100	
9.1660	O1809R10	500	1.825063	0.000786	2021-08-15 10:33:18	9.611	0.000	0.318	2.249	3.449	3.513	0.081	0.000	0.000	20.205	0.100	
10.1310	C1309P34	-1	-1000000.000000	-1.000000	2021-08-15 10:33:32	0.000	0.000	0.000	0.000	0.000	0.000	0.000	0.000	0.000	-1.000	-1.000	
9.3050	CO209R14	500	2.720371	0.000669	2021-08-15 10:33:37	14.773	0.000	0.319	5.751	5.099	3.527	0.077	0.000	0.000	39.820	0.100	
9.1550	O1809R12	500	1.755298	0.000894	2021-08-15 10:33:47	9.785	0.000	0.313	2.460	3.427	3.505	0.080	0.000	0.000	18.307	0.100	
10.1100	C1309P32	500	4.332358	0.001123	2021-08-15 10:33:58	11.039	0.000	0.326	2.269	4.830	3.533	0.080	0.000	0.000	100.000	100.000	
9.1450	O1809R14	500	1.686441	0.000917	2021-08-15 10:34:09	10.886	0.000	0.323	3.147	3.911	3.451	0.034	0.020	0.000	22.129	0.100	
9.2940	CO209R16	500	2.632250	0.000631	2021-08-15 10:34:22	13.039	0.000	0.318	4.462	4.713	3.474	0.072	0.000	0.000	37.017	0.100	
10.0900	C1309P30	500	4.393076	0.001155	2021-08-15 10:34:32	10.101	0.000	0.317	2.348	3.839	3.523	0.074	0.000	0.000	100.000	100.000	
9.1340	O1809R16	500	1.621419	0.000971	2021-08-15 10:34:44	11.075	0.000	0.327	3.648	3.518	3.506	0.075	0.000	0.000	17.530	0.100	
9.2820	CO209R18	500	2.565963	0.000726	2021-08-15 10:34:57	13.038	0.000	0.319	4.163	4.981	3.496	0.078	0.000	0.000	45.596	0.100	
10.0700	C1309P28	500	4.426363	0.000748	2021-08-15 10:35:09	11.756	0.000	0.313	3.048	4.778	3.536	0.080	0.000	0.000	100.000	100.000	
9.1250	O1809R18	500	1.499197	0.000849	2021-08-15 10:35:23	14.085	0.000	0.325	6.546	3.602	3.530	0.083	0.000	0.000	18.670	0.100	
10.0500	C1309P26	500	4.485725	0.000500	2021-08-15 10:35:36	12.366	0.000	0.318	3.563	4.929	3.484	0.073	0.000	0.000	88.500	55.424	
9.1150	O1809R20	500	1.498859	0.000929	2021-08-15 10:35:47	11.224	0.000	0.343	3.584	3.711	3.507	0.079	0.000	0.000	18.504	0.100	
9.2710	CO209R20	500	2.518548	0.000697	2021-08-15 10:35:59	12.176	0.000	0.322	3.849	4.435	3.493	0.076	0.000	0.000	32.267	0.100	
10.0310	C1309P24	500	4.522216	0.000510	2021-08-15 10:36:11	11.756	0.000	0.324	3.367	4.445	3.536	0.084	0.000	0.000	90.000	63.863	
9.1050	O1809R22	500	1.437660	0.000983	2021-08-15 10:36:23	11.308	0.000	0.320	3.747	3.675	3.487	0.078	0.000	0.000	20.904	0.100	
10.0120	C1309P22	500	4.518264	0.000457	2021-08-15 10:36:35	11.791	0.000	0.342	3.458	4.312	3.559	0.117	0.003	0.000	88.609	71.668	
9.0950	O1809R24	500	1.437737	0.001016	2021-08-15 10:36:46	11.204	0.000	0.319	3.491	3.801	3.510	0.081	0.000	0.000	17.426	0.100	
9.9940	C1309P20	500	4.584369	0.000505	2021-08-15 10:36:56	10.124	0.000	0.315	2.264	3.935	3.530	0.080	0.000	0.000	79.155	55.609	
9.2610	CO209R22	500	2.460931	0.000624	2021-08-15 10:37:11	14.262	0.000	0.324	4.971	5.397	3.489	0.080	0.000	0.000	38.116	0.100	
9.9750	C1309P18	500	4.603351	0.000547	2021-08-15 10:37:23	12.203	0.000	0.323	4.548	3.719	3.533	0.078	0.000	0.000	89.549	72.410	
9.0860	O1809R26	500	1.328187	0.001096	2021-08-15 10:37:34	10.705	0.000	0.323	3.052	3.724	3.526	0.080	0.000	0.000	14.320	0.100	
9.2500	CO209R24	500	2.382153	0.000747	2021-08-15 10:37:47	12.928	0.000	0.324	4.247	4.769	3.507	0.081	0.000	0.000	34.127	0.100	
9.9570	C1309P16	500	4.604667	0.001135	2021-08-15 10:37:58	10.979	0.000	0.324	3.047	3.970	3.554	0.084	0.000	0.000	100.000	100.000	
9.0770	O1809R28	500	1.329169	0.001016	2021-08-15 10:38:09	11.290	0.000	0.332	3.850	3.518	3.508	0.080	0.000	0.000	17.807	0.100	
9.2400	CO209R26	500	2.317404	0.000703	2021-08-15 10:38:22	12.852	0.000	0.317	3.560	5.375	3.522	0.077	0.000	0.000	31.291	0.100	
9.9400	C1309P14	500	4.614435	0.000598	2021-08-15 10:38:35	12.667	0.000	0.320	4.065	4.709	3.493	0.081	0.000	0.000	90.000	82.806	
9.0680	O1809R30	500	1.235260	0.001262	2021-08-15 10:38:46	10.956	0.000	0.315	2.949	4.077	3.529	0.085	0.000	0.000	14.595	0.100	
9.9230	C1309P12	500	4.605012	0.000463	2021-08-15 10:38:59	12.734	0.000	0.323	4.297	4.521	3.514	0.079	0.000	0.000	89.375	57.900	
9.0590	O1809R32	500	1.162983	0.001116	2021-08-15 10:39:10	10.749	0.000	0.318	2.877	4.023	3.474	0.036	0.021	0.000	15.134	0.100	
9.2300	CO209R28	500	2.246635	0.000737	2021-08-15 10:39:22	12.720	0.000	0.318	3.867	4.969	3.495	0.071	0.000	0.000	33.027	0.100	
9.9060	C1309P10	500	4.595810	0.000838	2021-08-15 10:39:33	10.893	0.000	0.315	3.646	3.319	3.531	0.081	0.000	0.000	87.674	86.721	
9.0510	O1809R34	500	1.125267	0.001497	2021-08-15 10:39:45	11.209	0.000	0.319	3.948	3.336	3.525	0.080	0.000	0.000	17.724	0.100	
9.2190	CO209R30	500	2.142324	0.000744	2021-08-15 10:40:00	15.025	0.000	0.316	5.664	5.441	3.520	0.083	0.000	0.000	38.274	0.100	
9.0420	O1809R36	500	1.080642	0.001287	2021-08-15 10:40:11	11.410	0.000	0.334	3.568	3.904	3.523	0.081	0.000	0.000	18.525	0.100	
9.2100	CO209R32	500	2.129387	0.000806	2021-08-15 10:40:26	13.073	0.000	0.315	4.681	4.480	3.518	0.080	0.000	0.000	39.647	0.100	
9.0340	O1809R38	500	1.016255	0.001344	2021-08-15 10:40:36	9.989	0.000	0.327	2.363	3.765	3.481	0.038	0.015	0.000	21.143	0.100	
9.2010	CO209R34	500	2.056191	0.000766	2021-08-15 10:40:53	13.430	0.000	0.317	4.357	5.186	3.498	0.071	0.000	0.000	56.558	0.100	
9.0260	O1809R40	500	0.990065	0.001493	2021-08-15 10:41:05	11.700	0.000	0.312	4.064	3.698	3.542	0.083	0.000	0.000	32.635	0.100	
9.7620	C1309R08	-1	-1000000.000000	-1.000000	2021-08-15 10:41:30	0.000	0.000	0.000	0.000	0.000	0.000	0.000	0.000	0.000	-1.000	-1.000	
9.7490	C1309R10	500	4.341906	0.000617	2021-08-15 10:42:09	12.735	0.000	0.318	3.848	4.982	3.512	0.074	0.000	0.000	89.252	70.671	
9.7360	C1309R12	500	4.304968	0.000481	2021-08-15 10:42:34	13.043	0.000	0.326	3.648	5.555	3.460	0.032	0.022	0.000	90.000	82.312	
9.7230	C1309R14	500	4.284663	0.000458	2021-08-15 10:42:58	10.856	0.000	0.321	3.681	3.268	3.515	0.071	0.000	0.000	89.665	58.499	
9.7100	C1309R16	500	4.282538	0.000431	2021-08-15 10:43:24	12.256	0.000	0.325	3.665	4.644	3.540	0.082	0.000	0.000	89.668	54.579	
9.0180	O1809R42	-1	-1000000.000000	-1.000000	2021-08-15 10:43:41	0.000	0.000	0.000	0.000	0.000	0.000	0.000	0.000	0.000	-1.000	-1.000	
9.6980	C1309R18	500	4.266714	0.000474	2021-08-15 10:43:48	11.863	0.000	0.323	3.648	4.329	3.485	0.077	0.000	0.000	89.688	58.927	
10.6640	O1810P36	500	2.668793	0.001011	2021-08-15 10:44:10	9.386	0.000	0.315	1.753	3.690	3.544	0.083	0.000	0.000	100.000	100.000	
9.6860	C1309R20	500	4.218637	0.000504	2021-08-15 10:44:22	12.096	0.000	0.341	4.847	3.300	3.527	0.081	0.000	0.000	89.668	43.741	
10.2780	O1810R08	500	3.812890	0.000488	2021-08-15 10:44:34	10.770	0.000	0.327	3.347	3.520	3.495	0.081	0.000	0.000	87.500	70.787	
10.1220	O1810R36	500	4.296927	0.000659	2021-08-15 10:44:58	8.465	0.000	0.341	1.868	2.660	3.514	0.081	0.000	0.000	100.000	100.000	
9.6750	C1309R22	500	4.183989	0.000481	2021-08-15 10:47:02	10.807	0.000	0.329	3.661	3.219	3.514	0.084	0.000	0.000	89.375	51.758	
9.6630	C1309R24	500	4.191950	0.000476	2021-08-15 10:47:27	11.460	0.000	0.345	3.743	3.769	3.526	0.076	0.000	0.000	89.609	57.313	
9.5520	O1809P46	-1	-1000000.000000	-1.000000	2021-08-15 10:47:30	0.000	0.000	0.000	0.000	0.000	0.000	0.000	0.000	0.000	-1.000	-1.000	
9.6520	C1309R26	500	4.149118	0.000543	2021-08-15 10:47:56	13.877	0.000	0.323	4.945	4.972	3.555	0.081	0.000	0.000	100.000	100.000	
9.1870	O1809R06	500	1.910527	0.000904	2021-08-15 10:48:12	12.027	0.000	0.323	4.767	3.343	3.508	0.085	0.000	0.000	25.384	0.100	
9.6420	C1309R28	500	4.159709	0.001671	2021-08-15 10:50:15	10.631	0.000	0.321	2.762	3.919	3.546	0.083	0.000	0.000	100.000	100.000	
9.0180	O1809R42	-1	-1000000.000000	-1.000000	2021-08-15 10:50:46	0.000	0.000	0.000	0.000	0.000	0.000	0.000	0.000	0.000	-1.000	-1.000	
9.6310	C1309R30	500	4.122600	0.000851	2021-08-15 10:51:19	13.324	0.000	0.318	4.646	4.751	3.526	0.083	0.000	0.000	100.000	100.000	
9.6210	C1309R32	0	NaN	NaN	2021-08-15 10:53:01	6.992	0.000	0.323	6.666	0.000	0.000	0.003	0.000	0.000	100.000	100.000	
9.6110	C1309R34	-1	-1000000.000000	-1.000000	2021-08-15 10:54:35	0.000	0.000	0.000	0.000	0.000	0.000	0.000	0.000	0.000	-1.000	-1.000	
11.2160	C1310P26	518	1.641085	0.002271	2021-08-15 10:56:09	24.536	0.000	0.328	4.446	12.010	7.649	0.103	0.000	0.000	89.797	85.662	
10.1520	C1309P36	-1	-1000000.000000	-1.000000	2021-08-15 10:57:50	0.000	0.000	0.000	0.000	0.000	0.000	0.000	0.000	0.000	-1.000	-1.000	
10.1310	C1309P34	-1	-1000000.000000	-1.000000	2021-08-15 10:59:24	0.000	0.000	0.000	0.000	0.000	0.000	0.000	0.000	0.000	-1.000	-1.000	
9.7620	C1309R08	-1	-1000000.000000	-1.000000	2021-08-15 11:00:59	0.000	0.000	0.000	0.000	0.000	0.000	0.000	0.000	0.000	-1.000	-1.000	
9.6210	C1309R32	-1	-1000000.000000	-1.000000	2021-08-15 11:02:32	0.000	0.000	0.000	0.000	0.000	0.000	0.000	0.000	0.000	-1.000	-1.000	
9.6110	C1309R34	-1	-1000000.000000	-1.000000	2021-08-15 11:04:06	0.000	0.000	0.000	0.000	0.000	0.000	0.000	0.000	0.000	-1.000	-1.000	
