Wavelength	Line name	# of completed ringdowns	Ringdowntimes (us)	STOT	TimeStamp	Get ringdown time (s)	Step time (s)	Step time (s)	Step time(s)	Step time(s) 	Step time(s) 	Step time(s)	Step time(s)	Step time(s) 	AOM setting	Attenuator setting
10.8110	CO210P40	502	1.972254	0.000955	2021-08-26 18:18:14	27.249	0.000	0.328	2.253	15.167	9.367	0.130	0.004	0.000	100.000	100.000	
10.7870	CO210P38	500	2.183109	0.001279	2021-08-26 18:18:43	10.696	0.000	0.323	2.362	4.330	3.555	0.126	0.000	0.000	100.000	100.000	
10.7640	CO210P36	500	2.140020	0.000616	2021-08-26 18:19:12	11.336	0.000	0.315	2.392	4.900	3.608	0.121	0.001	0.000	100.000	100.000	
10.7410	CO210P34	500	2.204523	0.000947	2021-08-26 18:19:43	12.428	0.000	0.318	4.368	4.006	3.616	0.120	0.000	0.000	90.000	81.819	
11.2390	C1310P28	0	NaN	NaN	2021-08-26 18:19:51	0.410	0.000	0.322	0.085	0.000	0.000	0.002	0.000	0.000	0.100	0.100	
10.7190	CO210P32	500	2.227022	0.000658	2021-08-26 18:20:13	12.911	0.000	0.329	3.690	5.167	3.566	0.158	0.000	0.000	90.000	88.019	
10.6640	O1810P36	-1	2.384249	0.001316	2021-08-26 18:20:32	0.000	0.000	0.000	0.000	0.000	0.000	0.000	0.000	0.000	-1.000	-1.000	
11.2160	C1310P26	500	1.517594	0.000866	2021-08-26 18:20:32	11.918	0.000	0.319	4.351	3.530	3.591	0.126	0.000	0.000	89.595	74.160	
10.6960	CO210P30	500	2.354470	0.000596	2021-08-26 18:20:43	10.723	0.000	0.312	2.049	4.641	3.599	0.121	0.000	0.000	100.000	100.000	
11.1940	C1310P24	500	1.563900	0.001187	2021-08-26 18:20:59	11.283	0.000	0.315	3.747	3.530	3.572	0.119	0.000	0.000	89.153	60.100	
10.6750	CO210P28	500	2.390211	0.001599	2021-08-26 18:22:22	82.515	0.000	0.325	4.351	56.888	20.788	0.162	0.000	0.000	100.000	100.000	
11.1710	C1310P22	500	1.586108	0.004274	2021-08-26 18:22:32	10.432	0.000	0.316	2.846	3.569	3.570	0.130	0.000	0.000	90.000	72.373	
10.6530	CO210P26	500	2.433566	0.002852	2021-08-26 18:22:46	10.094	0.000	0.324	1.964	4.112	3.570	0.123	0.000	0.000	100.000	100.000	
10.6430	O1810P34	-1	2.432781	0.000427	2021-08-26 18:23:07	0.000	0.000	0.000	0.000	0.000	0.000	0.000	0.000	0.000	-1.000	-1.000	
10.6320	CO210P24	500	2.452755	0.003416	2021-08-26 18:23:14	10.566	0.000	0.314	2.367	4.169	3.593	0.123	0.000	0.000	100.000	100.000	
11.1490	C1310P20	508	1.608429	0.002013	2021-08-26 18:23:36	21.945	0.000	0.337	4.049	8.543	8.890	0.126	0.000	0.000	89.424	57.228	
10.6220	O1810P32	500	2.489660	0.000922	2021-08-26 18:23:45	8.644	0.000	0.322	1.978	2.674	3.550	0.120	0.000	0.000	100.000	100.000	
10.6110	CO210P22	500	2.509647	0.001502	2021-08-26 18:23:55	9.882	0.000	0.315	1.365	4.474	3.605	0.122	0.000	0.000	100.000	100.000	
11.1280	C1310P18	500	1.646807	0.000446	2021-08-26 18:24:08	12.934	0.000	0.320	4.066	4.842	3.586	0.121	0.000	0.000	89.595	82.214	
10.6020	O1810P30	500	2.544083	0.001107	2021-08-26 18:24:20	11.346	0.000	0.319	3.664	3.732	3.528	0.086	0.018	0.000	90.000	96.974	
10.5910	CO210P20	500	2.555914	0.001606	2021-08-26 18:24:30	10.485	0.000	0.322	1.551	4.939	3.568	0.105	0.000	0.000	100.000	100.000	
11.1070	C1310P16	500	1.662640	0.001374	2021-08-26 18:24:41	10.637	0.000	0.322	3.069	3.534	3.598	0.115	0.000	0.000	100.000	100.000	
10.5820	O1810P28	500	2.536845	0.000907	2021-08-26 18:24:50	9.260	0.000	0.324	2.147	3.118	3.563	0.107	0.000	0.000	100.000	100.000	
10.5710	CO210P18	500	2.538571	0.003651	2021-08-26 18:25:01	10.593	0.000	0.327	1.371	5.210	3.562	0.122	0.000	0.000	100.000	100.000	
11.0860	C1310P14	500	1.707642	0.000453	2021-08-26 18:25:12	10.763	0.000	0.315	3.546	3.208	3.576	0.117	0.000	0.000	77.500	62.047	
10.5630	O1810P26	500	2.605422	0.000263	2021-08-26 18:25:24	11.360	0.000	0.324	3.965	3.404	3.557	0.110	0.000	0.000	85.556	77.257	
10.5510	CO210P16	500	2.589142	0.001644	2021-08-26 18:25:34	10.630	0.000	0.317	1.664	4.943	3.582	0.122	0.000	0.000	100.000	100.000	
11.0650	C1310P12	500	1.732479	0.001729	2021-08-26 18:25:48	13.830	0.000	0.331	4.764	5.018	3.594	0.122	0.000	0.000	90.000	87.244	
10.5430	O1810P24	500	2.477319	0.001008	2021-08-26 18:26:00	11.114	0.000	0.339	3.648	3.435	3.576	0.114	0.000	0.000	90.000	82.680	
10.5320	CO210P14	500	2.598265	0.003852	2021-08-26 18:26:11	11.305	0.000	0.322	2.181	5.129	3.560	0.114	0.000	0.000	100.000	100.000	
10.5250	O1810P22	500	2.654449	0.000354	2021-08-26 18:26:23	12.062	0.000	0.307	4.367	3.753	3.520	0.114	0.000	0.000	90.000	75.640	
11.0450	C1310P10	500	1.738007	0.002212	2021-08-26 18:26:33	9.803	0.000	0.323	2.469	3.344	3.557	0.109	0.000	0.000	100.000	100.000	
10.5130	CO210P12	500	2.668238	0.000898	2021-08-26 18:26:46	11.925	0.000	0.314	2.765	5.122	3.604	0.119	0.000	0.000	100.000	100.000	
10.5060	O1810P20	500	2.610697	0.000803	2021-08-26 18:26:56	10.778	0.000	0.328	3.381	3.360	3.590	0.118	0.000	0.000	87.500	72.162	
11.0250	C1310P08	500	1.798857	0.000667	2021-08-26 18:27:10	13.224	0.000	0.318	4.164	5.009	3.607	0.125	0.000	0.000	89.774	96.451	
10.4880	O1810P18	500	2.561608	0.000634	2021-08-26 18:27:22	12.519	0.000	0.324	4.761	3.736	3.577	0.120	0.000	0.000	87.037	77.688	
10.4940	CO210P10	500	2.711877	0.002357	2021-08-26 18:27:34	10.948	0.000	0.336	1.798	5.116	3.577	0.121	0.000	0.000	100.000	100.000	
11.0050	C1310P06	500	1.773607	0.003242	2021-08-26 18:27:43	9.562	0.000	0.312	2.182	3.361	3.587	0.120	0.000	0.000	100.000	100.000	
10.8840	C1310R06	-1	1.995711	0.001001	2021-08-26 18:27:56	0.000	0.000	0.000	0.000	0.000	0.000	0.000	0.000	0.000	-1.000	-1.000	
10.4710	O1810P16	500	2.769735	0.000822	2021-08-26 18:27:54	10.227	0.000	0.326	2.951	3.230	3.600	0.121	0.000	0.000	85.000	78.038	
10.4760	CO210P08	500	2.747372	0.004967	2021-08-26 18:28:05	11.630	0.000	0.319	1.788	5.808	3.595	0.120	0.000	0.000	100.000	100.000	
10.4530	O1810P14	500	2.816055	0.001067	2021-08-26 18:28:20	11.270	0.000	0.314	3.965	3.314	3.558	0.119	0.000	0.000	90.000	81.368	
10.8670	C1310R08	500	2.056309	0.000281	2021-08-26 18:28:33	12.438	0.000	0.316	4.078	4.304	3.614	0.121	0.004	0.000	87.037	68.563	
10.4360	O1810P12	500	2.862377	0.000450	2021-08-26 18:28:45	11.980	0.000	0.322	4.081	3.867	3.591	0.119	0.000	0.000	90.000	90.372	
10.4580	CO210P06	500	2.806134	0.002271	2021-08-26 18:28:55	10.629	0.000	0.318	1.763	4.836	3.592	0.120	0.000	0.000	100.000	100.000	
10.8500	C1310R10	500	2.056881	0.000526	2021-08-26 18:29:08	12.901	0.000	0.321	4.467	4.425	3.567	0.120	0.001	0.000	82.969	55.934	
10.4200	O1810P10	500	2.883371	0.001686	2021-08-26 18:29:19	10.333	0.000	0.320	2.650	3.691	3.561	0.110	0.000	0.000	90.000	90.000	
10.3650	CO210R04	500	2.887775	0.000506	2021-08-26 18:29:34	14.649	0.000	0.320	5.549	5.077	3.586	0.117	0.000	0.000	80.000	73.385	
10.4040	O1810P08	500	2.934865	0.000533	2021-08-26 18:29:43	9.120	0.000	0.310	1.766	3.329	3.594	0.121	0.000	0.000	100.000	100.000	
10.8330	C1310R12	500	2.122705	0.001140	2021-08-26 18:29:56	12.866	0.000	0.316	3.647	5.196	3.589	0.117	0.000	0.000	87.037	73.189	
10.3490	CO210R06	500	2.766437	0.000765	2021-08-26 18:30:08	11.446	0.000	0.326	2.373	5.054	3.582	0.111	0.000	0.000	94.036	100.000	
10.8160	C1310R14	500	2.151992	0.002654	2021-08-26 18:30:21	10.666	0.000	0.315	2.862	3.827	3.548	0.112	0.000	0.000	87.500	67.642	
10.3340	CO210R08	500	2.852426	0.000352	2021-08-26 18:30:32	11.322	0.000	0.318	1.951	5.338	3.597	0.117	0.000	0.000	77.037	62.563	
10.8000	C1310R16	500	2.168079	0.000551	2021-08-26 18:30:44	9.431	0.000	0.332	2.166	3.242	3.573	0.119	0.000	0.000	84.440	88.185	
10.3180	CO210R10	500	3.120168	0.000400	2021-08-26 18:30:57	12.087	0.000	0.337	2.468	5.575	3.588	0.118	0.000	0.000	80.000	44.327	
10.7840	C1310R18	500	2.017662	0.004274	2021-08-26 18:31:08	10.471	0.000	0.324	2.962	3.524	3.554	0.106	0.000	0.000	88.750	67.827	
10.3030	CO210R12	500	3.028526	0.000283	2021-08-26 18:31:22	10.320	0.000	0.319	2.167	4.107	3.602	0.123	0.000	0.000	80.000	49.701	
10.7680	C1310R20	500	2.133812	0.000318	2021-08-26 18:31:35	12.381	0.000	0.336	3.182	5.142	3.599	0.123	0.000	0.000	88.750	75.236	
10.2890	CO210R14	500	3.102569	0.000261	2021-08-26 18:31:47	12.649	0.000	0.322	4.266	4.397	3.550	0.112	0.000	0.000	69.520	41.119	
10.7530	C1310R22	500	2.150437	0.001465	2021-08-26 18:31:59	11.158	0.000	0.331	2.749	4.355	3.602	0.120	0.000	0.000	100.000	100.000	
10.2740	CO210R16	500	3.204600	0.000439	2021-08-26 18:32:16	15.001	0.000	0.325	5.548	5.413	3.597	0.119	0.000	0.000	86.997	43.216	
10.7380	C1310R24	500	2.139018	0.000653	2021-08-26 18:32:27	10.848	0.000	0.312	2.550	4.374	3.516	0.072	0.023	0.000	100.000	100.000	
10.2780	O1810R08	0	NaN	NaN	2021-08-26 18:32:29	0.423	0.000	0.318	0.102	0.000	0.000	0.003	0.000	0.000	0.100	0.100	
10.2600	CO210R18	500	3.304828	0.000382	2021-08-26 18:32:39	11.600	0.000	0.317	2.961	4.679	3.516	0.128	0.000	0.000	85.000	38.850	
10.7230	C1310R26	500	2.252254	0.002885	2021-08-26 18:32:52	11.370	0.000	0.313	4.084	3.284	3.579	0.110	0.000	0.000	90.000	88.854	
10.2650	O1810R10	0	NaN	NaN	2021-08-26 18:32:54	0.423	0.000	0.320	0.101	0.000	0.000	0.001	0.000	0.000	0.100	0.100	
10.2470	CO210R20	500	2.744035	0.000383	2021-08-26 18:33:03	11.009	0.000	0.316	2.379	4.629	3.527	0.156	0.000	0.000	90.000	51.832	
10.7080	C1310R28	500	2.304543	0.001967	2021-08-26 18:33:16	10.241	0.000	0.320	2.346	3.882	3.577	0.116	0.000	0.000	100.000	100.000	
10.2520	O1810R12	500	3.318569	0.000689	2021-08-26 18:33:26	10.149	0.000	0.317	2.447	3.709	3.554	0.122	0.000	0.000	100.000	100.000	
10.2330	CO210R22	500	3.346771	0.000289	2021-08-26 18:33:37	11.323	0.000	0.323	2.977	4.367	3.543	0.113	0.000	0.000	75.350	44.060	
10.2400	O1810R14	500	3.367741	0.000629	2021-08-26 18:33:49	11.400	0.000	0.322	3.984	3.395	3.580	0.119	0.000	0.000	90.000	82.788	
10.6940	C1310R30	500	2.331466	0.000549	2021-08-26 18:33:58	9.451	0.000	0.327	1.664	3.735	3.614	0.111	0.000	0.000	100.000	100.000	
10.2200	CO210R24	500	3.410365	0.000455	2021-08-26 18:34:10	11.994	0.000	0.316	2.965	5.012	3.580	0.121	0.000	0.000	75.350	46.751	
10.2280	O1810R16	500	3.379728	0.000322	2021-08-26 18:34:23	12.690	0.000	0.316	5.064	3.619	3.574	0.118	0.000	0.000	87.366	68.588	
10.2070	CO210R26	500	3.435877	0.000286	2021-08-26 18:34:36	12.575	0.000	0.328	4.049	4.484	3.595	0.119	0.000	0.000	80.508	42.623	
10.2160	O1810R18	500	3.444146	0.000790	2021-08-26 18:34:47	10.594	0.000	0.312	3.085	3.482	3.596	0.119	0.000	0.000	87.500	58.280	
10.6800	C1310R32	500	2.357045	0.002238	2021-08-26 18:34:56	9.062	0.000	0.329	1.863	3.212	3.547	0.110	0.000	0.000	100.000	100.000	
10.1950	CO210R28	500	3.498309	0.001186	2021-08-26 18:35:10	14.167	0.000	0.315	4.763	5.441	3.543	0.106	0.000	0.000	90.000	35.562	
10.2040	O1810R20	500	3.472996	0.000228	2021-08-26 18:35:21	11.121	0.000	0.327	3.394	3.741	3.539	0.118	0.001	0.000	76.667	62.715	
10.1820	CO210R30	500	3.487601	0.000591	2021-08-26 18:35:33	11.894	0.000	0.324	3.044	4.834	3.573	0.120	0.000	0.000	88.750	50.635	
10.1930	O1810R22	500	3.508521	0.000683	2021-08-26 18:35:44	10.646	0.000	0.318	3.296	3.357	3.568	0.106	0.000	0.000	87.500	49.024	
10.6660	C1310R34	500	2.378997	0.000393	2021-08-26 18:35:54	9.349	0.000	0.321	1.648	3.668	3.594	0.117	0.000	0.000	100.000	100.000	
10.1700	CO210R32	500	3.539341	0.000577	2021-08-26 18:36:05	11.663	0.000	0.317	2.862	4.811	3.557	0.116	0.000	0.000	70.000	70.000	
10.1820	O1810R24	500	3.482514	0.000253	2021-08-26 18:36:16	10.345	0.000	0.325	3.286	3.070	3.553	0.111	0.000	0.000	85.000	58.604	
10.6520	C1310R36	500	2.421085	0.002379	2021-08-26 18:36:25	9.330	0.000	0.336	1.883	3.454	3.552	0.105	0.000	0.000	100.000	100.000	
10.1590	CO210R34	500	3.513482	0.000305	2021-08-26 18:36:38	12.384	0.000	0.311	3.384	5.018	3.561	0.109	0.000	0.000	87.500	47.139	
10.1710	O1810R26	500	3.546610	0.000276	2021-08-26 18:36:48	10.275	0.000	0.332	3.468	2.752	3.605	0.117	0.000	0.000	76.667	67.130	
10.6390	C1310R38	500	2.438133	0.001175	2021-08-26 18:36:58	9.346	0.000	0.344	1.863	3.460	3.561	0.117	0.000	0.000	100.000	100.000	
10.1470	CO210R36	500	3.566269	0.000424	2021-08-26 18:37:09	11.397	0.000	0.323	2.487	4.809	3.603	0.175	0.000	0.000	70.000	70.000	
10.1610	O1810R28	500	3.506688	0.000825	2021-08-26 18:37:21	11.297	0.000	0.314	3.646	3.691	3.546	0.090	0.011	0.000	87.500	58.578	
10.6260	C1310R40	500	2.401948	0.001842	2021-08-26 18:38:14	53.185	0.000	0.315	3.093	28.926	20.738	0.112	0.000	0.000	100.000	100.000	
10.1500	O1810R30	500	3.571102	0.000365	2021-08-26 18:38:25	10.675	0.000	0.319	3.762	2.947	3.539	0.108	0.000	0.000	86.619	83.754	
10.1360	CO210R38	500	3.520513	0.000514	2021-08-26 18:38:38	13.143	0.000	0.325	4.080	5.059	3.567	0.112	0.000	0.000	86.090	55.968	
10.1410	O1810R32	500	3.540595	0.000292	2021-08-26 18:38:51	9.413	0.000	0.330	1.884	3.511	3.570	0.117	0.000	0.000	100.000	100.000	
10.1250	CO210R40	500	3.556554	0.000370	2021-08-26 18:39:08	14.958	0.000	0.312	6.482	4.473	3.573	0.116	0.000	0.000	90.000	84.437	
9.7530	CO209P42	500	2.827164	0.000561	2021-08-26 18:39:43	16.704	0.000	0.320	7.347	5.329	3.587	0.121	0.000	0.000	90.000	72.706	
9.7330	CO209P40	500	2.544127	0.000297	2021-08-26 18:40:15	15.921	0.000	0.323	3.043	8.854	3.584	0.118	0.000	0.000	90.000	92.810	
10.1520	C1309P36	-1	-1000000.000000	-1.000000	2021-08-26 18:40:28	0.000	0.000	0.000	0.000	0.000	0.000	0.000	0.000	0.000	-1.000	-1.000	
9.7140	CO209P38	500	2.520813	0.000289	2021-08-26 18:40:45	13.132	0.000	0.319	3.662	5.457	3.574	0.119	0.000	0.000	90.000	54.755	
9.6950	CO209P36	500	2.502163	0.001263	2021-08-26 18:41:14	12.738	0.000	0.316	4.361	4.373	3.569	0.118	0.000	0.000	81.111	48.964	
9.6750	CO209P34	500	2.193955	0.000408	2021-08-26 18:41:43	12.009	0.000	0.334	3.265	4.760	3.538	0.113	0.000	0.000	87.500	41.454	
10.1310	O1810R34	-1	-1000000.000000	-1.000000	2021-08-26 18:41:59	0.000	0.000	0.000	0.000	0.000	0.000	0.000	0.000	0.000	-1.000	-1.000	
9.6570	CO209P32	500	2.440220	0.000761	2021-08-26 18:42:14	14.266	0.000	0.324	4.863	5.397	3.564	0.117	0.000	0.000	77.344	32.841	
10.1310	C1309P34	-1	-1000000.000000	-1.000000	2021-08-26 18:42:45	0.000	0.000	0.000	0.000	0.000	0.000	0.000	0.000	0.000	-1.000	-1.000	
9.6390	CO209P30	500	2.352884	0.000493	2021-08-26 18:42:43	12.822	0.000	0.309	3.550	5.306	3.550	0.106	0.000	0.000	87.500	30.825	
9.6210	CO209P28	500	2.300230	0.000360	2021-08-26 18:43:13	13.435	0.000	0.324	3.969	5.481	3.551	0.109	0.000	0.000	89.375	21.234	
10.1100	C1309P32	500	3.624433	0.001135	2021-08-26 18:43:25	11.618	0.000	0.334	2.075	5.492	3.595	0.121	0.000	0.000	100.000	100.000	
9.6040	CO209P26	500	2.358796	0.000457	2021-08-26 18:43:41	14.558	0.000	0.341	5.448	5.063	3.586	0.118	0.001	0.000	90.000	16.110	
10.0900	C1309P30	500	3.644127	0.000541	2021-08-26 18:43:52	10.478	0.000	0.314	2.568	3.905	3.582	0.109	0.000	0.000	100.000	100.000	
9.5880	CO209P24	500	2.342979	0.000369	2021-08-26 18:44:11	17.170	0.000	0.314	8.163	4.967	3.605	0.120	0.000	0.000	88.311	16.228	
10.0700	C1309P28	500	3.596208	0.000588	2021-08-26 18:44:21	10.300	0.000	0.324	3.160	3.166	3.540	0.110	0.000	0.000	90.000	89.172	
9.5690	CO209P22	500	2.297672	0.000518	2021-08-26 18:44:38	14.371	0.000	0.322	4.966	5.382	3.581	0.120	0.000	0.000	90.000	17.495	
10.1220	O1810R36	-1	-1000000.000000	-1.000000	2021-08-26 18:44:45	0.000	0.000	0.000	0.000	0.000	0.000	0.000	0.000	0.000	-1.000	-1.000	
10.0500	C1309P26	500	3.604986	0.000993	2021-08-26 18:44:51	12.364	0.000	0.314	4.967	3.358	3.606	0.119	0.000	0.000	89.812	83.571	
9.5520	CO209P20	500	2.280636	0.000557	2021-08-26 18:45:09	15.316	0.000	0.328	6.260	5.028	3.578	0.120	0.000	0.000	90.000	15.373	
9.5520	O1809P46	0	NaN	NaN	2021-08-26 18:45:33	23.517	0.000	0.320	3.759	2.245	17.191	0.002	0.000	0.000	0.100	0.100	
10.0310	C1309P24	500	3.578581	0.000567	2021-08-26 18:45:44	11.077	0.000	0.328	3.083	4.005	3.522	0.137	0.000	0.000	90.000	68.493	
9.5360	O1809P44	500	2.207709	0.000937	2021-08-26 18:45:57	12.422	0.000	0.326	4.747	3.654	3.570	0.125	0.000	0.000	85.000	37.142	
9.5360	CO209P18	500	2.206564	0.000785	2021-08-26 18:46:10	12.984	0.000	0.316	4.192	4.756	3.596	0.123	0.000	0.000	90.000	17.017	
9.5190	O1809P42	500	2.170478	0.000444	2021-08-26 18:46:25	15.382	0.000	0.335	4.049	1.490	9.384	0.123	0.000	0.000	85.000	31.939	
10.0120	C1309P22	500	3.280162	0.000401	2021-08-26 18:46:36	10.887	0.000	0.326	3.204	3.642	3.595	0.119	0.000	0.000	89.859	89.466	
9.5200	CO209P16	500	2.162478	0.000382	2021-08-26 18:46:52	15.640	0.000	0.317	6.161	5.454	3.583	0.124	0.000	0.000	90.000	12.360	
9.5030	O1809P40	500	2.090470	0.000855	2021-08-26 18:47:26	34.093	0.000	0.314	9.046	3.806	20.804	0.122	0.000	0.000	90.000	15.016	
9.9940	C1309P20	500	3.474661	0.001721	2021-08-26 18:47:39	12.224	0.000	0.330	3.449	4.715	3.609	0.121	0.000	0.000	90.000	82.294	
9.4880	O1809P38	500	2.101020	0.000380	2021-08-26 18:47:54	15.815	0.000	0.318	8.467	3.318	3.589	0.123	0.000	0.000	90.000	11.725	
9.5040	CO209P14	500	2.079374	0.000438	2021-08-26 18:48:07	12.587	0.000	0.316	3.762	4.802	3.584	0.122	0.000	0.000	90.000	15.316	
9.4720	O1809P36	500	2.047838	0.000280	2021-08-26 18:48:18	10.491	0.000	0.320	2.757	3.681	3.605	0.127	0.000	0.000	90.000	0.234	
9.9750	C1309P18	500	3.409051	0.001838	2021-08-26 18:48:29	11.233	0.000	0.328	3.846	3.402	3.547	0.109	0.000	0.000	90.000	76.474	
9.4880	CO209P12	500	2.076696	0.000752	2021-08-26 18:48:40	11.447	0.000	0.326	2.585	4.803	3.604	0.129	0.000	0.000	90.000	0.199	
9.4570	O1809P34	500	1.941258	0.001429	2021-08-26 18:49:09	28.317	0.000	0.326	20.966	3.370	3.547	0.108	0.000	0.000	90.000	11.143	
9.9570	C1309P16	500	3.385501	0.000716	2021-08-26 18:49:20	11.194	0.000	0.319	3.059	4.113	3.581	0.122	0.000	0.000	100.000	100.000	
9.4730	CO209P10	500	1.996718	0.000302	2021-08-26 18:49:35	14.572	0.000	0.315	5.461	5.075	3.594	0.126	0.000	0.000	90.000	13.401	
9.4410	O1809P32	500	1.974697	0.000396	2021-08-26 18:49:47	11.431	0.000	0.336	3.975	3.543	3.481	0.080	0.015	0.000	65.305	0.100	
9.9400	C1309P14	500	3.341826	0.000862	2021-08-26 18:50:00	13.412	0.000	0.323	4.647	4.789	3.550	0.103	0.000	0.000	90.886	98.525	
9.4270	O1809P30	500	1.952924	0.000421	2021-08-26 18:50:11	11.022	0.000	0.320	3.662	3.379	3.543	0.118	0.000	0.000	73.735	0.100	
9.4580	CO209P08	500	1.959539	0.000312	2021-08-26 18:50:23	11.419	0.000	0.335	2.261	5.161	3.543	0.120	0.000	0.000	90.000	16.240	
9.4120	O1809P28	500	1.841852	0.000457	2021-08-26 18:50:34	10.966	0.000	0.317	3.370	3.595	3.567	0.115	0.000	0.000	66.360	0.100	
9.9230	C1309P12	500	3.297944	0.001243	2021-08-26 18:50:46	11.862	0.000	0.310	3.452	4.471	3.517	0.112	0.000	0.000	96.288	100.000	
9.3970	O1809P26	500	1.804500	0.000393	2021-08-26 18:50:57	11.132	0.000	0.324	4.094	3.001	3.589	0.124	0.000	0.000	57.510	0.100	
9.3540	CO209R06	500	1.673328	0.000672	2021-08-26 18:51:12	15.049	0.000	0.320	6.148	4.928	3.543	0.109	0.000	0.000	82.783	0.100	
9.3830	O1809P24	500	1.607854	0.000376	2021-08-26 18:51:24	11.333	0.000	0.340	4.060	3.266	3.553	0.114	0.000	0.000	55.117	0.100	
9.3690	O1809P22	-1	1.574183	0.000773	2021-08-26 18:51:35	0.000	0.000	0.000	0.000	0.000	0.000	0.000	0.000	0.000	-1.000	-1.000	
9.9060	C1309P10	500	3.327495	0.000934	2021-08-26 18:51:35	11.279	0.000	0.325	3.364	3.921	3.557	0.111	0.000	0.000	87.674	83.081	
9.3420	CO209R08	500	1.607041	0.000555	2021-08-26 18:51:57	21.822	0.000	0.314	12.362	5.435	3.590	0.120	0.000	0.000	90.000	11.824	
9.3550	O1809P20	500	1.670986	0.000505	2021-08-26 18:52:09	11.532	0.000	0.316	3.850	3.615	3.588	0.155	0.007	0.000	44.595	0.100	
9.3290	CO209R10	500	1.558867	0.000588	2021-08-26 18:52:24	12.316	0.000	0.329	3.175	5.103	3.581	0.128	0.000	0.000	72.797	0.100	
9.3410	O1809P18	500	1.602994	0.000370	2021-08-26 18:52:35	10.883	0.000	0.324	3.575	3.278	3.586	0.119	0.000	0.000	44.227	0.100	
9.3170	CO209R12	-1	-1000000.000000	-1.000000	2021-08-26 18:52:38	0.000	0.000	0.000	0.000	0.000	0.000	0.000	0.000	0.000	-1.000	-1.000	
9.3280	O1809P16	500	1.541993	0.000438	2021-08-26 18:53:02	10.540	0.000	0.322	3.165	3.378	3.556	0.118	0.000	0.000	50.000	0.100	
9.3050	CO209R14	500	1.414071	0.000901	2021-08-26 18:53:14	12.068	0.000	0.311	3.581	4.483	3.574	0.119	0.000	0.000	90.000	0.588	
9.3150	O1809P14	500	1.494814	0.001041	2021-08-26 18:53:27	11.625	0.000	0.314	4.053	3.596	3.552	0.110	0.000	0.000	52.569	0.100	
9.7620	C1309R08	-1	-1000000.000000	-1.000000	2021-08-26 18:53:37	0.000	0.000	0.000	0.000	0.000	0.000	0.000	0.000	0.000	-1.000	-1.000	
9.2940	CO209R16	500	1.371518	0.001121	2021-08-26 18:53:39	11.729	0.000	0.320	3.069	4.637	3.587	0.116	0.000	0.000	68.122	0.100	
9.3020	O1809P12	500	1.425312	0.001111	2021-08-26 18:53:51	11.345	0.000	0.317	3.761	3.584	3.564	0.119	0.000	0.000	57.716	0.100	
9.7490	C1309R10	500	2.685761	0.000452	2021-08-26 18:54:02	11.032	0.000	0.317	2.767	4.271	3.555	0.122	0.000	0.000	100.000	100.000	
9.2890	O1809P10	500	1.405843	0.000913	2021-08-26 18:54:14	11.210	0.000	0.343	3.861	3.283	3.605	0.119	0.000	0.000	50.000	0.100	
9.7360	C1309R12	500	2.434561	0.000962	2021-08-26 18:54:26	11.884	0.000	0.327	2.967	4.934	3.548	0.109	0.000	0.000	100.000	100.000	
9.2760	O1809P08	500	1.344945	0.001928	2021-08-26 18:54:39	12.756	0.000	0.338	4.869	3.863	3.569	0.118	0.000	0.000	59.948	0.100	
9.2820	CO209R18	500	1.362013	0.000604	2021-08-26 18:54:56	16.554	0.000	0.323	7.062	5.515	3.545	0.108	0.000	0.000	90.000	0.226	
9.2640	O1809P06	500	1.302278	0.000416	2021-08-26 18:55:06	10.351	0.000	0.321	3.163	3.207	3.548	0.111	0.000	0.000	68.121	0.100	
9.7230	C1309R14	500	2.503431	0.001708	2021-08-26 18:55:17	10.488	0.000	0.336	2.690	3.783	3.563	0.116	0.000	0.000	100.000	100.000	
9.2710	CO209R20	500	1.323208	0.000370	2021-08-26 18:55:31	14.623	0.000	0.318	6.152	4.501	3.544	0.108	0.000	0.000	55.186	0.100	
9.1990	O1809R04	500	1.047267	0.002535	2021-08-26 18:55:43	11.457	0.000	0.323	3.745	3.686	3.585	0.118	0.000	0.000	90.000	23.488	
9.7100	C1309R16	500	2.508739	0.003005	2021-08-26 18:55:54	10.603	0.000	0.325	2.769	3.867	3.531	0.112	0.000	0.000	100.000	100.000	
9.1870	O1809R06	500	1.005967	0.002549	2021-08-26 18:56:07	13.141	0.000	0.326	5.551	3.557	3.589	0.117	0.000	0.000	90.000	0.431	
9.6980	C1309R18	500	2.460875	0.001243	2021-08-26 18:56:17	10.435	0.000	0.334	2.666	3.771	3.554	0.109	0.000	0.000	100.000	100.000	
9.2610	CO209R22	500	1.292724	0.002904	2021-08-26 18:56:31	13.395	0.000	0.317	4.151	5.258	3.562	0.106	0.000	0.000	69.326	0.100	
9.1760	O1809R08	500	0.983759	0.000596	2021-08-26 18:56:43	12.409	0.000	0.311	4.662	3.773	3.556	0.106	0.000	0.000	48.446	0.100	
9.6860	C1309R20	500	2.279686	0.002879	2021-08-26 18:56:54	10.886	0.000	0.320	2.551	4.276	3.615	0.123	0.000	0.000	100.000	100.000	
9.2500	CO209R24	500	1.235539	0.006352	2021-08-26 18:57:08	13.696	0.000	0.313	4.980	4.685	3.600	0.118	0.000	0.000	61.833	0.100	
9.1660	O1809R10	500	0.934978	0.000977	2021-08-26 18:57:21	12.789	0.000	0.326	5.270	3.483	3.589	0.120	0.000	0.000	42.025	0.100	
9.6750	C1309R22	500	2.120792	0.000776	2021-08-26 18:57:31	10.073	0.000	0.331	2.677	3.381	3.561	0.122	0.000	0.000	100.000	100.000	
9.2400	CO209R26	500	1.212269	0.002016	2021-08-26 18:57:44	12.558	0.000	0.336	3.766	4.803	3.544	0.109	0.000	0.000	50.000	0.100	
9.1550	O1809R12	500	0.955543	0.001318	2021-08-26 18:57:55	10.306	0.000	0.317	2.986	3.329	3.556	0.118	0.000	0.000	35.429	0.100	
9.6630	C1309R24	500	2.350009	0.000677	2021-08-26 18:58:07	12.067	0.000	0.313	2.769	5.271	3.595	0.119	0.000	0.000	100.000	100.000	
9.1450	O1809R14	500	0.947381	0.001513	2021-08-26 18:58:20	13.179	0.000	0.317	5.171	4.013	3.572	0.106	0.000	0.000	40.047	0.100	
9.6520	C1309R26	500	2.309839	0.000612	2021-08-26 18:58:32	11.319	0.000	0.320	2.679	4.610	3.587	0.121	0.000	0.000	100.000	100.000	
9.1340	O1809R16	500	0.938937	0.002045	2021-08-26 18:58:44	11.792	0.000	0.320	4.064	3.706	3.583	0.118	0.000	0.000	31.346	0.100	
9.2300	CO209R28	500	1.162083	0.006417	2021-08-26 18:58:58	13.899	0.000	0.315	4.464	5.463	3.548	0.109	0.000	0.000	64.412	0.100	
9.1250	O1809R18	500	0.942665	0.003708	2021-08-26 18:59:10	11.872	0.000	0.338	3.984	3.858	3.570	0.121	0.000	0.000	33.131	0.100	
9.6420	C1309R28	500	2.254520	0.001179	2021-08-26 18:59:20	10.529	0.000	0.322	2.753	3.779	3.563	0.112	0.000	0.000	100.000	100.000	
9.1150	O1809R20	500	0.940929	0.000949	2021-08-26 18:59:32	11.442	0.000	0.341	3.776	3.617	3.586	0.122	0.000	0.000	31.917	0.100	
9.2190	CO209R30	500	1.026123	0.000736	2021-08-26 18:59:47	14.459	0.000	0.325	5.071	5.362	3.582	0.117	0.000	0.000	87.366	11.070	
9.1050	O1809R22	500	0.939239	0.002219	2021-08-26 18:59:59	12.275	0.000	0.326	4.678	3.635	3.526	0.109	0.000	0.000	35.491	0.100	
9.2100	CO209R32	500	1.093798	0.000772	2021-08-26 19:00:12	11.488	0.000	0.317	3.183	4.254	3.605	0.128	0.000	0.000	77.289	0.100	
9.2010	CO209R34	-1	-1000000.000000	-1.000000	2021-08-26 19:00:23	0.000	0.000	0.000	0.000	0.000	0.000	0.000	0.000	0.000	-1.000	-1.000	
9.3170	CO209R12	-1	-1000000.000000	-1.000000	2021-08-26 19:00:34	0.000	0.000	0.000	0.000	0.000	0.000	0.000	0.000	0.000	-1.000	-1.000	
9.6310	C1309R30	0	NaN	NaN	2021-08-26 19:00:47	34.292	0.000	0.324	3.771	13.017	17.178	0.003	0.000	0.000	0.100	0.100	
9.0950	O1809R24	0	NaN	NaN	2021-08-26 19:00:47	0.418	0.000	0.314	0.103	0.000	0.000	0.000	0.000	0.000	0.100	0.100	
9.2010	CO209R34	0	NaN	NaN	2021-08-26 19:00:48	0.409	0.000	0.325	0.084	0.000	0.000	0.000	0.000	0.000	0.100	0.100	
9.0860	O1809R26	500	0.938591	0.000889	2021-08-26 19:01:14	11.413	0.000	0.320	3.735	3.741	3.495	0.123	0.000	0.000	22.065	0.100	
9.3170	CO209R12	-1	-1000000.000000	-1.000000	2021-08-26 19:01:24	0.000	0.000	0.000	0.000	0.000	0.000	0.000	0.000	0.000	-1.000	-1.000	
9.0770	O1809R28	500	0.926942	0.002572	2021-08-26 19:01:42	11.209	0.000	0.320	3.764	3.485	3.542	0.097	0.000	0.000	29.142	0.100	
9.0680	O1809R30	500	0.928559	0.001022	2021-08-26 19:02:09	11.735	0.000	0.312	3.762	4.050	3.510	0.095	0.006	0.000	21.947	0.100	
9.0590	O1809R32	500	0.907210	0.001892	2021-08-26 19:02:34	10.285	0.000	0.323	2.663	3.671	3.532	0.095	0.000	0.000	22.274	0.100	
9.6210	C1309R32	-1	-1000000.000000	-1.000000	2021-08-26 19:02:43	0.000	0.000	0.000	0.000	0.000	0.000	0.000	0.000	0.000	-1.000	-1.000	
9.0510	O1809R34	500	0.885596	0.002514	2021-08-26 19:03:00	12.104	0.000	0.314	4.849	3.307	3.535	0.093	0.006	0.000	25.884	0.100	
9.0420	O1809R36	500	0.878263	0.002270	2021-08-26 19:03:27	12.006	0.000	0.319	4.484	3.553	3.551	0.099	0.000	0.000	29.188	0.100	
9.0340	O1809R38	500	0.826077	0.001798	2021-08-26 19:03:53	10.197	0.000	0.319	2.546	3.716	3.515	0.099	0.002	0.000	31.488	0.100	
9.0260	O1809R40	500	0.845338	0.001368	2021-08-26 19:04:18	11.171	0.000	0.320	3.482	3.750	3.529	0.089	0.000	0.000	64.273	0.100	
9.6110	C1309R34	-1	2.152651	0.003083	2021-08-26 19:04:28	0.000	0.000	0.000	0.000	0.000	0.000	0.000	0.000	0.000	-1.000	-1.000	
11.2390	C1310P28	510	1.471818	0.008115	2021-08-26 19:06:58	23.816	0.000	0.325	2.262	12.615	8.510	0.104	0.000	0.000	100.000	100.000	
9.0180	O1809R42	-1	-1000000.000000	-1.000000	2021-08-26 19:07:09	0.000	0.000	0.000	0.000	0.000	0.000	0.000	0.000	0.000	-1.000	-1.000	
10.8840	C1310R06	500	1.995711	0.001001	2021-08-26 19:07:33	12.178	0.000	0.323	4.564	3.566	3.574	0.151	0.000	0.000	100.000	100.000	
10.6640	O1810P36	500	2.384249	0.001316	2021-08-26 19:07:42	8.609	0.000	0.313	1.350	3.265	3.567	0.115	0.000	0.000	100.000	100.000	
10.6430	O1810P34	500	2.432781	0.000427	2021-08-26 19:08:06	9.740	0.000	0.328	1.989	3.784	3.528	0.111	0.000	0.000	100.000	100.000	
10.2780	O1810R08	0	NaN	NaN	2021-08-26 19:09:14	0.403	0.000	0.314	0.088	0.000	0.000	0.001	0.000	0.000	0.100	0.100	
10.2650	O1810R10	500	3.260438	0.001185	2021-08-26 19:09:35	8.960	0.000	0.316	2.365	2.567	3.554	0.157	0.000	0.000	100.000	100.000	
10.1520	C1309P36	-1	-1000000.000000	-1.000000	2021-08-26 19:09:38	0.000	0.000	0.000	0.000	0.000	0.000	0.000	0.000	0.000	-1.000	-1.000	
10.1310	C1309P34	-1	-1000000.000000	-1.000000	2021-08-26 19:11:37	0.000	0.000	0.000	0.000	0.000	0.000	0.000	0.000	0.000	-1.000	-1.000	
10.1310	O1810R34	-1	-1000000.000000	-1.000000	2021-08-26 19:12:29	0.000	0.000	0.000	0.000	0.000	0.000	0.000	0.000	0.000	-1.000	-1.000	
9.7620	C1309R08	-1	-1000000.000000	-1.000000	2021-08-26 19:13:36	0.000	0.000	0.000	0.000	0.000	0.000	0.000	0.000	0.000	-1.000	-1.000	
10.1220	O1810R36	-1	-1000000.000000	-1.000000	2021-08-26 19:15:02	0.000	0.000	0.000	0.000	0.000	0.000	0.000	0.000	0.000	-1.000	-1.000	
9.6310	C1309R30	500	2.210257	0.000547	2021-08-26 19:15:09	13.640	0.000	0.317	4.947	4.686	3.574	0.116	0.000	0.000	100.000	100.000	
9.5520	O1809P46	-1	-1000000.000000	-1.000000	2021-08-26 19:17:44	0.000	0.000	0.000	0.000	0.000	0.000	0.000	0.000	0.000	-1.000	-1.000	
9.6210	C1309R32	0	NaN	NaN	2021-08-26 19:19:17	128.134	0.000	0.321	8.318	96.595	22.898	0.001	0.000	0.000	100.000	100.000	
9.3690	O1809P22	500	1.574183	0.000773	2021-08-26 19:19:28	11.752	0.000	0.317	4.244	3.557	3.490	0.144	0.000	0.000	58.123	0.100	
9.0950	O1809R24	500	0.928326	0.002369	2021-08-26 19:19:55	11.549	0.000	0.323	3.854	3.721	3.545	0.105	0.000	0.000	35.709	0.100	
9.6110	C1309R34	500	2.152651	0.003083	2021-08-26 19:21:23	11.381	0.000	0.332	4.051	3.325	3.560	0.112	0.000	0.000	100.000	100.000	
9.0180	O1809R42	-1	-1000000.000000	-1.000000	2021-08-26 19:22:28	0.000	0.000	0.000	0.000	0.000	0.000	0.000	0.000	0.000	-1.000	-1.000	
