Wavelength	Line name	# of completed ringdowns	Ringdowntimes (us)	STOT	TimeStamp	Get ringdown time (s)	Step time (s)	Step time (s)	Step time(s)	Step time(s) 	Step time(s) 	Step time(s)	Step time(s)	Step time(s) 	AOM setting	Attenuator setting
10.8110	CO210P40	500	1.870284	0.000707	2021-08-12 12:38:47	10.690	0.000	0.322	1.473	5.208	3.550	0.132	0.006	0.000	100.000	100.000	
10.7870	CO210P38	500	1.996776	0.003308	2021-08-12 12:39:16	11.159	0.000	0.314	2.364	4.816	3.575	0.089	0.000	0.000	100.000	100.000	
10.7640	CO210P36	500	1.939951	0.001020	2021-08-12 12:39:45	11.189	0.000	0.318	2.354	4.897	3.534	0.087	0.000	0.000	100.000	100.000	
10.7410	CO210P34	500	1.948644	0.003858	2021-08-12 12:40:15	11.692	0.000	0.323	2.553	5.183	3.543	0.089	0.000	0.000	100.000	100.000	
10.7190	CO210P32	500	1.939795	0.000726	2021-08-12 12:40:43	10.806	0.000	0.330	2.362	4.480	3.544	0.090	0.000	0.000	100.000	100.000	
11.2390	C1310P28	500	1.405443	0.002112	2021-08-12 12:40:52	9.422	0.000	0.324	1.865	3.600	3.535	0.098	0.000	0.000	100.000	100.000	
10.6960	CO210P30	500	2.029699	0.000744	2021-08-12 12:41:08	11.625	0.000	0.316	2.395	5.264	3.560	0.090	0.000	0.000	100.000	100.000	
10.6640	O1810P36	-1	-1000000.000000	-1.000000	2021-08-12 12:41:29	0.000	0.000	0.000	0.000	0.000	0.000	0.000	0.000	0.000	-1.000	-1.000	
10.6750	CO210P28	500	2.026012	0.001982	2021-08-12 12:41:37	10.636	0.000	0.316	2.386	4.300	3.545	0.088	0.000	0.000	100.000	100.000	
10.6430	O1810P34	500	2.053502	0.001453	2021-08-12 12:41:51	9.231	0.000	0.318	1.966	3.296	3.551	0.100	0.000	0.000	100.000	100.000	
10.6530	CO210P26	500	2.027303	0.002168	2021-08-12 12:42:02	10.572	0.000	0.323	2.346	4.281	3.531	0.090	0.000	0.000	100.000	100.000	
10.6220	O1810P32	500	2.064710	0.000879	2021-08-12 12:42:15	9.395	0.000	0.326	2.066	3.370	3.547	0.087	0.000	0.000	100.000	100.000	
10.6320	CO210P24	500	2.030229	0.006809	2021-08-12 12:42:28	11.251	0.000	0.317	2.360	4.931	3.555	0.087	0.000	0.000	100.000	100.000	
10.6020	O1810P30	500	2.087061	0.000857	2021-08-12 12:42:39	9.805	0.000	0.319	2.163	3.666	3.567	0.089	0.001	0.000	100.000	100.000	
10.6110	CO210P22	500	2.054299	0.003136	2021-08-12 12:42:52	10.095	0.000	0.322	1.348	4.801	3.537	0.087	0.000	0.000	100.000	100.000	
11.2160	C1310P26	-1	-1000000.000000	-1.000000	2021-08-12 12:43:01	0.000	0.000	0.000	0.000	0.000	0.000	0.000	0.000	0.000	-1.000	-1.000	
10.5820	O1810P28	500	2.083131	0.000612	2021-08-12 12:43:04	10.987	0.000	0.325	3.266	3.669	3.589	0.127	0.011	0.000	93.999	100.000	
10.5910	CO210P20	500	2.070442	0.007453	2021-08-12 12:43:17	9.899	0.000	0.316	1.585	4.335	3.564	0.098	0.000	0.000	100.000	100.000	
10.5630	O1810P26	500	2.110492	0.000591	2021-08-12 12:43:31	11.607	0.000	0.326	4.266	3.372	3.557	0.086	0.000	0.000	90.000	82.442	
10.5710	CO210P18	500	2.067635	0.004658	2021-08-12 12:43:42	10.194	0.000	0.312	1.665	4.578	3.552	0.087	0.000	0.000	100.000	100.000	
10.5430	O1810P24	500	2.025271	0.000650	2021-08-12 12:43:56	10.744	0.000	0.331	3.260	3.548	3.519	0.082	0.004	0.000	90.000	90.000	
10.5510	CO210P16	500	2.081756	0.002185	2021-08-12 12:44:08	10.708	0.000	0.322	1.568	5.213	3.519	0.086	0.000	0.000	100.000	100.000	
10.5250	O1810P22	500	2.077132	0.000637	2021-08-12 12:44:20	9.630	0.000	0.338	2.187	3.485	3.539	0.080	0.000	0.000	100.000	100.000	
10.5320	CO210P14	500	1.974166	0.013588	2021-08-12 12:44:33	10.836	0.000	0.327	2.468	4.425	3.529	0.084	0.002	0.000	100.000	100.000	
10.5060	O1810P20	500	2.049607	0.000649	2021-08-12 12:44:44	10.093	0.000	0.315	3.563	2.580	3.549	0.086	0.000	0.000	90.000	87.549	
10.5130	CO210P12	500	2.094055	0.000646	2021-08-12 12:44:59	11.443	0.000	0.331	2.761	4.708	3.555	0.088	0.000	0.000	87.500	80.090	
11.1940	C1310P24	-1	-1000000.000000	-1.000000	2021-08-12 12:45:04	0.000	0.000	0.000	0.000	0.000	0.000	0.000	0.000	0.000	-1.000	-1.000	
10.4880	O1810P18	500	2.063903	0.000641	2021-08-12 12:45:11	12.247	0.000	0.336	4.468	3.810	3.543	0.089	0.000	0.000	90.000	85.907	
10.4940	CO210P10	500	2.112028	0.005889	2021-08-12 12:45:23	10.611	0.000	0.318	1.663	5.039	3.520	0.050	0.020	0.000	100.000	100.000	
10.4710	O1810P16	500	2.166966	0.000679	2021-08-12 12:45:36	11.262	0.000	0.321	4.451	2.896	3.513	0.078	0.001	0.000	90.000	89.241	
10.4530	O1810P14	500	2.179540	0.000609	2021-08-12 12:46:05	10.695	0.000	0.321	3.460	3.290	3.538	0.082	0.003	0.000	90.000	92.146	
11.1710	C1310P22	500	1.470460	0.000942	2021-08-12 12:46:18	12.799	0.000	0.339	4.148	4.683	3.541	0.088	0.001	0.000	90.000	68.664	
10.4760	CO210P08	500	2.155753	0.005110	2021-08-12 12:46:29	11.308	0.000	0.325	1.869	5.480	3.545	0.090	0.000	0.000	100.000	100.000	
10.4360	O1810P12	500	2.241343	0.000616	2021-08-12 12:46:41	11.421	0.000	0.324	3.665	3.799	3.545	0.088	0.000	0.000	90.818	95.909	
10.4580	CO210P06	500	2.199291	0.000756	2021-08-12 12:46:55	11.648	0.000	0.321	3.461	4.235	3.542	0.088	0.000	0.000	90.000	76.033	
11.1490	C1310P20	500	1.487811	0.000988	2021-08-12 12:47:06	11.138	0.000	0.323	3.565	3.583	3.576	0.092	0.000	0.000	88.848	59.039	
10.4200	O1810P10	500	2.296334	0.000547	2021-08-12 12:47:18	11.019	0.000	0.325	3.369	3.687	3.547	0.091	0.000	0.000	90.000	99.730	
10.3650	CO210R04	500	2.289813	0.000781	2021-08-12 12:47:31	13.236	0.000	0.326	4.162	5.095	3.564	0.089	0.000	0.000	100.000	100.000	
10.4040	O1810P08	500	2.350640	0.000988	2021-08-12 12:47:41	9.500	0.000	0.319	1.764	3.766	3.562	0.090	0.000	0.000	100.000	100.000	
10.3490	CO210R06	500	2.183614	0.000744	2021-08-12 12:47:56	11.100	0.000	0.317	2.021	5.134	3.536	0.091	0.000	0.000	100.000	100.000	
10.2780	O1810R08	500	2.716115	0.000702	2021-08-12 12:48:06	9.704	0.000	0.329	2.350	3.408	3.537	0.080	0.000	0.000	100.000	100.000	
10.3340	CO210R08	500	2.261981	0.000692	2021-08-12 12:48:22	11.966	0.000	0.322	2.846	5.180	3.527	0.091	0.000	0.000	86.759	59.513	
10.2650	O1810R10	500	2.790569	0.000581	2021-08-12 12:48:34	11.621	0.000	0.334	3.864	3.760	3.571	0.092	0.000	0.000	89.768	84.893	
10.3180	CO210R10	500	2.469780	0.000676	2021-08-12 12:48:47	11.527	0.000	0.321	2.582	5.005	3.532	0.086	0.000	0.000	80.000	56.087	
10.2520	O1810R12	500	2.850212	0.000558	2021-08-12 12:48:59	10.707	0.000	0.319	3.665	3.176	3.485	0.049	0.013	0.000	81.894	77.936	
10.3030	CO210R12	500	2.467017	0.000598	2021-08-12 12:49:12	11.349	0.000	0.319	2.946	4.503	3.499	0.082	0.000	0.000	87.500	52.363	
11.1280	C1310P18	500	1.520873	0.001183	2021-08-12 12:49:23	10.453	0.000	0.320	2.249	4.278	3.522	0.082	0.003	0.000	100.000	100.000	
10.2400	O1810R14	500	2.935481	0.000551	2021-08-12 12:49:35	11.381	0.000	0.318	3.862	3.571	3.540	0.090	0.000	0.000	87.500	75.116	
10.2890	CO210R14	500	2.529396	0.000654	2021-08-12 12:49:46	11.515	0.000	0.320	3.151	4.392	3.561	0.090	0.000	0.000	67.500	54.014	
10.2280	O1810R16	500	2.973067	0.000482	2021-08-12 12:50:01	11.947	0.000	0.320	3.362	4.626	3.548	0.090	0.000	0.000	87.500	70.674	
10.2740	CO210R16	500	2.676781	0.000567	2021-08-12 12:50:16	15.363	0.000	0.316	5.862	5.556	3.539	0.089	0.000	0.000	86.997	42.703	
10.2160	O1810R18	500	3.056482	0.000560	2021-08-12 12:50:29	12.293	0.000	0.313	4.880	3.496	3.515	0.089	0.000	0.000	88.244	60.934	
11.1070	C1310P16	500	1.547236	0.001021	2021-08-12 12:50:53	24.144	0.000	0.319	4.254	10.196	9.284	0.090	0.000	0.000	90.000	88.421	
10.2040	O1810R20	500	3.115610	0.000493	2021-08-12 12:51:07	13.769	0.000	0.320	5.851	3.970	3.538	0.090	0.000	0.000	88.244	59.050	
10.2600	CO210R18	500	2.793890	0.000543	2021-08-12 12:51:20	12.371	0.000	0.328	2.951	5.466	3.536	0.089	0.000	0.000	87.500	38.821	
11.0860	C1310P14	500	1.571507	0.000898	2021-08-12 12:51:32	12.381	0.000	0.318	4.486	3.926	3.560	0.091	0.000	0.000	78.750	63.294	
10.1930	O1810R22	500	3.185404	0.000526	2021-08-12 12:51:42	9.892	0.000	0.319	2.664	3.280	3.539	0.090	0.000	0.000	80.000	57.725	
10.2470	CO210R20	500	2.504339	0.000560	2021-08-12 12:51:56	13.241	0.000	0.323	3.756	5.514	3.560	0.088	0.000	0.000	87.147	48.502	
11.0650	C1310P12	500	1.604319	0.011163	2021-08-12 12:52:07	11.322	0.000	0.331	2.745	4.623	3.532	0.090	0.000	0.000	100.000	100.000	
10.1820	O1810R24	500	3.165855	0.000466	2021-08-12 12:52:18	10.834	0.000	0.315	3.765	3.124	3.537	0.093	0.000	0.000	90.000	63.107	
10.2330	CO210R22	500	2.909361	0.000619	2021-08-12 12:52:30	11.714	0.000	0.324	2.646	5.113	3.541	0.090	0.000	0.000	75.350	43.416	
10.1710	O1810R26	500	3.246803	0.000501	2021-08-12 12:52:43	10.360	0.000	0.313	3.685	2.767	3.508	0.086	0.001	0.000	87.500	68.149	
10.2200	CO210R24	500	2.982747	0.000571	2021-08-12 12:52:56	12.120	0.000	0.334	2.979	5.183	3.533	0.091	0.000	0.000	87.500	40.575	
10.1610	O1810R28	500	3.228193	0.000480	2021-08-12 12:53:09	11.336	0.000	0.320	3.248	4.110	3.568	0.090	0.000	0.000	85.000	61.363	
10.2070	CO210R26	500	3.050356	0.000537	2021-08-12 12:53:24	12.978	0.000	0.316	3.986	5.062	3.529	0.085	0.000	0.000	77.344	44.463	
10.1500	O1810R30	500	3.297230	0.000493	2021-08-12 12:53:35	11.690	0.000	0.315	4.266	3.499	3.526	0.083	0.001	0.000	89.989	79.724	
10.1950	CO210R28	500	3.134948	0.000559	2021-08-12 12:53:54	16.310	0.000	0.318	7.460	4.876	3.564	0.091	0.000	0.000	84.967	43.144	
10.1410	O1810R32	500	3.228264	0.000786	2021-08-12 12:54:04	9.180	0.000	0.314	1.980	3.228	3.565	0.092	0.000	0.000	100.000	100.000	
11.0450	C1310P10	500	1.631710	0.002477	2021-08-12 12:54:15	8.961	0.000	0.339	1.364	3.614	3.553	0.091	0.000	0.000	100.000	100.000	
10.1820	CO210R30	500	3.163556	0.000525	2021-08-12 12:54:30	14.296	0.000	0.320	4.899	5.443	3.542	0.091	0.000	0.000	87.366	45.105	
10.1310	O1810R34	500	3.332336	0.001137	2021-08-12 12:54:40	9.768	0.000	0.335	1.980	3.803	3.558	0.091	0.000	0.000	100.000	100.000	
10.1700	CO210R32	500	3.228025	0.000508	2021-08-12 12:55:00	15.417	0.000	0.322	6.481	4.975	3.545	0.093	0.000	0.000	84.757	48.181	
10.1220	O1810R36	500	3.253354	0.002113	2021-08-12 12:55:09	8.980	0.000	0.316	1.947	3.120	3.506	0.089	0.001	0.000	100.000	100.000	
11.0250	C1310P08	500	1.657579	0.006253	2021-08-12 12:55:20	10.688	0.000	0.322	2.545	4.194	3.537	0.090	0.000	0.000	100.000	100.000	
10.1590	CO210R34	500	3.206583	0.000571	2021-08-12 12:55:32	12.056	0.000	0.327	2.947	5.154	3.537	0.092	0.000	0.000	85.000	37.232	
10.1470	CO210R36	500	3.260147	0.000458	2021-08-12 12:56:02	12.152	0.000	0.315	3.367	4.831	3.546	0.093	0.000	0.000	67.500	55.626	
10.1360	CO210R38	500	3.213016	0.000542	2021-08-12 12:56:34	14.006	0.000	0.315	4.973	5.103	3.523	0.092	0.000	0.000	82.930	46.808	
10.1250	CO210R40	500	3.258246	0.000506	2021-08-12 12:57:04	13.006	0.000	0.313	4.062	5.026	3.521	0.083	0.000	0.000	90.000	71.196	
11.0050	C1310P06	500	1.643232	0.001729	2021-08-12 12:57:14	9.821	0.000	0.319	2.451	3.394	3.563	0.094	0.000	0.000	100.000	100.000	
9.7530	CO209P42	500	2.240117	0.000575	2021-08-12 12:57:33	15.056	0.000	0.321	5.663	5.425	3.554	0.093	0.000	0.000	92.421	97.690	
10.8840	C1310R06	500	1.878470	0.000761	2021-08-12 12:57:48	14.378	0.000	0.339	5.244	5.195	3.518	0.083	0.000	0.000	100.000	100.000	
9.7330	CO209P40	500	1.873646	0.000741	2021-08-12 12:57:59	10.791	0.000	0.323	2.366	4.374	3.587	0.137	0.005	0.000	100.000	100.000	
9.5520	O1809P46	-1	-1000000.000000	-1.000000	2021-08-12 12:58:02	0.000	0.000	0.000	0.000	0.000	0.000	0.000	0.000	0.000	-1.000	-1.000	
10.8670	C1310R08	500	1.915803	0.000973	2021-08-12 12:58:16	14.190	0.000	0.319	4.900	5.264	3.605	0.100	0.001	0.000	90.144	94.533	
9.5360	O1809P44	500	1.545953	0.000744	2021-08-12 12:58:30	14.234	0.000	0.329	6.470	3.779	3.555	0.101	0.000	0.000	88.750	47.512	
10.8500	C1310R10	500	1.925562	0.000654	2021-08-12 12:58:44	13.629	0.000	0.325	5.947	3.724	3.545	0.087	0.000	0.000	90.000	80.828	
9.5190	O1809P42	500	1.508199	0.000772	2021-08-12 12:58:57	12.621	0.000	0.312	5.166	3.515	3.533	0.094	0.000	0.000	88.750	38.817	
10.8330	C1310R12	500	1.961552	0.003289	2021-08-12 12:59:08	10.893	0.000	0.322	2.047	4.967	3.490	0.050	0.016	0.000	100.000	100.000	
9.7140	CO209P38	500	2.020727	0.000655	2021-08-12 12:59:20	11.900	0.000	0.314	2.548	5.470	3.487	0.077	0.006	0.000	90.000	52.101	
10.8160	C1310R14	500	1.985579	0.001251	2021-08-12 12:59:31	11.196	0.000	0.312	2.549	4.707	3.536	0.091	0.000	0.000	100.000	100.000	
9.5030	O1809P40	500	1.454800	0.000732	2021-08-12 12:59:43	11.759	0.000	0.320	4.449	3.334	3.562	0.093	0.000	0.000	90.000	21.759	
10.8000	C1310R16	500	1.984838	0.001073	2021-08-12 12:59:53	10.059	0.000	0.317	2.744	3.338	3.567	0.093	0.000	0.000	100.000	100.000	
9.6950	CO209P36	500	1.927261	0.000704	2021-08-12 13:00:06	12.913	0.000	0.333	4.362	4.570	3.554	0.094	0.000	0.000	62.528	70.000	
9.4880	O1809P38	500	1.473213	0.000773	2021-08-12 13:00:18	12.089	0.000	0.325	4.661	3.471	3.536	0.096	0.000	0.000	90.000	17.132	
10.7840	C1310R18	500	1.819086	0.000883	2021-08-12 13:00:30	11.054	0.000	0.327	3.661	3.508	3.494	0.049	0.016	0.000	89.375	78.463	
9.6750	CO209P34	500	1.646890	0.000739	2021-08-12 13:00:43	12.891	0.000	0.321	3.666	5.304	3.515	0.085	0.001	0.000	87.500	52.368	
9.4720	O1809P36	500	1.441106	0.000799	2021-08-12 13:00:55	12.658	0.000	0.339	4.948	3.770	3.514	0.086	0.000	0.000	90.000	18.457	
10.7680	C1310R20	500	1.932896	0.000922	2021-08-12 13:01:08	12.568	0.000	0.312	4.570	4.030	3.564	0.091	0.000	0.000	100.000	100.000	
9.4570	O1809P34	500	1.345852	0.000844	2021-08-12 13:01:22	13.351	0.000	0.324	5.662	3.749	3.520	0.095	0.000	0.000	90.000	15.627	
10.7530	C1310R22	500	1.912967	0.001785	2021-08-12 13:01:33	10.920	0.000	0.319	2.171	4.792	3.545	0.092	0.000	0.000	100.000	100.000	
9.6570	CO209P32	500	1.824676	0.000714	2021-08-12 13:01:47	14.253	0.000	0.322	5.165	5.119	3.551	0.095	0.000	0.000	84.074	37.620	
9.4410	O1809P32	500	1.411372	0.000871	2021-08-12 13:02:22	34.662	0.000	0.326	27.146	3.559	3.539	0.092	0.000	0.000	90.000	11.165	
10.7380	C1310R24	500	1.882866	0.000989	2021-08-12 13:02:32	9.763	0.000	0.319	2.664	3.148	3.544	0.088	0.001	0.000	100.000	100.000	
9.6390	CO209P30	500	1.686856	0.000754	2021-08-12 13:02:46	13.786	0.000	0.318	4.262	5.536	3.577	0.092	0.000	0.000	87.500	40.034	
9.4270	O1809P30	500	1.408894	0.000772	2021-08-12 13:03:02	15.741	0.000	0.310	8.363	3.434	3.541	0.093	0.000	0.000	90.000	12.700	
10.7230	C1310R26	500	1.970147	0.000751	2021-08-12 13:03:13	11.166	0.000	0.320	3.050	4.159	3.540	0.096	0.000	0.000	100.000	100.000	
9.6210	CO209P28	500	1.691335	0.000774	2021-08-12 13:03:26	12.597	0.000	0.315	3.469	5.173	3.543	0.096	0.000	0.000	85.000	29.585	
9.4120	O1809P28	500	1.346985	0.000820	2021-08-12 13:03:38	11.917	0.000	0.313	4.367	3.601	3.543	0.092	0.001	0.000	90.000	0.296	
10.7080	C1310R28	500	1.993965	0.001020	2021-08-12 13:03:48	10.469	0.000	0.325	2.269	4.209	3.572	0.093	0.000	0.000	100.000	100.000	
9.6040	CO209P26	500	1.680953	0.000806	2021-08-12 13:04:03	14.961	0.000	0.328	5.894	5.108	3.537	0.094	0.000	0.000	89.688	30.107	
9.3970	O1809P26	500	1.305898	0.000850	2021-08-12 13:04:13	9.735	0.000	0.321	2.047	3.734	3.539	0.093	0.000	0.000	90.000	0.235	
10.6940	C1310R30	500	2.011504	0.001437	2021-08-12 13:04:24	11.159	0.000	0.340	2.262	4.907	3.558	0.092	0.000	0.000	100.000	100.000	
9.5880	CO209P24	500	1.652165	0.000758	2021-08-12 13:04:40	15.651	0.000	0.317	6.478	5.192	3.570	0.095	0.000	0.000	80.508	23.107	
9.3830	O1809P24	500	1.155895	0.001068	2021-08-12 13:04:53	12.512	0.000	0.344	5.162	3.350	3.560	0.096	0.000	0.000	76.407	0.100	
10.6800	C1310R32	500	2.013106	0.001968	2021-08-12 13:05:04	11.286	0.000	0.326	2.250	5.099	3.520	0.090	0.000	0.000	100.000	100.000	
9.3690	O1809P22	500	1.221917	0.000949	2021-08-12 13:05:17	12.909	0.000	0.341	5.282	3.652	3.539	0.094	0.000	0.000	75.375	0.100	
10.6660	C1310R34	500	2.005937	0.002062	2021-08-12 13:05:27	10.009	0.000	0.316	2.364	3.670	3.565	0.094	0.000	0.000	100.000	100.000	
9.5690	CO209P22	500	1.598541	0.000748	2021-08-12 13:05:42	14.266	0.000	0.310	5.149	5.186	3.533	0.087	0.000	0.000	90.000	25.169	
10.6520	C1310R36	500	2.013756	0.001416	2021-08-12 13:05:52	10.240	0.000	0.328	2.045	4.191	3.580	0.096	0.000	0.000	100.000	100.000	
9.3550	O1809P20	500	1.248815	0.000846	2021-08-12 13:06:04	11.856	0.000	0.313	4.367	3.644	3.462	0.049	0.021	0.000	58.066	0.100	
9.5520	CO209P20	500	1.580059	0.000772	2021-08-12 13:06:16	12.015	0.000	0.313	3.466	4.635	3.514	0.087	0.000	0.000	90.000	23.034	
10.6390	C1310R38	500	2.025221	0.001508	2021-08-12 13:06:26	9.862	0.000	0.316	2.163	3.780	3.517	0.085	0.000	0.000	100.000	100.000	
9.3410	O1809P18	500	1.210035	0.000918	2021-08-12 13:06:39	12.214	0.000	0.317	4.963	3.305	3.533	0.095	0.000	0.000	55.481	0.100	
10.6260	C1310R40	0	NaN	NaN	2021-08-12 13:06:41	2.596	0.000	0.330	2.263	0.000	0.000	0.003	0.000	0.000	100.000	100.000	
9.5360	CO209P18	500	1.532987	0.000832	2021-08-12 13:06:55	13.784	0.000	0.328	4.445	5.347	3.537	0.128	0.000	0.000	90.000	23.579	
9.3280	O1809P16	500	1.174841	0.000960	2021-08-12 13:07:07	11.089	0.000	0.327	3.763	3.341	3.563	0.096	0.001	0.000	61.211	0.100	
9.5200	CO209P16	500	1.490778	0.000752	2021-08-12 13:07:22	12.968	0.000	0.328	3.544	5.481	3.520	0.095	0.000	0.000	90.000	21.588	
9.3150	O1809P14	500	1.143618	0.000913	2021-08-12 13:07:34	11.418	0.000	0.314	3.467	4.013	3.536	0.088	0.000	0.000	67.950	0.100	
9.5040	CO209P14	500	1.436128	0.000923	2021-08-12 13:07:49	12.251	0.000	0.322	3.054	5.243	3.540	0.092	0.000	0.000	90.000	25.674	
9.3020	O1809P12	500	1.106272	0.000999	2021-08-12 13:08:01	11.816	0.000	0.322	3.699	4.158	3.546	0.090	0.000	0.000	67.910	0.100	
9.4880	CO209P12	500	1.447602	0.001000	2021-08-12 13:08:18	13.990	0.000	0.314	5.264	4.775	3.551	0.087	0.000	0.000	90.000	16.846	
9.2890	O1809P10	500	1.104706	0.001095	2021-08-12 13:08:29	10.426	0.000	0.338	2.964	3.489	3.545	0.090	0.000	0.000	60.000	0.100	
10.1520	C1309P36	-1	-1000000.000000	-1.000000	2021-08-12 13:08:42	0.000	0.000	0.000	0.000	0.000	0.000	0.000	0.000	0.000	-1.000	-1.000	
9.4730	CO209P10	500	1.405473	0.000894	2021-08-12 13:08:48	15.390	0.000	0.317	5.595	5.834	3.554	0.090	0.000	0.000	89.375	18.746	
9.2760	O1809P08	500	1.075241	0.001233	2021-08-12 13:09:00	12.245	0.000	0.321	4.065	4.168	3.600	0.090	0.000	0.000	67.109	0.100	
9.4580	CO209P08	500	1.355565	0.001085	2021-08-12 13:09:13	11.810	0.000	0.319	3.563	4.280	3.557	0.091	0.000	0.000	89.375	21.539	
9.2640	O1809P06	500	1.060133	0.001063	2021-08-12 13:09:24	9.943	0.000	0.326	2.460	3.527	3.542	0.088	0.000	0.000	90.000	0.191	
9.3540	CO209R06	500	1.242549	0.001025	2021-08-12 13:09:42	14.974	0.000	0.322	6.664	4.372	3.527	0.088	0.000	0.000	90.000	13.935	
9.1990	O1809R04	500	0.945502	0.001153	2021-08-12 13:09:54	11.914	0.000	0.319	4.149	3.796	3.557	0.093	0.000	0.000	90.000	16.410	
9.3420	CO209R08	500	1.208170	0.001029	2021-08-12 13:10:11	15.953	0.000	0.320	6.563	5.440	3.540	0.090	0.000	0.000	90.000	13.787	
9.1870	O1809R06	500	0.903374	0.001411	2021-08-12 13:10:24	12.879	0.000	0.318	5.260	3.693	3.521	0.085	0.002	0.000	60.758	0.100	
10.1310	C1309P34	-1	-1000000.000000	-1.000000	2021-08-12 13:10:39	0.000	0.000	0.000	0.000	0.000	0.000	0.000	0.000	0.000	-1.000	-1.000	
9.3290	CO209R10	500	1.178596	0.001090	2021-08-12 13:10:39	14.382	0.000	0.318	5.265	5.141	3.562	0.096	0.000	0.000	90.000	15.091	
9.1760	O1809R08	500	0.883127	0.001344	2021-08-12 13:10:49	9.425	0.000	0.316	2.186	3.359	3.504	0.055	0.004	0.000	80.000	0.100	
10.1100	C1309P32	500	3.366842	0.001185	2021-08-12 13:11:01	11.282	0.000	0.315	2.267	5.077	3.533	0.088	0.000	0.000	100.000	100.000	
9.1660	O1809R10	500	0.883866	0.001286	2021-08-12 13:11:14	13.157	0.000	0.326	5.345	3.855	3.533	0.098	0.000	0.000	38.364	0.100	
10.0900	C1309P30	500	3.336667	0.001105	2021-08-12 13:11:26	11.408	0.000	0.310	2.365	5.077	3.560	0.096	0.000	0.000	100.000	100.000	
9.1550	O1809R12	500	0.901918	0.001301	2021-08-12 13:11:37	10.865	0.000	0.331	3.602	3.297	3.539	0.096	0.000	0.000	35.928	0.100	
9.3170	CO209R12	500	1.091891	0.001062	2021-08-12 13:11:53	16.470	0.000	0.317	7.365	5.143	3.550	0.094	0.000	0.000	90.000	11.977	
10.0700	C1309P28	500	3.316846	0.000741	2021-08-12 13:12:04	10.406	0.000	0.314	2.578	3.888	3.535	0.090	0.000	0.000	100.000	100.000	
9.1450	O1809R14	500	0.895457	0.001464	2021-08-12 13:12:16	11.703	0.000	0.324	4.103	3.631	3.545	0.099	0.000	0.000	36.283	0.100	
9.3050	CO209R14	500	1.092018	0.001096	2021-08-12 13:13:11	55.345	0.000	0.320	46.646	4.658	3.577	0.140	0.003	0.000	90.000	10.752	
10.0500	C1309P26	500	3.288807	0.000563	2021-08-12 13:13:31	20.332	0.000	0.331	11.465	4.877	3.555	0.103	0.000	0.000	100.000	100.000	
9.1340	O1809R16	500	0.885853	0.001506	2021-08-12 13:13:44	12.550	0.000	0.330	4.950	3.586	3.578	0.107	0.000	0.000	26.826	0.100	
10.0310	C1309P24	500	3.231699	0.000447	2021-08-12 13:13:57	12.291	0.000	0.329	4.761	3.552	3.553	0.096	0.000	0.000	90.000	76.969	
9.1250	O1809R18	500	0.887027	0.001361	2021-08-12 13:14:08	10.939	0.000	0.320	3.263	3.719	3.538	0.098	0.000	0.000	30.893	0.100	
9.2940	CO209R16	500	1.066589	0.001436	2021-08-12 13:14:20	12.406	0.000	0.310	3.066	5.368	3.564	0.097	0.000	0.000	76.643	0.100	
10.0120	C1309P22	500	3.052684	0.000491	2021-08-12 13:14:31	10.893	0.000	0.319	3.459	3.493	3.531	0.091	0.000	0.000	91.360	100.000	
9.1150	O1809R20	500	0.887066	0.001552	2021-08-12 13:14:44	12.622	0.000	0.326	5.245	3.408	3.543	0.100	0.000	0.000	31.389	0.100	
9.9940	C1309P20	500	3.093229	0.000839	2021-08-12 13:14:56	11.901	0.000	0.320	2.963	5.004	3.522	0.092	0.000	0.000	100.000	100.000	
9.1050	O1809R22	500	0.879399	0.001670	2021-08-12 13:15:15	19.132	0.000	0.332	11.379	3.761	3.561	0.099	0.000	0.000	29.168	0.100	
9.9750	C1309P18	500	3.010193	0.000525	2021-08-12 13:15:28	12.175	0.000	0.322	2.779	5.427	3.548	0.099	0.000	0.000	90.000	79.332	
9.0950	O1809R24	-1	-1000000.000000	-1.000000	2021-08-12 13:15:46	0.000	0.000	0.000	0.000	0.000	0.000	0.000	0.000	0.000	-1.000	-1.000	
9.2820	CO209R18	500	1.066797	0.001313	2021-08-12 13:15:48	20.875	0.000	0.326	11.347	5.578	3.529	0.093	0.000	0.000	90.000	11.194	
9.9570	C1309P16	500	2.964493	0.001057	2021-08-12 13:16:00	10.934	0.000	0.319	2.263	4.670	3.579	0.104	0.000	0.000	100.000	100.000	
9.0860	O1809R26	500	0.874407	0.001334	2021-08-12 13:16:10	10.835	0.000	0.324	3.770	3.170	3.498	0.053	0.021	0.000	20.309	0.100	
9.2710	CO209R20	500	1.055766	0.001577	2021-08-12 13:16:24	13.102	0.000	0.315	4.467	4.705	3.530	0.084	0.000	0.000	62.915	0.100	
9.9400	C1309P14	500	2.863529	0.000755	2021-08-12 13:16:35	10.973	0.000	0.323	2.370	4.650	3.537	0.092	0.000	0.000	100.000	100.000	
9.0770	O1809R28	500	0.874827	0.001336	2021-08-12 13:16:47	11.874	0.000	0.329	4.047	3.855	3.541	0.102	0.000	0.000	25.738	0.100	
9.9230	C1309P12	500	2.835242	0.000763	2021-08-12 13:16:58	11.323	0.000	0.319	3.061	4.310	3.539	0.094	0.000	0.000	100.000	100.000	
9.2610	CO209R22	500	1.045842	0.001260	2021-08-12 13:17:14	15.629	0.000	0.310	6.167	5.495	3.561	0.096	0.000	0.000	75.686	0.100	
9.9060	C1309P10	500	2.833825	0.000993	2021-08-12 13:17:26	11.737	0.000	0.343	2.661	5.089	3.546	0.098	0.000	0.000	100.000	100.000	
9.0680	O1809R30	500	0.852851	0.001401	2021-08-12 13:17:38	11.759	0.000	0.316	4.048	3.728	3.570	0.096	0.000	0.000	18.548	0.100	
9.2500	CO209R24	500	1.025929	0.001285	2021-08-12 13:17:51	13.091	0.000	0.315	3.844	5.264	3.567	0.101	0.000	0.000	65.884	0.100	
9.0590	O1809R32	500	0.828173	0.001333	2021-08-12 13:18:04	10.861	0.000	0.320	3.267	3.626	3.543	0.104	0.000	0.000	19.858	0.100	
9.2400	CO209R26	500	1.015438	0.001417	2021-08-12 13:18:19	13.426	0.000	0.318	3.949	5.503	3.558	0.098	0.000	0.000	60.869	0.100	
9.0510	O1809R34	500	0.815579	0.001438	2021-08-12 13:18:30	11.261	0.000	0.316	3.947	3.336	3.563	0.099	0.000	0.000	23.653	0.100	
9.2300	CO209R28	500	0.995994	0.001251	2021-08-12 13:18:45	13.389	0.000	0.314	3.965	5.468	3.543	0.098	0.000	0.000	65.544	0.100	
9.0420	O1809R36	500	0.798509	0.001478	2021-08-12 13:18:57	11.415	0.000	0.324	3.962	3.505	3.534	0.089	0.000	0.000	23.319	0.100	
9.2190	CO209R30	500	0.875926	0.001643	2021-08-12 13:19:15	17.036	0.000	0.330	7.481	5.554	3.573	0.098	0.000	0.000	89.846	10.963	
9.7620	C1309R08	-1	-1000000.000000	-1.000000	2021-08-12 13:19:24	0.000	0.000	0.000	0.000	0.000	0.000	0.000	0.000	0.000	-1.000	-1.000	
9.0340	O1809R38	500	0.752134	0.001678	2021-08-12 13:19:26	10.478	0.000	0.326	2.846	3.649	3.558	0.098	0.000	0.000	26.315	0.100	
9.2100	CO209R32	500	0.962444	0.001253	2021-08-12 13:19:40	11.738	0.000	0.334	2.269	5.493	3.546	0.096	0.000	0.000	90.000	0.489	
9.7490	C1309R10	500	2.151017	0.001312	2021-08-12 13:19:52	11.786	0.000	0.313	2.381	5.433	3.561	0.098	0.000	0.000	100.000	100.000	
9.0260	O1809R40	500	0.763855	0.002033	2021-08-12 13:20:05	13.378	0.000	0.324	5.763	3.630	3.562	0.099	0.000	0.000	38.426	0.100	
9.7360	C1309R12	500	1.874535	0.001968	2021-08-12 13:20:17	11.178	0.000	0.321	2.362	4.819	3.580	0.096	0.000	0.000	100.000	100.000	
9.2010	CO209R34	500	0.942971	0.001615	2021-08-12 13:20:30	13.160	0.000	0.315	4.054	5.178	3.523	0.090	0.000	0.000	74.623	0.100	
9.7230	C1309R14	500	1.984499	0.001525	2021-08-12 13:20:41	11.228	0.000	0.320	2.349	4.907	3.552	0.100	0.000	0.000	100.000	100.000	
9.7100	C1309R16	500	2.034906	0.001370	2021-08-12 13:21:04	10.239	0.000	0.316	2.770	3.507	3.547	0.099	0.000	0.000	100.000	100.000	
9.6980	C1309R18	500	1.966379	0.001071	2021-08-12 13:21:29	11.608	0.000	0.316	2.669	4.950	3.573	0.100	0.000	0.000	100.000	100.000	
9.6860	C1309R20	500	1.792159	0.001432	2021-08-12 13:21:53	10.920	0.000	0.327	2.649	4.267	3.579	0.098	0.000	0.000	100.000	100.000	
9.6750	C1309R22	500	1.648954	0.002159	2021-08-12 13:22:17	10.682	0.000	0.313	2.349	4.390	3.538	0.091	0.000	0.000	100.000	100.000	
9.0180	O1809R42	-1	-1000000.000000	-1.000000	2021-08-12 13:22:41	0.000	0.000	0.000	0.000	0.000	0.000	0.000	0.000	0.000	-1.000	-1.000	
9.6630	C1309R24	500	1.834772	0.001721	2021-08-12 13:22:40	11.363	0.000	0.325	2.767	4.602	3.568	0.100	0.000	0.000	100.000	100.000	
10.6640	O1810P36	500	2.009708	0.001173	2021-08-12 13:23:09	8.689	0.000	0.317	1.462	3.293	3.525	0.091	0.000	0.000	100.000	100.000	
9.6520	C1309R26	500	1.776610	0.001921	2021-08-12 13:23:57	11.157	0.000	0.326	2.377	4.825	3.539	0.090	0.000	0.000	100.000	100.000	
9.6420	C1309R28	500	1.691740	0.001750	2021-08-12 13:24:23	11.371	0.000	0.337	2.363	5.030	3.543	0.098	0.000	0.000	100.000	100.000	
9.5520	O1809P46	-1	-1000000.000000	-1.000000	2021-08-12 13:25:52	0.000	0.000	0.000	0.000	0.000	0.000	0.000	0.000	0.000	-1.000	-1.000	
9.0950	O1809R24	500	0.879337	0.001566	2021-08-12 13:26:19	12.700	0.000	0.329	4.845	3.882	3.548	0.097	0.000	0.000	30.126	0.100	
9.6310	C1309R30	0	NaN	NaN	2021-08-12 13:27:07	42.417	0.000	0.313	3.941	20.976	17.183	0.004	0.000	0.000	0.100	0.100	
9.0180	O1809R42	-1	-1000000.000000	-1.000000	2021-08-12 13:29:01	0.000	0.000	0.000	0.000	0.000	0.000	0.000	0.000	0.000	-1.000	-1.000	
9.6210	C1309R32	-1	-1000000.000000	-1.000000	2021-08-12 13:29:06	0.000	0.000	0.000	0.000	0.000	0.000	0.000	0.000	0.000	-1.000	-1.000	
9.6110	C1309R34	-1	-1000000.000000	-1.000000	2021-08-12 13:30:39	0.000	0.000	0.000	0.000	0.000	0.000	0.000	0.000	0.000	-1.000	-1.000	
11.2160	C1310P26	500	1.370410	0.001770	2021-08-12 13:32:33	11.649	0.000	0.327	2.580	5.029	3.564	0.149	0.000	0.000	100.000	100.000	
11.1940	C1310P24	500	1.433146	0.002763	2021-08-12 13:34:19	10.227	0.000	0.326	2.159	4.112	3.534	0.096	0.000	0.000	100.000	100.000	
10.6260	C1310R40	521	1.986364	0.004858	2021-08-12 13:35:33	59.069	0.000	0.330	2.717	37.035	18.878	0.109	0.000	0.000	100.000	100.000	
10.1520	C1309P36	-1	-1000000.000000	-1.000000	2021-08-12 13:37:12	0.000	0.000	0.000	0.000	0.000	0.000	0.000	0.000	0.000	-1.000	-1.000	
10.1310	C1309P34	-1	-1000000.000000	-1.000000	2021-08-12 13:38:45	0.000	0.000	0.000	0.000	0.000	0.000	0.000	0.000	0.000	-1.000	-1.000	
9.7620	C1309R08	-1	-1000000.000000	-1.000000	2021-08-12 13:40:20	0.000	0.000	0.000	0.000	0.000	0.000	0.000	0.000	0.000	-1.000	-1.000	
9.6310	C1309R30	-1	-1000000.000000	-1.000000	2021-08-12 13:41:54	0.000	0.000	0.000	0.000	0.000	0.000	0.000	0.000	0.000	-1.000	-1.000	
9.6210	C1309R32	-1	-1000000.000000	-1.000000	2021-08-12 13:43:27	0.000	0.000	0.000	0.000	0.000	0.000	0.000	0.000	0.000	-1.000	-1.000	
9.6110	C1309R34	-1	-1000000.000000	-1.000000	2021-08-12 13:45:00	0.000	0.000	0.000	0.000	0.000	0.000	0.000	0.000	0.000	-1.000	-1.000	
