Wavelength	Line name	# of completed ringdowns	Ringdowntimes (us)	STOT	TimeStamp	Get ringdown time (s)	Step time (s)	Step time (s)	Step time(s)	Step time(s) 	Step time(s) 	Step time(s)	Step time(s)	Step time(s) 	AOM setting	Attenuator setting
10.8110	CO210P40	0	NaN	NaN	2021-08-20 15:40:32	1.801	0.000	0.316	1.482	0.000	0.000	0.002	0.000	0.000	100.000	100.000	
10.7870	CO210P38	500	-197.475808	-38.182476	2021-08-20 15:41:00	12.776	0.000	0.316	3.644	5.083	3.574	0.147	0.011	0.000	100.000	100.000	
10.7640	CO210P36	0	NaN	NaN	2021-08-20 15:41:23	4.090	0.000	0.310	3.778	0.000	0.000	0.001	0.000	0.000	100.000	100.000	
11.2390	C1310P28	-1	-1000000.000000	-1.000000	2021-08-20 15:41:23	0.000	0.000	0.000	0.000	0.000	0.000	0.000	0.000	0.000	-1.000	-1.000	
10.7410	CO210P34	0	NaN	NaN	2021-08-20 15:41:42	3.479	0.000	0.329	3.150	0.000	0.000	0.000	0.000	0.000	100.000	100.000	
10.6640	O1810P36	-1	-1000000.000000	-1.000000	2021-08-20 15:41:57	0.000	0.000	0.000	0.000	0.000	0.000	0.000	0.000	0.000	-1.000	-1.000	
10.7190	CO210P32	0	NaN	NaN	2021-08-20 15:42:01	4.077	0.000	0.331	3.746	0.000	0.000	0.000	0.000	0.000	100.000	100.000	
10.6960	CO210P30	0	NaN	NaN	2021-08-20 15:42:21	4.086	0.000	0.339	3.747	0.000	0.000	0.000	0.000	0.000	100.000	100.000	
10.6750	CO210P28	0	NaN	NaN	2021-08-20 15:42:40	3.965	0.000	0.316	3.649	0.000	0.000	0.000	0.000	0.000	100.000	100.000	
10.6530	CO210P26	0	NaN	NaN	2021-08-20 15:43:01	3.580	0.000	0.335	3.245	0.000	0.000	0.000	0.000	0.000	100.000	100.000	
10.6320	CO210P24	0	NaN	NaN	2021-08-20 15:43:21	3.981	0.000	0.332	3.649	0.000	0.000	0.000	0.000	0.000	100.000	100.000	
10.6110	CO210P22	0	NaN	NaN	2021-08-20 15:43:39	1.684	0.000	0.315	1.369	0.000	0.000	0.000	0.000	0.000	100.000	100.000	
10.5910	CO210P20	0	NaN	NaN	2021-08-20 15:43:56	1.884	0.000	0.320	1.564	0.000	0.000	0.000	0.000	0.000	100.000	100.000	
11.2160	C1310P26	-1	-1000000.000000	-1.000000	2021-08-20 15:44:06	0.000	0.000	0.000	0.000	0.000	0.000	0.000	0.000	0.000	-1.000	-1.000	
10.5710	CO210P18	0	NaN	NaN	2021-08-20 15:44:13	1.691	0.000	0.319	1.372	0.000	0.000	0.000	0.000	0.000	100.000	100.000	
10.5510	CO210P16	0	NaN	NaN	2021-08-20 15:44:30	1.689	0.000	0.323	1.366	0.000	0.000	0.000	0.000	0.000	100.000	100.000	
10.5320	CO210P14	0	NaN	NaN	2021-08-20 15:44:49	3.073	0.000	0.322	2.751	0.000	0.000	0.000	0.000	0.000	100.000	100.000	
10.6430	O1810P34	-1	-1000000.000000	-1.000000	2021-08-20 15:45:12	0.000	0.000	0.000	0.000	0.000	0.000	0.000	0.000	0.000	-1.000	-1.000	
10.5130	CO210P12	500	49.852723	0.385503	2021-08-20 15:45:15	10.565	0.000	0.316	1.750	4.800	3.552	0.135	0.012	0.000	100.000	100.000	
10.6220	O1810P32	500	680.885757	24.243359	2021-08-20 15:45:36	9.986	0.000	0.320	2.767	3.230	3.552	0.100	0.017	0.000	100.000	100.000	
10.4940	CO210P10	0	NaN	NaN	2021-08-20 15:46:00	23.904	0.000	0.324	2.703	20.874	0.000	0.002	0.000	0.000	100.000	100.000	
10.6020	O1810P30	500	69.476976	0.414183	2021-08-20 15:46:11	10.281	0.000	0.327	2.862	3.398	3.551	0.130	0.012	0.000	100.000	100.000	
10.4760	CO210P08	0	NaN	NaN	2021-08-20 15:46:15	2.682	0.000	0.316	2.365	0.000	0.000	0.001	0.000	0.000	100.000	100.000	
11.1940	C1310P24	-1	-1000000.000000	-1.000000	2021-08-20 15:46:23	0.000	0.000	0.000	0.000	0.000	0.000	0.000	0.000	0.000	-1.000	-1.000	
10.5820	O1810P28	500	28.845561	0.138248	2021-08-20 15:46:37	9.852	0.000	0.315	2.569	3.285	3.545	0.128	0.011	0.000	100.000	100.000	
11.1710	C1310P22	0	NaN	NaN	2021-08-20 15:46:42	4.600	0.000	0.314	4.284	0.000	0.000	0.001	0.000	0.000	100.000	100.000	
10.4580	CO210P06	500	48.501693	0.329206	2021-08-20 15:46:53	10.856	0.000	0.328	1.950	4.796	3.640	0.126	0.016	0.000	100.000	100.000	
10.5630	O1810P26	500	15.440363	0.078170	2021-08-20 15:47:03	10.087	0.000	0.313	3.062	3.013	3.587	0.092	0.020	0.000	100.000	100.000	
10.3650	CO210R04	500	17.021157	0.097931	2021-08-20 15:47:21	14.361	0.000	0.314	5.660	4.666	3.619	0.089	0.013	0.000	100.000	100.000	
10.5430	O1810P24	500	14.882313	0.076163	2021-08-20 15:47:31	9.981	0.000	0.316	2.667	3.308	3.582	0.087	0.021	0.000	100.000	100.000	
10.3490	CO210R06	500	37.277335	0.170299	2021-08-20 15:48:55	80.197	0.000	0.317	4.282	54.693	20.797	0.087	0.019	0.000	100.000	100.000	
11.1490	C1310P20	0	NaN	NaN	2021-08-20 15:48:58	3.871	0.000	0.320	3.550	0.000	0.000	0.002	0.000	0.000	100.000	100.000	
10.5250	O1810P22	500	15.879785	0.145689	2021-08-20 15:49:09	10.002	0.000	0.339	2.266	3.545	3.644	0.146	0.063	0.000	100.000	100.000	
10.3340	CO210R08	500	13.449640	0.141071	2021-08-20 15:49:20	11.097	0.000	0.324	2.178	4.926	3.554	0.097	0.017	0.000	100.000	100.000	
10.5060	O1810P20	500	12.737902	0.071147	2021-08-20 15:49:32	9.357	0.000	0.319	2.166	3.159	3.606	0.093	0.013	0.000	100.000	100.000	
10.3180	CO210R10	500	10.730006	0.081091	2021-08-20 15:49:45	11.284	0.000	0.338	2.395	4.857	3.584	0.091	0.019	0.000	100.000	100.000	
10.4880	O1810P18	500	12.366216	0.065481	2021-08-20 15:49:56	10.118	0.000	0.311	2.869	3.258	3.579	0.089	0.011	0.000	100.000	100.000	
10.3030	CO210R12	500	10.234158	0.065930	2021-08-20 15:50:09	11.003	0.000	0.323	2.252	4.853	3.487	0.052	0.035	0.000	100.000	100.000	
10.4710	O1810P16	500	11.743029	0.063936	2021-08-20 15:50:19	9.360	0.000	0.326	2.166	3.191	3.571	0.081	0.025	0.000	100.000	100.000	
10.2890	CO210R14	500	7.846094	0.056277	2021-08-20 15:50:34	11.372	0.000	0.319	1.983	5.323	3.595	0.124	0.028	0.000	100.000	100.000	
10.4530	O1810P14	500	12.859954	0.069060	2021-08-20 15:50:44	9.968	0.000	0.315	2.825	3.132	3.580	0.098	0.018	0.000	100.000	100.000	
10.2740	CO210R16	500	7.850006	0.050007	2021-08-20 15:50:59	11.133	0.000	0.324	1.664	5.439	3.600	0.086	0.020	0.000	100.000	100.000	
10.4360	O1810P12	500	13.319421	0.075645	2021-08-20 15:51:10	10.239	0.000	0.319	2.747	3.496	3.568	0.089	0.019	0.000	100.000	100.000	
11.1280	C1310P18	0	NaN	NaN	2021-08-20 15:51:13	3.464	0.000	0.313	3.150	0.000	0.000	0.002	0.000	0.000	100.000	100.000	
10.2600	CO210R18	500	7.456025	0.045519	2021-08-20 15:51:24	10.729	0.000	0.314	2.350	4.376	3.546	0.133	0.011	0.000	100.000	100.000	
10.4200	O1810P10	500	13.094374	0.070338	2021-08-20 15:51:34	9.827	0.000	0.319	2.547	3.283	3.562	0.095	0.021	0.000	100.000	100.000	
10.2470	CO210R20	500	7.801381	0.050790	2021-08-20 15:51:49	11.372	0.000	0.326	2.153	5.202	3.578	0.094	0.019	0.000	100.000	100.000	
10.4040	O1810P08	500	27.592319	0.170415	2021-08-20 15:51:58	9.087	0.000	0.312	1.776	3.306	3.596	0.082	0.015	0.000	100.000	100.000	
10.2330	CO210R22	500	7.591695	0.043686	2021-08-20 15:52:14	11.383	0.000	0.311	2.179	5.174	3.617	0.087	0.014	0.000	100.000	100.000	
10.2200	CO210R24	500	7.252226	0.041466	2021-08-20 15:52:42	11.681	0.000	0.322	2.178	5.498	3.577	0.088	0.018	0.000	100.000	100.000	
11.1070	C1310P16	0	NaN	NaN	2021-08-20 15:52:45	3.104	0.000	0.333	2.770	0.000	0.000	0.002	0.000	0.000	100.000	100.000	
10.2070	CO210R26	500	6.752892	0.242571	2021-08-20 15:53:09	11.054	0.000	0.332	1.950	5.040	3.589	0.131	0.013	0.000	100.000	100.000	
11.0860	C1310P14	0	NaN	NaN	2021-08-20 15:53:11	1.720	0.000	0.321	1.398	0.000	0.000	0.001	0.000	0.000	100.000	100.000	
10.1950	CO210R28	500	0.690486	0.015504	2021-08-20 15:53:36	10.378	0.000	0.318	1.368	5.004	3.548	0.133	0.006	0.000	100.000	100.000	
11.0650	C1310P12	0	NaN	NaN	2021-08-20 15:53:38	1.700	0.000	0.316	1.383	0.000	0.000	0.001	0.000	0.000	100.000	100.000	
10.2780	O1810R08	500	12.928858	0.071010	2021-08-20 15:54:01	10.828	0.000	0.311	3.351	3.470	3.548	0.132	0.016	0.000	100.000	100.000	
11.0450	C1310P10	0	NaN	NaN	2021-08-20 15:54:03	1.697	0.000	0.323	1.373	0.000	0.000	0.001	0.000	0.000	100.000	100.000	
10.1820	CO210R30	500	7.558588	0.046371	2021-08-20 15:54:14	10.842	0.000	0.328	2.151	4.624	3.597	0.131	0.010	0.000	100.000	100.000	
10.2650	O1810R10	-1	-1000000.000000	-1.000000	2021-08-20 15:54:39	0.000	0.000	0.000	0.000	0.000	0.000	0.000	0.000	0.000	-1.000	-1.000	
10.1700	CO210R32	500	7.443931	0.044840	2021-08-20 15:54:42	10.329	0.000	0.313	1.368	4.927	3.611	0.093	0.018	0.000	100.000	100.000	
10.2520	O1810R12	500	26.026956	0.134181	2021-08-20 15:55:07	12.202	0.000	0.334	4.158	3.990	3.608	0.090	0.021	0.000	100.000	100.000	
10.1590	CO210R34	500	0.723165	0.015271	2021-08-20 15:55:18	11.643	0.000	0.316	2.148	5.496	3.579	0.087	0.016	0.000	100.000	100.000	
10.2400	O1810R14	500	8.634247	0.046487	2021-08-20 15:55:30	9.780	0.000	0.320	2.863	2.881	3.601	0.089	0.025	0.000	100.000	100.000	
11.0250	C1310P08	0	NaN	NaN	2021-08-20 15:55:33	3.108	0.000	0.326	2.780	0.000	0.000	0.002	0.000	0.000	100.000	100.000	
10.1470	CO210R36	500	3.953317	0.834948	2021-08-20 15:55:44	10.362	0.000	0.315	1.859	4.508	3.544	0.124	0.012	0.000	100.000	100.000	
10.2280	O1810R16	500	7.643397	0.041290	2021-08-20 15:55:54	9.870	0.000	0.326	2.547	3.310	3.574	0.094	0.019	0.000	100.000	100.000	
10.1360	CO210R38	500	6.749390	0.311966	2021-08-20 15:56:08	10.087	0.000	0.322	1.749	4.315	3.587	0.093	0.021	0.000	100.000	100.000	
10.2160	O1810R18	500	7.353636	0.035493	2021-08-20 15:56:18	9.619	0.000	0.311	2.565	3.114	3.537	0.060	0.032	0.000	100.000	100.000	
10.1250	CO210R40	500	8.931123	0.056156	2021-08-20 15:56:35	13.509	0.000	0.326	4.562	4.962	3.553	0.090	0.015	0.000	100.000	100.000	
10.2040	O1810R20	500	0.684244	0.014650	2021-08-20 15:56:46	10.480	0.000	0.338	3.051	3.412	3.572	0.088	0.019	0.000	100.000	100.000	
9.7530	CO209P42	500	1.072821	0.007120	2021-08-20 15:57:04	13.737	0.000	0.313	4.467	5.288	3.563	0.088	0.018	0.000	100.000	100.000	
10.1930	O1810R22	500	0.693185	0.013713	2021-08-20 15:57:14	10.022	0.000	0.315	3.064	2.973	3.569	0.086	0.015	0.000	100.000	100.000	
9.7330	CO209P40	500	1.026646	0.004695	2021-08-20 15:57:28	10.692	0.000	0.321	2.360	4.375	3.533	0.085	0.018	0.000	100.000	100.000	
10.1820	O1810R24	500	0.700114	0.013801	2021-08-20 15:57:38	9.891	0.000	0.324	2.546	3.343	3.568	0.089	0.020	0.000	100.000	100.000	
11.0050	C1310P06	0	NaN	NaN	2021-08-20 15:57:41	1.743	0.000	0.316	1.353	0.000	0.000	0.002	0.072	0.000	100.000	100.000	
9.7140	CO209P38	500	1.000963	0.007411	2021-08-20 15:57:53	11.991	0.000	0.316	2.648	5.335	3.541	0.133	0.018	0.000	100.000	100.000	
10.1710	O1810R26	500	0.992084	1.310871	2021-08-20 15:58:03	10.146	0.000	0.321	2.954	3.163	3.593	0.098	0.018	0.000	100.000	100.000	
10.8840	C1310R06	0	NaN	NaN	2021-08-20 15:58:10	6.771	0.000	0.320	6.449	0.000	0.000	0.001	0.000	0.000	100.000	100.000	
9.6950	CO209P36	500	0.977603	0.004756	2021-08-20 15:58:22	11.829	0.000	0.321	2.750	5.028	3.581	0.136	0.014	0.000	100.000	100.000	
10.1610	O1810R28	500	0.723616	0.014960	2021-08-20 15:58:33	10.373	0.000	0.324	3.055	3.335	3.546	0.092	0.021	0.000	100.000	100.000	
10.8670	C1310R08	0	NaN	NaN	2021-08-20 15:59:45	72.565	0.000	0.329	2.822	52.205	17.207	0.002	0.000	0.000	100.000	100.000	
10.1500	O1810R30	500	4.438837	0.727168	2021-08-20 15:59:55	9.609	0.000	0.315	2.546	3.104	3.508	0.121	0.016	0.000	100.000	100.000	
9.6750	CO209P34	500	0.883446	0.004762	2021-08-20 16:00:07	11.436	0.000	0.338	2.881	4.566	3.543	0.094	0.013	0.000	100.000	100.000	
10.8500	C1310R10	0	NaN	NaN	2021-08-20 16:01:20	73.101	0.000	0.326	2.856	52.709	17.209	0.002	0.000	0.000	100.000	100.000	
9.6570	CO209P32	500	0.920727	0.004767	2021-08-20 16:01:33	12.677	0.000	0.328	3.146	5.469	3.593	0.130	0.011	0.000	100.000	100.000	
10.1410	O1810R32	-1	-1000000.000000	-1.000000	2021-08-20 16:02:28	0.000	0.000	0.000	0.000	0.000	0.000	0.000	0.000	0.000	-1.000	-1.000	
10.8330	C1310R12	0	NaN	NaN	2021-08-20 16:02:53	80.638	0.000	0.316	2.837	54.572	22.909	0.003	0.000	0.000	100.000	100.000	
10.1310	O1810R34	500	11.733064	0.064873	2021-08-20 16:03:03	9.352	0.000	0.325	2.362	2.999	3.535	0.121	0.011	0.000	100.000	100.000	
10.8160	C1310R14	0	NaN	NaN	2021-08-20 16:03:06	2.574	0.000	0.316	2.257	0.000	0.000	0.001	0.000	0.000	100.000	100.000	
9.6390	CO209P30	500	0.881076	0.004434	2021-08-20 16:03:18	12.580	0.000	0.325	3.161	5.355	3.590	0.135	0.015	0.000	100.000	100.000	
10.8000	C1310R16	500	-140.788262	-46.082725	2021-08-20 16:04:39	80.203	0.000	0.318	3.136	55.857	20.773	0.102	0.018	0.000	100.000	100.000	
9.6210	CO209P28	500	0.840707	0.004657	2021-08-20 16:04:51	12.059	0.000	0.327	2.947	5.114	3.561	0.098	0.011	0.000	100.000	100.000	
10.7840	C1310R18	500	-653.803080	-22.760833	2021-08-20 16:05:02	10.836	0.000	0.330	2.644	5.109	2.645	0.096	0.012	0.000	100.000	100.000	
9.6040	CO209P26	500	0.822643	0.003649	2021-08-20 16:05:17	13.139	0.000	0.322	3.845	5.266	3.604	0.095	0.007	0.000	100.000	100.000	
10.7680	C1310R20	0	NaN	NaN	2021-08-20 16:05:20	2.580	0.000	0.314	2.264	0.000	0.000	0.002	0.000	0.000	100.000	100.000	
10.1220	O1810R36	-1	-1000000.000000	-1.000000	2021-08-20 16:05:42	0.000	0.000	0.000	0.000	0.000	0.000	0.000	0.000	0.000	-1.000	-1.000	
9.5880	CO209P24	500	0.799247	0.004920	2021-08-20 16:05:49	14.541	0.000	0.319	5.469	5.048	3.555	0.139	0.012	0.000	100.000	100.000	
10.7530	C1310R22	0	NaN	NaN	2021-08-20 16:05:52	2.093	0.000	0.331	1.761	0.000	0.000	0.001	0.000	0.000	100.000	100.000	
9.5690	CO209P22	500	0.772952	0.004409	2021-08-20 16:07:01	54.142	0.000	0.341	7.337	25.587	20.741	0.123	0.012	0.000	100.000	100.000	
10.7380	C1310R24	0	NaN	NaN	2021-08-20 16:07:05	3.060	0.000	0.314	2.745	0.000	0.000	0.001	0.000	0.000	100.000	100.000	
9.5520	CO209P20	500	0.754052	0.004609	2021-08-20 16:07:31	13.018	0.000	0.322	4.569	4.413	3.578	0.124	0.012	0.000	100.000	100.000	
9.5520	O1809P46	0	NaN	NaN	2021-08-20 16:07:38	5.974	0.000	0.312	5.661	0.000	0.000	0.001	0.000	0.000	100.000	100.000	
10.7230	C1310R26	0	NaN	NaN	2021-08-20 16:08:40	62.002	0.000	0.318	4.648	45.578	11.458	0.000	0.000	0.000	100.000	100.000	
9.5360	O1809P44	500	0.729976	0.008669	2021-08-20 16:08:52	11.654	0.000	0.317	4.144	3.499	3.555	0.134	0.006	0.000	100.000	100.000	
10.7080	C1310R28	0	NaN	NaN	2021-08-20 16:08:54	1.821	0.000	0.321	1.499	0.000	0.000	0.001	0.000	0.000	100.000	100.000	
9.5360	CO209P18	500	0.724071	0.003007	2021-08-20 16:09:06	12.463	0.000	0.315	3.569	4.915	3.525	0.128	0.011	0.000	100.000	100.000	
9.5190	O1809P42	500	0.709909	0.002748	2021-08-20 16:09:40	33.459	0.000	0.309	8.223	4.031	20.769	0.105	0.021	0.000	100.000	100.000	
10.6940	C1310R30	0	NaN	NaN	2021-08-20 16:09:42	1.696	0.000	0.327	1.368	0.000	0.000	0.001	0.000	0.000	100.000	100.000	
9.5200	CO209P16	500	0.703468	0.004238	2021-08-20 16:09:55	12.937	0.000	0.326	3.861	5.014	3.583	0.141	0.013	0.000	90.000	81.022	
9.5030	O1809P40	500	0.679972	0.003166	2021-08-20 16:10:31	36.598	0.000	0.325	11.438	3.914	20.804	0.100	0.016	0.000	82.321	69.785	
10.6800	C1310R32	0	NaN	NaN	2021-08-20 16:10:34	2.123	0.000	0.322	1.800	0.000	0.000	0.001	0.000	0.000	100.000	100.000	
9.5040	CO209P14	500	0.672614	0.005900	2021-08-20 16:10:47	13.590	0.000	0.326	4.161	5.379	3.574	0.136	0.016	0.000	100.000	100.000	
9.4880	O1809P38	500	0.668827	0.003701	2021-08-20 16:11:23	35.834	0.000	0.314	10.833	3.850	20.736	0.092	0.009	0.000	88.750	59.754	
10.6660	C1310R34	0	NaN	NaN	2021-08-20 16:11:26	2.198	0.000	0.329	1.868	0.000	0.000	0.001	0.000	0.000	100.000	100.000	
9.4880	CO209P12	500	0.662382	0.005503	2021-08-20 16:11:40	13.691	0.000	0.319	4.201	5.463	3.558	0.134	0.014	0.000	90.000	70.979	
10.6520	C1310R36	0	NaN	NaN	2021-08-20 16:11:42	2.077	0.000	0.313	1.763	0.000	0.000	0.001	0.000	0.000	100.000	100.000	
9.4720	O1809P36	500	0.647724	0.018997	2021-08-20 16:12:05	23.564	0.000	0.326	5.765	2.212	15.116	0.136	0.010	0.000	70.712	64.408	
10.6390	C1310R38	500	-3812.396301	-20.799417	2021-08-20 16:12:14	8.513	0.000	0.316	1.877	2.721	3.483	0.102	0.014	0.000	100.000	100.000	
9.4730	CO209P10	500	0.631404	0.006353	2021-08-20 16:12:27	12.937	0.000	0.334	4.286	4.610	3.590	0.105	0.013	0.000	100.000	100.000	
10.6260	C1310R40	0	NaN	NaN	2021-08-20 16:12:30	1.684	0.000	0.336	1.346	0.000	0.000	0.001	0.000	0.000	100.000	100.000	
9.4570	O1809P34	500	0.612835	0.003350	2021-08-20 16:13:12	42.662	0.000	0.312	17.528	3.907	20.768	0.138	0.009	0.000	86.779	49.123	
9.4580	CO209P08	500	0.609194	0.008336	2021-08-20 16:13:24	12.174	0.000	0.325	2.968	5.235	3.549	0.091	0.006	0.000	100.000	100.000	
9.4410	O1809P32	500	0.592351	0.002750	2021-08-20 16:13:38	12.351	0.000	0.316	5.147	3.250	3.536	0.090	0.012	0.000	81.111	48.436	
9.3540	CO209R06	500	2.743271	0.972187	2021-08-20 16:13:50	11.760	0.000	0.320	3.061	4.677	3.594	0.091	0.016	0.000	100.000	100.000	
9.4270	O1809P30	500	0.567381	0.003309	2021-08-20 16:14:10	17.456	0.000	0.327	9.963	3.475	3.591	0.087	0.013	0.000	87.801	47.165	
10.1520	C1309P36	-1	-1000000.000000	-1.000000	2021-08-20 16:14:22	0.000	0.000	0.000	0.000	0.000	0.000	0.000	0.000	0.000	-1.000	-1.000	
9.3420	CO209R08	500	5.826641	0.025468	2021-08-20 16:14:22	11.795	0.000	0.328	3.451	4.334	3.580	0.090	0.012	0.000	100.000	100.000	
9.4120	O1809P28	500	0.536382	0.004786	2021-08-20 16:14:36	12.071	0.000	0.319	4.646	3.393	3.609	0.088	0.016	0.000	90.000	42.297	
9.3290	CO209R10	500	5.834700	0.031626	2021-08-20 16:14:51	15.402	0.000	0.318	6.565	4.850	3.562	0.084	0.022	0.000	90.000	83.677	
9.3170	CO209R12	-1	-1000000.000000	-1.000000	2021-08-20 16:15:05	0.000	0.000	0.000	0.000	0.000	0.000	0.000	0.000	0.000	-1.000	-1.000	
9.3970	O1809P26	500	0.509542	0.004369	2021-08-20 16:15:06	14.925	0.000	0.320	7.866	3.048	3.584	0.083	0.024	0.000	88.311	43.028	
9.3050	CO209R14	500	6.173740	0.039881	2021-08-20 16:15:32	15.064	0.000	0.322	5.649	5.407	3.582	0.084	0.021	0.000	89.550	78.847	
9.3830	O1809P24	500	0.470356	0.003846	2021-08-20 16:15:47	13.919	0.000	0.325	6.578	3.329	3.581	0.087	0.019	0.000	84.661	39.617	
9.2940	CO209R16	500	6.406380	0.042304	2021-08-20 16:16:02	14.965	0.000	0.319	5.444	5.493	3.596	0.088	0.025	0.000	90.000	82.535	
9.3690	O1809P22	500	0.448480	0.006051	2021-08-20 16:16:15	13.097	0.000	0.315	5.966	3.139	3.576	0.084	0.018	0.000	77.344	38.691	
10.1310	C1309P34	-1	-1000000.000000	-1.000000	2021-08-20 16:16:19	0.000	0.000	0.000	0.000	0.000	0.000	0.000	0.000	0.000	-1.000	-1.000	
9.2820	CO209R18	500	6.555865	0.041129	2021-08-20 16:16:30	15.144	0.000	0.320	5.860	5.256	3.598	0.086	0.024	0.000	89.743	69.011	
9.3550	O1809P20	500	0.426377	0.005138	2021-08-20 16:16:44	13.866	0.000	0.319	6.263	3.594	3.579	0.090	0.021	0.000	82.881	37.480	
9.2710	CO209R20	500	6.827354	0.059812	2021-08-20 16:17:00	15.353	0.000	0.322	6.553	4.789	3.585	0.090	0.014	0.000	89.955	64.010	
9.3410	O1809P18	500	0.397191	0.006249	2021-08-20 16:17:14	13.971	0.000	0.318	6.560	3.429	3.571	0.083	0.011	0.000	82.881	38.138	
9.2610	CO209R22	500	6.810536	0.065276	2021-08-20 16:17:29	15.746	0.000	0.321	6.663	5.078	3.576	0.089	0.020	0.000	88.683	57.569	
9.3280	O1809P16	500	0.373218	0.006281	2021-08-20 16:17:43	13.593	0.000	0.315	6.263	3.309	3.602	0.085	0.020	0.000	69.520	46.508	
9.2500	CO209R24	500	7.317958	0.079235	2021-08-20 16:17:58	14.708	0.000	0.333	5.666	5.011	3.597	0.089	0.011	0.000	78.750	61.993	
9.3150	O1809P14	500	5.222577	0.214613	2021-08-20 16:18:10	12.048	0.000	0.340	4.962	3.049	3.594	0.085	0.019	0.000	81.111	42.037	
10.1100	C1309P32	-1	-1000000.000000	-1.000000	2021-08-20 16:18:16	0.000	0.000	0.000	0.000	0.000	0.000	0.000	0.000	0.000	-1.000	-1.000	
9.2400	CO209R26	500	7.154820	0.050921	2021-08-20 16:18:25	13.712	0.000	0.325	4.257	5.449	3.575	0.084	0.023	0.000	76.667	56.801	
9.3020	O1809P12	500	5.601223	0.018854	2021-08-20 16:18:41	16.403	0.000	0.322	9.163	3.221	3.592	0.086	0.019	0.000	88.311	39.887	
10.0900	C1309P30	500	22.180575	0.179590	2021-08-20 16:18:51	9.934	0.000	0.316	1.968	3.985	3.555	0.087	0.023	0.000	100.000	100.000	
9.2300	CO209R28	500	7.767033	0.102472	2021-08-20 16:19:07	15.368	0.000	0.315	6.163	5.196	3.583	0.096	0.016	0.000	86.049	55.397	
10.0700	C1309P28	500	8.005118	0.038457	2021-08-20 16:19:16	9.539	0.000	0.336	1.897	3.595	3.614	0.088	0.009	0.000	100.000	100.000	
9.2890	O1809P10	500	5.741563	0.019433	2021-08-20 16:19:30	13.162	0.000	0.318	5.869	3.264	3.597	0.091	0.023	0.000	58.000	52.396	
10.0500	C1309P26	500	4.627373	0.761929	2021-08-20 16:19:40	10.393	0.000	0.326	1.894	4.462	3.600	0.099	0.012	0.000	100.000	100.000	
9.2760	O1809P08	500	5.806431	0.031995	2021-08-20 16:19:53	12.621	0.000	0.324	5.377	3.222	3.583	0.093	0.021	0.000	81.111	48.263	
10.0310	C1309P24	500	0.900512	0.018389	2021-08-20 16:20:04	10.441	0.000	0.323	1.880	4.523	3.607	0.096	0.011	0.000	100.000	100.000	
9.2640	O1809P06	500	6.018505	0.034779	2021-08-20 16:20:17	12.935	0.000	0.318	5.469	3.430	3.607	0.097	0.015	0.000	81.111	56.036	
10.0120	C1309P22	500	3.827689	0.904415	2021-08-20 16:20:27	10.706	0.000	0.319	1.872	4.753	3.598	0.141	0.023	0.000	100.000	100.000	
9.1990	O1809R04	500	335.012954	20.238902	2021-08-20 16:20:39	11.325	0.000	0.326	3.971	3.313	3.594	0.110	0.011	0.000	100.000	100.000	
9.9940	C1309P20	500	0.904959	0.019889	2021-08-20 16:20:49	10.081	0.000	0.314	2.174	3.881	3.601	0.097	0.015	0.000	100.000	100.000	
9.2190	CO209R30	500	9.601743	0.213549	2021-08-20 16:21:06	16.542	0.000	0.324	7.162	5.322	3.613	0.103	0.017	0.000	90.000	67.490	
9.9750	C1309P18	500	0.956551	0.017450	2021-08-20 16:21:15	9.135	0.000	0.324	1.894	3.202	3.605	0.091	0.019	0.000	100.000	100.000	
9.1870	O1809R06	500	18.544524	0.078941	2021-08-20 16:21:29	14.305	0.000	0.327	6.564	3.719	3.591	0.092	0.013	0.000	90.000	87.901	
9.9570	C1309P16	500	0.999634	0.018302	2021-08-20 16:21:40	10.367	0.000	0.327	1.661	4.680	3.591	0.094	0.014	0.000	100.000	100.000	
9.1760	O1809R08	500	23.103267	0.486763	2021-08-20 16:21:55	14.676	0.000	0.322	7.447	3.671	3.121	0.090	0.024	0.000	90.097	89.892	
9.9400	C1309P14	500	1.022426	0.021318	2021-08-20 16:22:05	10.572	0.000	0.326	1.972	4.580	3.587	0.095	0.012	0.000	100.000	100.000	
9.1660	O1809R10	500	21.767791	0.406736	2021-08-20 16:22:19	13.200	0.000	0.312	6.547	3.384	2.849	0.095	0.012	0.000	87.037	67.473	
9.9230	C1309P12	500	1.024477	0.017614	2021-08-20 16:22:29	10.617	0.000	0.320	1.866	4.744	3.578	0.100	0.011	0.000	100.000	100.000	
9.1550	O1809R12	500	24.228859	0.387875	2021-08-20 16:22:45	15.287	0.000	0.319	8.561	3.825	2.471	0.092	0.019	0.000	88.361	61.178	
9.9060	C1309P10	500	8.691500	0.136422	2021-08-20 16:22:56	10.699	0.000	0.328	1.864	4.781	3.614	0.095	0.017	0.000	100.000	100.000	
9.2100	CO209R32	500	10.231505	0.232591	2021-08-20 16:23:11	15.464	0.000	0.329	5.950	5.507	3.575	0.093	0.011	0.000	77.500	61.510	
9.1450	O1809R14	500	18.242861	0.082051	2021-08-20 16:23:26	14.839	0.000	0.316	6.761	4.050	3.603	0.091	0.019	0.000	80.508	44.711	
9.2010	CO209R34	0	NaN	NaN	2021-08-20 16:23:53	25.924	0.000	0.337	6.159	2.232	17.193	0.002	0.000	0.000	0.100	0.100	
9.1340	O1809R16	500	21.589383	0.326870	2021-08-20 16:24:05	11.835	0.000	0.322	5.452	3.552	2.362	0.139	0.007	0.000	75.000	65.413	
9.1250	O1809R18	500	22.467848	0.098958	2021-08-20 16:24:36	13.901	0.000	0.327	6.462	3.394	3.607	0.086	0.024	0.000	76.893	27.040	
10.8110	CO210P40	0	NaN	NaN	2021-08-20 16:24:39	2.388	0.000	0.321	2.065	0.000	0.000	0.002	0.000	0.000	100.000	100.000	
9.7620	C1309R08	-1	-1000000.000000	-1.000000	2021-08-20 16:25:02	0.000	0.000	0.000	0.000	0.000	0.000	0.000	0.000	0.000	-1.000	-1.000	
9.1150	O1809R20	500	22.842824	0.096059	2021-08-20 16:25:07	14.494	0.000	0.333	7.160	3.268	3.582	0.136	0.014	0.000	76.893	24.436	
10.7640	CO210P36	0	NaN	NaN	2021-08-20 16:26:28	81.352	0.000	0.320	7.043	56.788	17.198	0.003	0.000	0.000	100.000	100.000	
9.7490	C1309R10	500	1.056181	0.331261	2021-08-20 16:26:39	10.513	0.000	0.322	2.160	4.333	3.549	0.134	0.016	0.000	100.000	100.000	
10.7410	CO210P34	500	-2364.667725	-21.742198	2021-08-20 16:26:51	12.086	0.000	0.314	3.162	4.859	3.628	0.108	0.014	0.000	100.000	100.000	
9.7360	C1309R12	501	0.990215	0.026166	2021-08-20 16:27:12	20.274	0.000	0.313	2.361	10.354	7.140	0.088	0.018	0.000	100.000	100.000	
9.1050	O1809R22	500	23.038230	0.134624	2021-08-20 16:27:29	16.893	0.000	0.322	9.361	3.549	3.542	0.111	0.008	0.000	86.564	22.247	
9.7230	C1309R14	500	0.997321	0.020325	2021-08-20 16:27:40	11.150	0.000	0.331	2.147	4.942	3.616	0.106	0.007	0.000	100.000	100.000	
10.7190	CO210P32	500	-141.217812	-67.219484	2021-08-20 16:27:53	12.658	0.000	0.328	3.665	4.973	3.580	0.103	0.009	0.000	100.000	100.000	
9.7100	C1309R16	500	0.984045	0.016015	2021-08-20 16:28:05	12.093	0.000	0.320	2.378	5.687	3.594	0.095	0.019	0.000	100.000	100.000	
9.0950	O1809R24	500	-62.404333	-37.683460	2021-08-20 16:28:23	18.253	0.000	0.328	7.611	6.619	3.592	0.093	0.009	0.000	87.747	21.478	
9.6980	C1309R18	500	0.961553	0.014049	2021-08-20 16:28:35	11.197	0.000	0.317	2.147	4.993	3.621	0.102	0.017	0.000	100.000	100.000	
10.6960	CO210P30	0	NaN	NaN	2021-08-20 16:28:39	3.992	0.000	0.313	3.677	0.000	0.000	0.002	0.000	0.000	100.000	100.000	
9.0860	O1809R26	500	26.089352	0.759820	2021-08-20 16:28:52	13.409	0.000	0.324	5.961	3.398	3.577	0.137	0.011	0.000	88.244	14.930	
9.6860	C1309R20	500	0.913535	0.013798	2021-08-20 16:29:04	11.103	0.000	0.326	2.172	4.899	3.585	0.099	0.022	0.000	100.000	100.000	
10.6750	CO210P28	0	NaN	NaN	2021-08-20 16:29:08	3.981	0.000	0.316	3.664	0.000	0.000	0.001	0.000	0.000	100.000	100.000	
9.0770	O1809R28	500	21.258897	12.222694	2021-08-20 16:29:21	12.846	0.000	0.315	4.863	3.907	3.612	0.136	0.013	0.000	90.000	22.542	
9.6750	C1309R22	500	0.866994	0.017615	2021-08-20 16:29:30	9.746	0.000	0.316	2.077	3.621	3.610	0.103	0.019	0.000	100.000	100.000	
10.6530	CO210P26	0	NaN	NaN	2021-08-20 16:29:34	3.564	0.000	0.315	3.177	0.000	0.000	0.001	0.071	0.000	100.000	100.000	
9.0680	O1809R30	500	23.045492	0.108044	2021-08-20 16:29:47	12.746	0.000	0.323	5.460	3.301	3.523	0.129	0.010	0.000	86.049	13.518	
9.6630	C1309R24	500	0.910205	0.018424	2021-08-20 16:29:58	10.540	0.000	0.325	2.299	4.219	3.586	0.091	0.020	0.000	100.000	100.000	
10.6320	CO210P24	0	NaN	NaN	2021-08-20 16:30:02	4.076	0.000	0.314	3.760	0.000	0.000	0.001	0.000	0.000	100.000	100.000	
9.0590	O1809R32	500	22.485684	0.096678	2021-08-20 16:30:15	13.056	0.000	0.323	5.548	3.453	3.585	0.135	0.013	0.000	86.049	14.207	
9.6520	C1309R26	500	4.898016	0.745387	2021-08-20 16:30:26	10.272	0.000	0.326	2.168	4.067	3.587	0.104	0.020	0.000	100.000	100.000	
10.6110	CO210P22	0	NaN	NaN	2021-08-20 16:30:28	1.670	0.000	0.313	1.356	0.000	0.000	0.001	0.000	0.000	100.000	100.000	
9.0510	O1809R34	500	21.062508	0.090151	2021-08-20 16:30:40	11.905	0.000	0.318	4.165	3.695	3.575	0.139	0.012	0.000	70.000	16.628	
10.5910	CO210P20	0	NaN	NaN	2021-08-20 16:30:43	2.474	0.000	0.322	2.151	0.000	0.000	0.001	0.000	0.000	100.000	100.000	
9.0420	O1809R36	500	20.627920	0.093830	2021-08-20 16:31:10	13.442	0.000	0.326	5.672	3.643	3.566	0.152	0.083	0.000	84.074	13.583	
10.5710	CO210P18	0	NaN	NaN	2021-08-20 16:31:12	2.537	0.000	0.317	2.150	0.000	0.000	0.001	0.068	0.000	100.000	100.000	
9.0340	O1809R38	500	20.686147	0.093143	2021-08-20 16:31:41	14.805	0.000	0.336	7.065	3.688	3.568	0.136	0.013	0.000	89.220	22.338	
10.5510	CO210P16	500	78.499271	0.508858	2021-08-20 16:31:52	10.853	0.000	0.314	2.047	4.823	3.549	0.098	0.023	0.000	100.000	100.000	
10.5320	CO210P14	-1	-1000000.000000	-1.000000	2021-08-20 16:32:06	0.000	0.000	0.000	0.000	0.000	0.000	0.000	0.000	0.000	-1.000	-1.000	
9.0260	O1809R40	500	20.416495	0.088493	2021-08-20 16:32:07	12.827	0.000	0.321	5.344	3.477	3.571	0.096	0.017	0.000	88.750	50.736	
10.4940	CO210P10	0	NaN	NaN	2021-08-20 16:32:24	2.202	0.000	0.333	1.868	0.000	0.000	0.001	0.000	0.000	100.000	100.000	
10.4760	CO210P08	0	NaN	NaN	2021-08-20 16:32:42	2.602	0.000	0.333	2.269	0.000	0.000	0.000	0.000	0.000	100.000	100.000	
9.6420	C1309R28	-1	-1000000.000000	-1.000000	2021-08-20 16:32:53	0.000	0.000	0.000	0.000	0.000	0.000	0.000	0.000	0.000	-1.000	-1.000	
9.3170	CO209R12	-1	-1000000.000000	-1.000000	2021-08-20 16:34:50	0.000	0.000	0.000	0.000	0.000	0.000	0.000	0.000	0.000	-1.000	-1.000	
9.2010	CO209R34	500	4.483242	25.415403	2021-08-20 16:35:22	17.075	0.000	0.331	7.046	6.026	3.530	0.132	0.011	0.000	90.000	78.266	
9.0180	O1809R42	-1	-1000000.000000	-1.000000	2021-08-20 16:35:27	0.000	0.000	0.000	0.000	0.000	0.000	0.000	0.000	0.000	-1.000	-1.000	
9.6310	C1309R30	-1	-1000000.000000	-1.000000	2021-08-20 16:35:45	0.000	0.000	0.000	0.000	0.000	0.000	0.000	0.000	0.000	-1.000	-1.000	
10.8110	CO210P40	0	NaN	NaN	2021-08-20 16:36:15	2.083	0.000	0.318	1.763	0.000	0.000	0.002	0.000	0.000	100.000	100.000	
10.6640	O1810P36	500	247.516755	11.531484	2021-08-20 16:37:35	9.761	0.000	0.337	1.353	4.312	3.601	0.147	0.012	0.000	100.000	100.000	
10.6430	O1810P34	0	NaN	NaN	2021-08-20 16:37:49	0.429	0.000	0.342	0.085	0.000	0.000	0.001	0.000	0.000	0.100	0.100	
9.6210	C1309R32	-1	-1000000.000000	-1.000000	2021-08-20 16:37:54	0.000	0.000	0.000	0.000	0.000	0.000	0.000	0.000	0.000	-1.000	-1.000	
10.2650	O1810R10	500	10.551202	0.060307	2021-08-20 16:38:13	10.032	0.000	0.320	2.646	3.360	3.558	0.136	0.012	0.000	100.000	100.000	
10.1410	O1810R32	500	14.732109	0.088357	2021-08-20 16:38:59	10.573	0.000	0.332	3.400	3.130	3.597	0.097	0.017	0.000	100.000	100.000	
9.6110	C1309R34	-1	-1000000.000000	-1.000000	2021-08-20 16:39:53	0.000	0.000	0.000	0.000	0.000	0.000	0.000	0.000	0.000	-1.000	-1.000	
10.1220	O1810R36	-1	-1000000.000000	-1.000000	2021-08-20 16:41:50	0.000	0.000	0.000	0.000	0.000	0.000	0.000	0.000	0.000	-1.000	-1.000	
11.2390	C1310P28	-1	-1000000.000000	-1.000000	2021-08-20 16:42:09	0.000	0.000	0.000	0.000	0.000	0.000	0.000	0.000	0.000	-1.000	-1.000	
11.2160	C1310P26	0	NaN	NaN	2021-08-20 16:44:17	3.486	0.000	0.325	3.160	0.000	0.000	0.002	0.000	0.000	100.000	100.000	
9.5520	O1809P46	-1	-1000000.000000	-1.000000	2021-08-20 16:44:35	0.000	0.000	0.000	0.000	0.000	0.000	0.000	0.000	0.000	-1.000	-1.000	
11.1940	C1310P24	-1	-1000000.000000	-1.000000	2021-08-20 16:46:23	0.000	0.000	0.000	0.000	0.000	0.000	0.000	0.000	0.000	-1.000	-1.000	
11.1710	C1310P22	0	NaN	NaN	2021-08-20 16:46:57	4.395	0.000	0.324	4.071	0.000	0.000	0.000	0.000	0.000	100.000	100.000	
9.0180	O1809R42	-1	-1000000.000000	-1.000000	2021-08-20 16:47:17	0.000	0.000	0.000	0.000	0.000	0.000	0.000	0.000	0.000	-1.000	-1.000	
11.1490	C1310P20	0	NaN	NaN	2021-08-20 16:47:48	3.989	0.000	0.323	3.666	0.000	0.000	0.000	0.000	0.000	100.000	100.000	
11.1280	C1310P18	0	NaN	NaN	2021-08-20 16:49:24	3.495	0.000	0.328	3.166	0.000	0.000	0.000	0.000	0.000	100.000	100.000	
11.1070	C1310P16	0	NaN	NaN	2021-08-20 16:50:58	3.176	0.000	0.328	2.848	0.000	0.000	0.000	0.000	0.000	100.000	100.000	
11.0860	C1310P14	0	NaN	NaN	2021-08-20 16:51:10	1.721	0.000	0.316	1.404	0.000	0.000	0.000	0.000	0.000	100.000	100.000	
11.0650	C1310P12	0	NaN	NaN	2021-08-20 16:51:55	1.691	0.000	0.325	1.365	0.000	0.000	0.000	0.000	0.000	100.000	100.000	
11.0450	C1310P10	0	NaN	NaN	2021-08-20 16:52:17	1.776	0.000	0.315	1.460	0.000	0.000	0.000	0.000	0.000	100.000	100.000	
11.0250	C1310P08	0	NaN	NaN	2021-08-20 16:53:52	3.071	0.000	0.321	2.750	0.000	0.000	0.000	0.000	0.000	100.000	100.000	
11.0050	C1310P06	0	NaN	NaN	2021-08-20 16:54:02	1.674	0.000	0.321	1.353	0.000	0.000	0.000	0.000	0.000	100.000	100.000	
10.8840	C1310R06	0	NaN	NaN	2021-08-20 16:54:19	6.917	0.000	0.326	6.591	0.000	0.000	0.000	0.000	0.000	100.000	100.000	
10.8670	C1310R08	500	12.424403	3596.835347	2021-08-20 16:54:37	8.881	0.000	0.318	1.347	4.666	2.394	0.146	0.011	0.000	100.000	100.000	
10.8500	C1310R10	0	NaN	NaN	2021-08-20 16:54:50	1.699	0.000	0.333	1.364	0.000	0.000	0.001	0.000	0.000	100.000	100.000	
10.8330	C1310R12	0	NaN	NaN	2021-08-20 16:56:12	72.290	0.000	0.324	2.724	52.037	17.205	0.000	0.000	0.000	100.000	100.000	
10.8160	C1310R14	0	NaN	NaN	2021-08-20 16:58:30	2.579	0.000	0.315	2.264	0.000	0.000	0.000	0.000	0.000	100.000	100.000	
10.7680	C1310R20	0	NaN	NaN	2021-08-20 16:58:43	2.599	0.000	0.322	2.276	0.000	0.000	0.000	0.000	0.000	100.000	100.000	
10.7530	C1310R22	0	NaN	NaN	2021-08-20 16:58:54	2.065	0.000	0.320	1.745	0.000	0.000	0.000	0.000	0.000	100.000	100.000	
10.7380	C1310R24	0	NaN	NaN	2021-08-20 16:59:06	3.083	0.000	0.316	2.766	0.000	0.000	0.000	0.000	0.000	100.000	100.000	
10.7230	C1310R26	0	NaN	NaN	2021-08-20 16:59:18	2.496	0.000	0.333	2.162	0.000	0.000	0.000	0.000	0.000	100.000	100.000	
10.7080	C1310R28	0	NaN	NaN	2021-08-20 16:59:58	29.630	0.000	0.328	2.749	20.833	5.720	0.000	0.000	0.000	100.000	100.000	
10.6940	C1310R30	0	NaN	NaN	2021-08-20 17:00:08	1.692	0.000	0.326	1.366	0.000	0.000	0.000	0.000	0.000	100.000	100.000	
10.6800	C1310R32	0	NaN	NaN	2021-08-20 17:00:19	1.927	0.000	0.321	1.606	0.000	0.000	0.000	0.000	0.000	100.000	100.000	
10.6660	C1310R34	0	NaN	NaN	2021-08-20 17:00:31	2.081	0.000	0.318	1.763	0.000	0.000	0.000	0.000	0.000	100.000	100.000	
10.6520	C1310R36	0	NaN	NaN	2021-08-20 17:00:42	1.680	0.000	0.327	1.353	0.000	0.000	0.000	0.000	0.000	100.000	100.000	
10.6260	C1310R40	0	NaN	NaN	2021-08-20 17:01:26	1.713	0.000	0.342	1.371	0.000	0.000	0.000	0.000	0.000	100.000	100.000	
10.1520	C1309P36	-1	-1000000.000000	-1.000000	2021-08-20 17:02:59	0.000	0.000	0.000	0.000	0.000	0.000	0.000	0.000	0.000	-1.000	-1.000	
10.1310	C1309P34	-1	-1000000.000000	-1.000000	2021-08-20 17:04:31	0.000	0.000	0.000	0.000	0.000	0.000	0.000	0.000	0.000	-1.000	-1.000	
10.1100	C1309P32	-1	-1000000.000000	-1.000000	2021-08-20 17:06:02	0.000	0.000	0.000	0.000	0.000	0.000	0.000	0.000	0.000	-1.000	-1.000	
9.7620	C1309R08	-1	-1000000.000000	-1.000000	2021-08-20 17:07:34	0.000	0.000	0.000	0.000	0.000	0.000	0.000	0.000	0.000	-1.000	-1.000	
9.6420	C1309R28	500	8.446385	0.046042	2021-08-20 17:09:48	9.525	0.000	0.329	2.353	3.187	3.518	0.130	0.008	0.000	100.000	100.000	
9.6310	C1309R30	-1	-1000000.000000	-1.000000	2021-08-20 17:11:21	0.000	0.000	0.000	0.000	0.000	0.000	0.000	0.000	0.000	-1.000	-1.000	
9.6210	C1309R32	-1	-1000000.000000	-1.000000	2021-08-20 17:12:51	0.000	0.000	0.000	0.000	0.000	0.000	0.000	0.000	0.000	-1.000	-1.000	
9.6110	C1309R34	-1	-1000000.000000	-1.000000	2021-08-20 17:14:21	0.000	0.000	0.000	0.000	0.000	0.000	0.000	0.000	0.000	-1.000	-1.000	
