Wavelength	Line name	# of completed ringdowns	Ringdowntimes (us)	STOT	TimeStamp	Get ringdown time (s)	Step time (s)	Step time (s)	Step time(s)	Step time(s) 	Step time(s) 	Step time(s)	Step time(s)	Step time(s) 	AOM setting	Attenuator setting
10.8110	CO210P40	500	2.065000	0.000860	2021-08-26 15:38:39	10.889	0.000	0.315	1.560	5.232	3.633	0.138	0.012	0.000	100.000	100.000	
10.7870	CO210P38	500	2.188588	0.003412	2021-08-26 15:39:09	11.624	0.000	0.327	2.363	5.257	3.570	0.099	0.007	0.000	100.000	100.000	
10.7640	CO210P36	500	2.188325	0.000668	2021-08-26 15:39:40	12.559	0.000	0.317	3.550	5.021	3.562	0.102	0.007	0.000	91.498	100.000	
10.7410	CO210P34	500	2.238327	0.000778	2021-08-26 15:40:10	12.112	0.000	0.316	3.567	4.597	3.537	0.095	0.000	0.000	80.000	80.000	
11.2390	C1310P28	-1	-1000000.000000	-1.000000	2021-08-26 15:40:37	0.000	0.000	0.000	0.000	0.000	0.000	0.000	0.000	0.000	-1.000	-1.000	
10.7190	CO210P32	500	2.270169	0.000832	2021-08-26 15:40:39	11.128	0.000	0.313	2.062	5.084	3.561	0.106	0.002	0.000	100.000	100.000	
10.6960	CO210P30	500	2.328288	0.000816	2021-08-26 15:41:10	11.519	0.000	0.315	2.365	5.174	3.562	0.098	0.004	0.000	100.000	100.000	
10.6640	O1810P36	-1	-1000000.000000	-1.000000	2021-08-26 15:41:13	0.000	0.000	0.000	0.000	0.000	0.000	0.000	0.000	0.000	-1.000	-1.000	
11.2160	C1310P26	500	1.337111	0.001232	2021-08-26 15:41:21	10.351	0.000	0.324	2.574	3.771	3.565	0.118	0.000	0.000	90.000	65.126	
10.6750	CO210P28	500	2.355436	0.001499	2021-08-26 15:41:35	11.306	0.000	0.321	1.967	5.332	3.584	0.101	0.000	0.000	100.000	100.000	
11.1940	C1310P24	500	1.434224	0.001140	2021-08-26 15:41:48	13.148	0.000	0.321	3.273	5.802	3.629	0.122	0.000	0.000	90.000	53.578	
10.6530	CO210P26	500	2.387719	0.006409	2021-08-26 15:41:59	11.031	0.000	0.317	2.261	4.735	3.596	0.122	0.000	0.000	100.000	100.000	
11.1710	C1310P22	524	1.460175	0.001886	2021-08-26 15:42:37	35.599	0.000	0.319	3.064	24.140	7.959	0.117	0.000	0.000	90.000	59.289	
10.6320	CO210P24	500	2.426244	0.005286	2021-08-26 15:42:48	10.720	0.000	0.314	1.856	4.892	3.540	0.112	0.006	0.000	100.000	100.000	
10.6110	CO210P22	500	2.467186	0.003226	2021-08-26 15:43:17	10.563	0.000	0.316	1.398	5.204	3.542	0.087	0.017	0.000	100.000	100.000	
11.1490	C1310P20	500	1.472313	0.001075	2021-08-26 15:43:31	13.826	0.000	0.322	4.681	5.137	3.585	0.098	0.003	0.000	90.000	63.899	
10.6430	O1810P34	-1	-1000000.000000	-1.000000	2021-08-26 15:43:54	0.000	0.000	0.000	0.000	0.000	0.000	0.000	0.000	0.000	-1.000	-1.000	
10.5910	CO210P20	500	2.499033	0.007527	2021-08-26 15:43:54	22.374	0.000	0.319	1.865	10.763	9.315	0.111	0.000	0.000	100.000	100.000	
11.1280	C1310P18	500	1.502659	0.000925	2021-08-26 15:44:06	11.991	0.000	0.324	4.266	3.718	3.576	0.107	0.000	0.000	90.000	87.728	
10.5710	CO210P18	500	2.506010	0.002641	2021-08-26 15:44:19	11.246	0.000	0.326	1.686	5.529	3.585	0.119	0.000	0.000	100.000	100.000	
11.1070	C1310P16	500	1.533122	0.001573	2021-08-26 15:44:30	10.378	0.000	0.332	2.867	3.465	3.597	0.116	0.000	0.000	100.000	100.000	
10.5510	CO210P16	500	2.576048	0.001241	2021-08-26 15:44:44	10.654	0.000	0.322	1.386	5.227	3.604	0.115	0.000	0.000	100.000	100.000	
11.0860	C1310P14	500	1.566357	0.000849	2021-08-26 15:45:25	41.191	0.000	0.320	33.462	3.699	3.600	0.109	0.000	0.000	89.985	72.251	
10.5320	CO210P14	500	2.577766	0.006758	2021-08-26 15:45:37	11.135	0.000	0.320	2.176	4.950	3.585	0.105	0.000	0.000	100.000	100.000	
10.6220	O1810P32	500	2.447782	0.000653	2021-08-26 15:45:46	9.281	0.000	0.318	2.054	3.239	3.554	0.115	0.000	0.000	100.000	100.000	
11.0650	C1310P12	500	1.603214	0.000935	2021-08-26 15:45:58	11.535	0.000	0.318	3.972	3.534	3.589	0.122	0.000	0.000	90.000	73.042	
10.6020	O1810P30	500	2.487846	0.000666	2021-08-26 15:46:06	8.460	0.000	0.325	1.872	2.531	3.616	0.116	0.000	0.000	100.000	100.000	
10.5130	CO210P12	500	2.646332	0.000601	2021-08-26 15:46:19	12.719	0.000	0.328	3.072	5.632	3.576	0.111	0.000	0.000	100.000	100.000	
11.0450	C1310P10	500	1.642451	0.002783	2021-08-26 15:46:30	11.013	0.000	0.318	2.169	4.772	3.632	0.122	0.000	0.000	100.000	100.000	
10.5820	O1810P28	500	2.517110	0.000671	2021-08-26 15:46:41	10.052	0.000	0.324	2.177	3.826	3.616	0.109	0.001	0.000	100.000	100.000	
10.4940	CO210P10	500	2.665140	0.001780	2021-08-26 15:46:51	10.465	0.000	0.327	1.487	4.914	3.614	0.121	0.000	0.000	100.000	100.000	
11.0250	C1310P08	500	1.680211	0.003907	2021-08-26 15:47:03	11.797	0.000	0.325	2.875	4.848	3.624	0.124	0.000	0.000	100.000	100.000	
10.5630	O1810P26	500	2.561358	0.000656	2021-08-26 15:47:14	11.209	0.000	0.315	4.163	2.985	3.628	0.118	0.000	0.000	83.333	78.748	
10.4760	CO210P08	500	2.715066	0.002055	2021-08-26 15:47:25	10.715	0.000	0.315	1.782	4.817	3.682	0.119	0.000	0.000	100.000	100.000	
11.0050	C1310P06	500	1.715481	0.001021	2021-08-26 15:47:36	10.293	0.000	0.314	2.374	3.876	3.620	0.109	0.000	0.000	90.397	95.441	
10.5430	O1810P24	500	2.546564	0.000568	2021-08-26 15:47:47	11.613	0.000	0.323	3.753	3.788	3.628	0.120	0.000	0.000	87.587	77.348	
10.4580	CO210P06	500	2.774319	0.001229	2021-08-26 15:47:59	11.397	0.000	0.344	1.756	5.572	3.612	0.112	0.001	0.000	100.000	100.000	
10.8840	C1310R06	500	2.008610	0.000768	2021-08-26 15:48:12	12.596	0.000	0.314	4.255	4.333	3.585	0.108	0.000	0.000	100.000	100.000	
10.5250	O1810P22	500	2.622696	0.000601	2021-08-26 15:48:23	10.735	0.000	0.324	3.873	2.808	3.610	0.119	0.000	0.000	88.369	85.448	
10.3650	CO210R04	500	2.950997	0.000529	2021-08-26 15:48:39	16.015	0.000	0.324	7.173	4.723	3.669	0.122	0.004	0.000	90.000	69.763	
10.5060	O1810P20	500	2.632832	0.000521	2021-08-26 15:48:49	10.670	0.000	0.326	2.966	3.682	3.585	0.109	0.001	0.000	92.128	100.000	
10.8670	C1310R08	500	2.046432	0.000768	2021-08-26 15:49:01	11.731	0.000	0.329	3.570	4.060	3.643	0.128	0.000	0.000	90.000	80.640	
10.4880	O1810P18	500	2.621495	0.000548	2021-08-26 15:49:14	12.189	0.000	0.322	4.667	3.490	3.598	0.112	0.000	0.000	87.037	77.983	
10.3490	CO210R06	500	2.943394	0.000559	2021-08-26 15:49:27	12.807	0.000	0.319	3.867	4.910	3.594	0.116	0.000	0.000	88.750	72.100	
10.4710	O1810P16	500	2.735636	0.000614	2021-08-26 15:49:38	11.045	0.000	0.317	3.256	3.751	3.604	0.116	0.000	0.000	90.000	76.654	
10.8500	C1310R10	500	2.072400	0.000783	2021-08-26 15:49:51	13.188	0.000	0.312	5.772	3.392	3.600	0.112	0.001	0.000	80.170	45.591	
10.4530	O1810P14	500	2.763013	0.000551	2021-08-26 15:50:02	10.281	0.000	0.318	3.175	3.067	3.617	0.104	0.000	0.000	90.000	88.150	
10.3340	CO210R08	500	2.995615	0.000535	2021-08-26 15:50:15	12.931	0.000	0.335	3.851	5.019	3.621	0.104	0.000	0.000	85.464	46.885	
10.4360	O1810P12	500	2.819453	0.000563	2021-08-26 15:50:25	10.409	0.000	0.320	2.758	3.570	3.642	0.119	0.000	0.000	90.000	90.000	
10.8330	C1310R12	500	2.111752	0.000736	2021-08-26 15:50:38	12.643	0.000	0.315	4.066	4.498	3.648	0.115	0.000	0.000	90.000	78.233	
10.4200	O1810P10	500	2.863872	0.000522	2021-08-26 15:50:50	11.520	0.000	0.325	3.855	3.592	3.632	0.116	0.000	0.000	90.000	92.144	
10.3180	CO210R10	500	3.085737	0.000533	2021-08-26 15:51:02	12.377	0.000	0.330	3.871	4.464	3.598	0.112	0.002	0.000	81.111	46.313	
10.4040	O1810P08	500	2.914313	0.000827	2021-08-26 15:51:12	9.387	0.000	0.319	1.975	3.392	3.590	0.110	0.000	0.000	100.000	100.000	
10.8160	C1310R14	500	2.141129	0.000785	2021-08-26 15:51:23	10.980	0.000	0.327	3.989	2.975	3.582	0.108	0.000	0.000	84.074	53.743	
10.3030	CO210R12	500	3.105499	0.000524	2021-08-26 15:51:36	12.548	0.000	0.318	2.991	5.528	3.603	0.108	0.001	0.000	87.500	41.581	
10.8000	C1310R16	500	2.169638	0.000721	2021-08-26 15:51:47	10.819	0.000	0.315	3.188	3.502	3.646	0.167	0.000	0.000	79.627	74.572	
10.2890	CO210R14	500	3.169889	0.000533	2021-08-26 15:52:04	13.587	0.000	0.324	4.010	5.507	3.612	0.133	0.000	0.000	64.400	42.488	
10.7840	C1310R18	500	2.143796	0.000666	2021-08-26 15:52:16	11.670	0.000	0.323	3.684	3.919	3.627	0.117	0.000	0.000	90.000	77.025	
10.2740	CO210R16	500	3.235395	0.000619	2021-08-26 15:52:32	13.258	0.000	0.324	4.092	5.114	3.617	0.106	0.005	0.000	64.400	50.264	
10.2780	O1810R08	0	NaN	NaN	2021-08-26 15:52:34	0.426	0.000	0.311	0.113	0.000	0.000	0.002	0.000	0.000	0.100	0.100	
10.7680	C1310R20	500	2.192612	0.000714	2021-08-26 15:52:46	13.042	0.000	0.326	4.468	4.523	3.569	0.156	0.000	0.000	86.049	51.845	
10.2600	CO210R18	500	3.317558	0.000548	2021-08-26 15:52:58	11.900	0.000	0.320	2.691	5.199	3.576	0.113	0.000	0.000	87.500	35.606	
10.7530	C1310R22	500	2.221850	0.000633	2021-08-26 15:53:11	12.091	0.000	0.311	4.052	3.999	3.608	0.122	0.000	0.000	92.350	100.000	
10.2650	O1810R10	500	3.282862	0.000897	2021-08-26 15:53:20	9.153	0.000	0.324	2.393	2.757	3.560	0.118	0.000	0.000	100.000	100.000	
10.2470	CO210R20	500	3.107513	0.000553	2021-08-26 15:53:34	13.616	0.000	0.328	4.461	5.131	3.581	0.114	0.000	0.000	82.757	42.356	
10.2520	O1810R12	500	3.333316	0.000562	2021-08-26 15:53:45	10.452	0.000	0.326	3.367	3.015	3.629	0.113	0.000	0.000	90.000	94.615	
10.7380	C1310R24	500	2.226694	0.000898	2021-08-26 15:53:56	11.462	0.000	0.320	2.657	4.841	3.536	0.087	0.021	0.000	100.000	100.000	
10.2400	O1810R14	500	3.389211	0.000397	2021-08-26 15:54:07	11.064	0.000	0.336	3.253	3.749	3.616	0.109	0.000	0.000	90.000	98.353	
10.2330	CO210R22	500	3.401480	0.000504	2021-08-26 15:54:20	12.913	0.000	0.316	3.409	5.494	3.580	0.113	0.000	0.000	80.233	41.336	
10.2280	O1810R16	500	3.407257	0.000471	2021-08-26 15:54:31	10.588	0.000	0.327	3.283	3.282	3.588	0.109	0.000	0.000	70.237	80.000	
10.7230	C1310R26	500	2.275017	0.000631	2021-08-26 15:54:42	10.530	0.000	0.327	3.004	3.497	3.590	0.112	0.000	0.000	88.666	81.401	
10.2200	CO210R24	500	3.449444	0.000457	2021-08-26 15:54:53	11.154	0.000	0.313	2.273	4.864	3.590	0.114	0.000	0.000	80.000	49.768	
10.7080	C1310R28	500	2.308029	0.000702	2021-08-26 15:55:07	10.507	0.000	0.321	2.550	3.881	3.624	0.128	0.003	0.000	100.000	100.000	
10.2160	O1810R18	500	3.474378	0.000462	2021-08-26 15:55:18	10.492	0.000	0.320	3.752	2.699	3.595	0.125	0.000	0.000	87.500	59.325	
10.2070	CO210R26	500	3.480793	0.000501	2021-08-26 15:55:31	13.571	0.000	0.332	3.989	5.525	3.601	0.123	0.000	0.000	77.344	44.794	
10.6940	C1310R30	500	2.325397	0.001175	2021-08-26 15:55:43	11.047	0.000	0.323	2.073	4.905	3.633	0.112	0.000	0.000	100.000	100.000	
10.1950	CO210R28	500	3.520350	0.000496	2021-08-26 15:55:58	13.388	0.000	0.316	4.868	4.451	3.626	0.126	0.001	0.000	90.000	33.800	
10.2040	O1810R20	500	3.477914	0.000505	2021-08-26 15:56:09	10.725	0.000	0.338	3.289	3.356	3.618	0.124	0.000	0.000	87.500	51.825	
10.6800	C1310R32	500	2.350191	0.000949	2021-08-26 15:56:20	10.416	0.000	0.322	2.972	3.432	3.575	0.114	0.000	0.000	100.000	100.000	
10.1820	CO210R30	500	3.509417	0.000571	2021-08-26 15:56:32	11.980	0.000	0.314	2.953	5.065	3.541	0.086	0.021	0.000	76.667	49.836	
10.1930	O1810R22	500	3.523880	0.000482	2021-08-26 15:56:42	10.607	0.000	0.322	3.054	3.557	3.572	0.101	0.000	0.000	70.000	65.023	
10.6660	C1310R34	500	2.369851	0.000593	2021-08-26 15:56:54	11.413	0.000	0.320	3.283	4.116	3.583	0.111	0.000	0.000	90.000	78.500	
10.1700	CO210R32	500	3.558634	0.000495	2021-08-26 15:57:08	14.248	0.000	0.338	5.094	5.131	3.570	0.114	0.000	0.000	85.254	53.308	
10.1820	O1810R24	500	3.506991	0.000566	2021-08-26 15:57:19	10.397	0.000	0.317	2.752	3.608	3.602	0.118	0.001	0.000	85.000	52.260	
10.6520	C1310R36	500	2.389661	0.000743	2021-08-26 15:57:30	10.827	0.000	0.310	1.872	4.809	3.722	0.114	0.000	0.000	100.000	100.000	
10.1590	CO210R34	500	3.518798	0.000491	2021-08-26 15:57:42	12.707	0.000	0.325	3.979	4.696	3.592	0.115	0.000	0.000	88.750	48.328	
10.1710	O1810R26	500	3.569993	0.000504	2021-08-26 15:57:54	11.271	0.000	0.332	3.366	3.849	3.604	0.120	0.000	0.000	87.500	63.669	
10.1470	CO210R36	500	3.573502	0.000522	2021-08-26 15:58:07	12.742	0.000	0.329	3.567	5.079	3.635	0.132	0.000	0.000	73.125	53.956	
10.1610	O1810R28	500	3.529495	0.000490	2021-08-26 15:58:17	10.021	0.000	0.323	2.573	3.426	3.583	0.117	0.000	0.000	80.000	60.206	
10.6390	C1310R38	500	2.418082	0.000682	2021-08-26 15:58:27	10.252	0.000	0.312	2.481	3.772	3.573	0.113	0.000	0.000	99.455	100.000	
10.1360	CO210R38	500	3.514919	0.000495	2021-08-26 15:58:40	12.478	0.000	0.333	3.670	4.739	3.605	0.128	0.003	0.000	87.500	65.745	
10.1500	O1810R30	500	3.575831	0.000459	2021-08-26 15:58:52	11.862	0.000	0.319	3.953	3.842	3.619	0.129	0.000	0.000	89.914	82.396	
10.6260	C1310R40	500	2.410800	0.001707	2021-08-26 15:59:01	9.464	0.000	0.326	1.790	3.656	3.574	0.117	0.000	0.000	100.000	100.000	
10.1250	CO210R40	500	3.557843	0.000472	2021-08-26 15:59:15	14.018	0.000	0.317	4.659	5.297	3.618	0.126	0.000	0.000	90.000	76.584	
10.1410	O1810R32	500	3.539280	0.000579	2021-08-26 15:59:25	9.367	0.000	0.330	2.060	3.238	3.614	0.124	0.000	0.000	100.000	100.000	
9.7530	CO209P42	500	2.107144	0.000749	2021-08-26 15:59:45	13.358	0.000	0.314	4.158	5.151	3.620	0.114	0.000	0.000	100.000	100.000	
9.7330	CO209P40	500	1.629389	0.001563	2021-08-26 16:00:15	11.269	0.000	0.322	2.405	4.779	3.629	0.134	0.000	0.000	100.000	100.000	
9.7140	CO209P38	500	1.987336	0.000852	2021-08-26 16:00:48	15.477	0.000	0.325	5.423	5.977	3.626	0.126	0.000	0.000	87.500	71.623	
9.6950	CO209P36	500	1.866042	0.000888	2021-08-26 16:01:20	14.759	0.000	0.324	5.172	5.528	3.611	0.124	0.000	0.000	90.000	79.678	
10.1520	C1309P36	-1	-1000000.000000	-1.000000	2021-08-26 16:01:24	0.000	0.000	0.000	0.000	0.000	0.000	0.000	0.000	0.000	-1.000	-1.000	
9.6750	CO209P34	500	1.640853	0.000791	2021-08-26 16:01:51	14.258	0.000	0.326	4.665	5.528	3.615	0.124	0.000	0.000	84.074	58.675	
10.1310	O1810R34	-1	-1000000.000000	-1.000000	2021-08-26 16:02:23	0.000	0.000	0.000	0.000	0.000	0.000	0.000	0.000	0.000	-1.000	-1.000	
9.6570	CO209P32	500	1.664836	0.000825	2021-08-26 16:02:21	13.499	0.000	0.326	4.961	4.460	3.619	0.133	0.000	0.000	84.074	58.533	
9.6390	CO209P30	500	1.447538	0.000970	2021-08-26 16:02:52	13.384	0.000	0.332	4.061	5.280	3.593	0.118	0.000	0.000	87.500	61.171	
9.6210	CO209P28	500	1.456030	0.000904	2021-08-26 16:03:23	13.417	0.000	0.323	5.086	4.281	3.602	0.125	0.000	0.000	89.375	48.526	
10.1310	C1309P34	-1	-1000000.000000	-1.000000	2021-08-26 16:03:46	0.000	0.000	0.000	0.000	0.000	0.000	0.000	0.000	0.000	-1.000	-1.000	
9.6040	CO209P26	500	1.397727	0.001031	2021-08-26 16:03:53	13.374	0.000	0.338	3.865	5.382	3.661	0.127	0.000	0.000	90.000	43.666	
10.1100	C1309P32	500	3.572862	0.000939	2021-08-26 16:04:06	9.148	0.000	0.313	2.088	2.976	3.637	0.133	0.000	0.000	100.000	100.000	
9.5880	CO209P24	500	1.342318	0.001101	2021-08-26 16:04:23	16.476	0.000	0.319	7.773	4.685	3.585	0.114	0.000	0.000	90.000	38.070	
10.0900	C1309P30	500	3.533571	0.000587	2021-08-26 16:04:33	10.333	0.000	0.309	1.972	4.311	3.609	0.131	0.000	0.000	100.000	100.000	
9.5690	CO209P22	500	1.288180	0.001179	2021-08-26 16:04:50	12.519	0.000	0.324	4.090	4.403	3.582	0.120	0.000	0.000	90.000	45.823	
10.0700	C1309P28	500	3.496808	0.000508	2021-08-26 16:05:01	11.471	0.000	0.317	3.172	4.280	3.590	0.112	0.000	0.000	90.000	53.892	
10.1220	O1810R36	-1	-1000000.000000	-1.000000	2021-08-26 16:05:17	0.000	0.000	0.000	0.000	0.000	0.000	0.000	0.000	0.000	-1.000	-1.000	
9.5520	CO209P20	500	1.261680	0.000982	2021-08-26 16:05:16	13.393	0.000	0.320	3.897	5.478	3.585	0.112	0.000	0.000	90.000	37.784	
10.0500	C1309P26	500	3.426950	0.000441	2021-08-26 16:05:27	10.633	0.000	0.312	2.957	3.631	3.612	0.120	0.000	0.000	88.500	57.970	
9.5520	O1809P46	-1	-1000000.000000	-1.000000	2021-08-26 16:05:32	0.000	0.000	0.000	0.000	0.000	0.000	0.000	0.000	0.000	-1.000	-1.000	
9.5360	CO209P18	500	1.234151	0.001036	2021-08-26 16:05:43	13.016	0.000	0.323	3.503	5.495	3.582	0.113	0.000	0.000	90.000	41.615	
9.5360	O1809P44	500	1.232839	0.001096	2021-08-26 16:05:56	12.495	0.000	0.316	5.151	3.287	3.617	0.123	0.000	0.000	83.333	76.160	
10.0310	C1309P24	500	3.343789	0.000421	2021-08-26 16:06:09	12.534	0.000	0.334	3.847	4.685	3.556	0.112	0.000	0.000	81.111	61.236	
9.5190	O1809P42	500	1.200229	0.000994	2021-08-26 16:06:24	15.511	0.000	0.332	7.665	3.827	3.568	0.120	0.000	0.000	87.998	62.275	
9.5200	CO209P16	500	1.194057	0.001096	2021-08-26 16:06:37	12.662	0.000	0.323	4.064	4.622	3.539	0.114	0.000	0.000	80.000	35.810	
9.5030	O1809P40	500	1.176904	0.001062	2021-08-26 16:07:13	35.892	0.000	0.321	10.678	3.958	20.779	0.152	0.003	0.000	88.750	34.566	
10.0120	C1309P22	500	3.180209	0.000488	2021-08-26 16:07:25	11.675	0.000	0.325	4.063	3.601	3.571	0.115	0.000	0.000	90.000	49.679	
9.4880	O1809P38	500	1.200313	0.001012	2021-08-26 16:07:37	11.417	0.000	0.318	3.865	3.525	3.585	0.124	0.000	0.000	90.000	29.178	
9.5040	CO209P14	500	1.169945	0.001147	2021-08-26 16:07:50	12.919	0.000	0.320	3.471	5.422	3.571	0.135	0.000	0.000	90.000	39.724	
9.4720	O1809P36	500	1.184109	0.001099	2021-08-26 16:08:01	11.419	0.000	0.337	4.162	3.215	3.591	0.114	0.000	0.000	90.000	26.388	
9.9940	C1309P20	500	3.125817	0.000501	2021-08-26 16:08:13	11.465	0.000	0.321	4.469	2.949	3.603	0.122	0.000	0.000	90.000	77.186	
9.4570	O1809P34	500	1.096531	0.001221	2021-08-26 16:08:24	11.664	0.000	0.322	4.265	3.393	3.566	0.117	0.000	0.000	90.000	24.031	
9.4880	CO209P12	500	1.190826	0.001235	2021-08-26 16:08:38	13.792	0.000	0.317	4.364	5.431	3.565	0.114	0.000	0.000	90.000	28.059	
9.4410	O1809P32	500	1.200685	0.000981	2021-08-26 16:08:51	12.221	0.000	0.322	4.662	3.510	3.604	0.123	0.000	0.000	90.000	16.289	
9.9750	C1309P18	500	2.999812	0.000559	2021-08-26 16:09:01	10.721	0.000	0.326	2.678	4.040	3.563	0.114	0.000	0.000	82.778	60.748	
9.4730	CO209P10	500	1.169907	0.001046	2021-08-26 16:09:14	12.745	0.000	0.324	4.151	4.596	3.560	0.114	0.000	0.000	90.000	31.751	
9.4270	O1809P30	500	1.226645	0.000868	2021-08-26 16:09:26	11.828	0.000	0.339	4.152	3.665	3.559	0.112	0.000	0.000	90.000	18.527	
9.9570	C1309P16	500	2.940526	0.000477	2021-08-26 16:09:40	13.856	0.000	0.320	5.100	4.742	3.578	0.114	0.000	0.000	90.124	90.025	
9.4120	O1809P28	500	1.185475	0.001122	2021-08-26 16:09:55	14.626	0.000	0.325	6.651	3.967	3.570	0.112	0.000	0.000	90.000	12.584	
9.4580	CO209P08	500	1.114446	0.001478	2021-08-26 16:10:08	12.908	0.000	0.331	3.248	5.601	3.607	0.121	0.001	0.000	85.000	42.332	
9.3970	O1809P26	500	1.133307	0.000972	2021-08-26 16:10:22	13.977	0.000	0.315	6.279	3.654	3.609	0.119	0.000	0.000	90.000	14.279	
9.9400	C1309P14	500	2.771925	0.000550	2021-08-26 16:10:33	11.154	0.000	0.320	2.848	4.290	3.580	0.116	0.000	0.000	90.000	76.296	
9.3830	O1809P24	500	0.998293	0.001055	2021-08-26 16:10:48	14.431	0.000	0.335	6.856	3.549	3.573	0.118	0.000	0.000	90.000	12.696	
9.3540	CO209R06	500	1.154754	0.001236	2021-08-26 16:11:01	13.540	0.000	0.324	4.363	5.200	3.539	0.113	0.000	0.000	90.000	20.858	
9.3690	O1809P22	500	1.077648	0.001196	2021-08-26 16:11:22	20.514	0.000	0.333	13.364	3.114	3.580	0.123	0.000	0.000	90.000	11.573	
9.9230	C1309P12	500	2.772951	0.000475	2021-08-26 16:11:34	11.745	0.000	0.317	3.161	4.540	3.606	0.121	0.000	0.000	85.000	79.214	
9.3550	O1809P20	500	1.153822	0.001085	2021-08-26 16:11:50	15.893	0.000	0.327	3.922	7.935	3.585	0.124	0.000	0.000	71.154	0.100	
9.3420	CO209R08	500	1.131862	0.001357	2021-08-26 16:12:02	11.980	0.000	0.313	3.485	4.532	3.537	0.113	0.000	0.000	90.000	22.055	
9.3410	O1809P18	500	1.133859	0.001104	2021-08-26 16:12:13	11.130	0.000	0.323	3.667	3.483	3.540	0.117	0.000	0.000	66.994	0.100	
9.9060	C1309P10	500	2.646848	0.000732	2021-08-26 16:12:24	11.160	0.000	0.319	2.748	4.429	3.553	0.112	0.000	0.000	100.000	100.000	
9.3280	O1809P16	500	1.101948	0.001074	2021-08-26 16:12:38	13.067	0.000	0.316	5.451	3.650	3.538	0.112	0.000	0.000	75.740	0.100	
9.3290	CO209R10	500	1.112021	0.001150	2021-08-26 16:12:52	14.150	0.000	0.323	4.851	5.257	3.597	0.122	0.000	0.000	90.000	16.142	
9.3150	O1809P14	500	1.072519	0.001160	2021-08-26 16:13:05	13.416	0.000	0.320	6.247	3.155	3.580	0.113	0.000	0.000	80.438	0.100	
9.3170	CO209R12	500	1.047882	0.001499	2021-08-26 16:13:25	18.395	0.000	0.322	3.366	5.258	9.337	0.111	0.000	0.000	90.000	17.883	
9.3020	O1809P12	500	1.052737	0.001244	2021-08-26 16:13:36	10.183	0.000	0.312	2.455	3.733	3.570	0.111	0.000	0.000	90.000	0.295	
9.2890	O1809P10	500	1.064583	0.001232	2021-08-26 16:14:04	10.934	0.000	0.314	3.494	3.442	3.572	0.112	0.000	0.000	75.578	0.100	
9.3050	CO209R14	500	1.048941	0.001335	2021-08-26 16:14:17	13.476	0.000	0.320	4.068	5.431	3.545	0.112	0.000	0.000	90.000	13.861	
9.7620	C1309R08	-1	-1000000.000000	-1.000000	2021-08-26 16:14:24	0.000	0.000	0.000	0.000	0.000	0.000	0.000	0.000	0.000	-1.000	-1.000	
9.2760	O1809P08	500	1.048822	0.001238	2021-08-26 16:14:30	12.402	0.000	0.331	4.949	3.404	3.603	0.114	0.000	0.000	77.290	0.100	
9.2940	CO209R16	500	1.047906	0.001206	2021-08-26 16:14:42	11.741	0.000	0.320	2.272	5.448	3.578	0.122	0.000	0.000	90.000	0.568	
9.2640	O1809P06	500	1.066571	0.000918	2021-08-26 16:15:37	54.560	0.000	0.328	46.701	3.867	3.554	0.110	0.000	0.000	90.000	10.767	
9.7490	C1309R10	500	2.000948	0.001049	2021-08-26 16:15:47	9.706	0.000	0.316	2.263	3.399	3.609	0.119	0.000	0.000	100.000	100.000	
9.2820	CO209R18	500	1.042321	0.001265	2021-08-26 16:16:04	16.670	0.000	0.314	7.553	5.108	3.583	0.112	0.000	0.000	90.000	12.637	
9.1990	O1809R04	500	1.126614	0.001105	2021-08-26 16:16:15	11.249	0.000	0.313	3.967	3.315	3.542	0.111	0.000	0.000	90.000	17.405	
9.7360	C1309R12	500	1.692441	0.001762	2021-08-26 16:16:26	10.656	0.000	0.326	2.151	4.448	3.610	0.120	0.000	0.000	100.000	100.000	
9.2710	CO209R20	500	1.050555	0.001478	2021-08-26 16:16:39	13.383	0.000	0.341	4.067	5.304	3.562	0.109	0.000	0.000	68.557	0.100	
9.1870	O1809R06	500	1.130995	0.001148	2021-08-26 16:16:52	12.086	0.000	0.320	4.163	3.937	3.553	0.112	0.000	0.000	47.438	0.100	
9.7230	C1309R14	500	1.834719	0.001192	2021-08-26 16:17:03	11.592	0.000	0.322	2.350	5.256	3.553	0.110	0.000	0.000	100.000	100.000	
9.1760	O1809R08	500	1.116681	0.001075	2021-08-26 16:17:15	11.367	0.000	0.326	3.750	3.556	3.609	0.126	0.000	0.000	42.996	0.100	
9.7100	C1309R16	500	1.993952	0.000733	2021-08-26 16:17:27	12.194	0.000	0.314	2.662	5.538	3.570	0.110	0.000	0.000	100.000	100.000	
9.1660	O1809R10	500	1.155358	0.001091	2021-08-26 16:17:42	14.342	0.000	0.316	5.965	4.351	3.580	0.130	0.000	0.000	31.825	0.100	
9.6980	C1309R18	500	1.917083	0.001296	2021-08-26 16:17:53	11.046	0.000	0.314	2.369	4.666	3.570	0.127	0.000	0.000	100.000	100.000	
9.2610	CO209R22	500	1.063786	0.001274	2021-08-26 16:18:05	12.186	0.000	0.310	3.169	5.039	3.555	0.113	0.000	0.000	90.000	0.532	
9.1550	O1809R12	500	1.170277	0.001064	2021-08-26 16:18:15	10.042	0.000	0.323	2.390	3.649	3.569	0.110	0.000	0.000	27.767	0.100	
9.6860	C1309R20	500	1.750758	0.001016	2021-08-26 16:18:25	9.658	0.000	0.325	2.251	3.429	3.542	0.111	0.000	0.000	100.000	100.000	
9.2500	CO209R24	500	1.072212	0.001455	2021-08-26 16:18:40	14.341	0.000	0.322	4.967	5.333	3.597	0.121	0.000	0.000	67.852	0.100	
9.1450	O1809R14	500	1.157004	0.001048	2021-08-26 16:18:51	11.145	0.000	0.325	2.971	4.191	3.540	0.117	0.000	0.000	31.356	0.100	
9.6750	C1309R22	500	1.626297	0.001431	2021-08-26 16:19:02	10.409	0.000	0.320	2.579	3.887	3.523	0.081	0.019	0.000	100.000	100.000	
9.2400	CO209R26	500	1.090674	0.001358	2021-08-26 16:19:16	14.266	0.000	0.316	5.382	4.944	3.523	0.099	0.000	0.000	54.041	0.100	
9.1340	O1809R16	500	1.129864	0.001152	2021-08-26 16:19:27	10.557	0.000	0.315	2.654	3.898	3.574	0.115	0.000	0.000	25.843	0.100	
9.6630	C1309R24	500	1.694887	0.001746	2021-08-26 16:19:37	10.443	0.000	0.337	2.362	4.025	3.606	0.114	0.000	0.000	100.000	100.000	
9.2300	CO209R28	500	1.095160	0.001327	2021-08-26 16:19:52	14.312	0.000	0.318	5.180	5.103	3.590	0.120	0.000	0.000	64.019	0.100	
9.1250	O1809R18	500	1.091532	0.001176	2021-08-26 16:20:02	9.836	0.000	0.316	2.365	3.499	3.546	0.110	0.000	0.000	25.843	0.100	
9.6520	C1309R26	500	1.594756	0.002650	2021-08-26 16:20:13	10.832	0.000	0.321	2.347	4.440	3.606	0.118	0.000	0.000	100.000	100.000	
9.2190	CO209R30	500	1.077144	0.001653	2021-08-26 16:20:29	15.946	0.000	0.330	6.870	5.069	3.567	0.110	0.000	0.000	75.679	0.100	
9.1150	O1809R20	500	1.091265	0.001095	2021-08-26 16:20:39	10.472	0.000	0.344	3.086	3.383	3.548	0.111	0.000	0.000	25.417	0.100	
9.2100	CO209R32	500	1.122034	0.001289	2021-08-26 16:20:56	13.286	0.000	0.320	4.064	5.221	3.571	0.110	0.000	0.000	70.439	0.100	
9.1050	O1809R22	500	1.060431	0.001436	2021-08-26 16:21:08	11.822	0.000	0.314	4.146	3.628	3.607	0.128	0.000	0.000	31.518	0.100	
9.6420	C1309R28	500	1.462813	0.002146	2021-08-26 16:21:20	11.799	0.000	0.325	2.366	5.421	3.577	0.111	0.000	0.000	100.000	100.000	
9.2010	CO209R34	500	1.121006	0.001254	2021-08-26 16:21:34	13.739	0.000	0.321	5.466	4.260	3.580	0.112	0.000	0.000	75.603	0.100	
9.0950	O1809R24	500	1.060256	0.001037	2021-08-26 16:21:45	10.627	0.000	0.320	3.170	3.342	3.625	0.169	0.000	0.000	22.672	0.100	
9.0860	O1809R26	500	1.012398	0.001322	2021-08-26 16:22:09	10.883	0.000	0.325	3.370	3.506	3.569	0.113	0.000	0.000	20.645	0.100	
9.0770	O1809R28	500	0.988687	0.001379	2021-08-26 16:22:36	11.656	0.000	0.322	3.867	3.802	3.558	0.108	0.000	0.000	32.250	0.100	
9.0680	O1809R30	500	0.958848	0.001275	2021-08-26 16:23:00	9.853	0.000	0.317	2.547	3.311	3.569	0.110	0.000	0.000	20.894	0.100	
9.6310	C1309R30	0	NaN	NaN	2021-08-26 16:24:34	88.668	0.000	0.323	8.009	57.410	22.898	0.003	0.025	0.000	100.000	100.000	
9.0590	O1809R32	500	0.920190	0.001599	2021-08-26 16:24:46	11.793	0.000	0.323	4.166	3.629	3.533	0.142	0.000	0.000	18.550	0.100	
9.0510	O1809R34	500	0.898902	0.001354	2021-08-26 16:25:12	10.997	0.000	0.321	3.291	3.702	3.571	0.111	0.000	0.000	25.100	0.100	
9.0420	O1809R36	500	0.874960	0.001328	2021-08-26 16:25:40	12.593	0.000	0.318	4.683	3.890	3.582	0.120	0.000	0.000	26.086	0.100	
9.0340	O1809R38	500	0.827440	0.001728	2021-08-26 16:26:04	9.756	0.000	0.312	2.463	3.325	3.553	0.103	0.000	0.000	27.642	0.100	
9.6210	C1309R32	-1	-1000000.000000	-1.000000	2021-08-26 16:26:20	0.000	0.000	0.000	0.000	0.000	0.000	0.000	0.000	0.000	-1.000	-1.000	
9.0260	O1809R40	500	0.823760	0.001925	2021-08-26 16:26:30	11.089	0.000	0.319	3.864	3.264	3.539	0.104	0.000	0.000	60.947	0.100	
9.6110	C1309R34	-1	-1000000.000000	-1.000000	2021-08-26 16:28:12	0.000	0.000	0.000	0.000	0.000	0.000	0.000	0.000	0.000	-1.000	-1.000	
9.0180	O1809R42	-1	-1000000.000000	-1.000000	2021-08-26 16:29:25	0.000	0.000	0.000	0.000	0.000	0.000	0.000	0.000	0.000	-1.000	-1.000	
10.6640	O1810P36	500	2.377741	0.000692	2021-08-26 16:30:15	9.532	0.000	0.322	2.303	3.257	3.550	0.100	0.000	0.000	100.000	100.000	
11.2390	C1310P28	-1	-1000000.000000	-1.000000	2021-08-26 16:30:22	0.000	0.000	0.000	0.000	0.000	0.000	0.000	0.000	0.000	-1.000	-1.000	
10.6430	O1810P34	500	2.415351	0.000745	2021-08-26 16:30:43	9.302	0.000	0.315	1.950	3.389	3.541	0.107	0.000	0.000	100.000	100.000	
10.2780	O1810R08	-1	-1000000.000000	-1.000000	2021-08-26 16:31:00	0.000	0.000	0.000	0.000	0.000	0.000	0.000	0.000	0.000	-1.000	-1.000	
10.1520	C1309P36	-1	-1000000.000000	-1.000000	2021-08-26 16:32:26	0.000	0.000	0.000	0.000	0.000	0.000	0.000	0.000	0.000	-1.000	-1.000	
10.1310	O1810R34	-1	-1000000.000000	-1.000000	2021-08-26 16:33:39	0.000	0.000	0.000	0.000	0.000	0.000	0.000	0.000	0.000	-1.000	-1.000	
10.1310	C1309P34	-1	-1000000.000000	-1.000000	2021-08-26 16:34:22	0.000	0.000	0.000	0.000	0.000	0.000	0.000	0.000	0.000	-1.000	-1.000	
9.7620	C1309R08	-1	-1000000.000000	-1.000000	2021-08-26 16:36:18	0.000	0.000	0.000	0.000	0.000	0.000	0.000	0.000	0.000	-1.000	-1.000	
10.1220	O1810R36	-1	-1000000.000000	-1.000000	2021-08-26 16:36:26	0.000	0.000	0.000	0.000	0.000	0.000	0.000	0.000	0.000	-1.000	-1.000	
9.6310	C1309R30	0	NaN	NaN	2021-08-26 16:38:31	54.100	0.000	0.315	8.118	22.731	22.935	0.001	0.000	0.000	100.000	100.000	
9.5520	O1809P46	-1	-1000000.000000	-1.000000	2021-08-26 16:39:00	0.000	0.000	0.000	0.000	0.000	0.000	0.000	0.000	0.000	-1.000	-1.000	
9.6210	C1309R32	500	1.426880	0.005628	2021-08-26 16:39:23	27.903	0.000	0.315	4.879	14.065	8.466	0.177	0.000	0.000	100.000	100.000	
9.6110	C1309R34	500	1.413559	0.026907	2021-08-26 16:41:34	13.495	0.000	0.322	5.779	3.696	3.585	0.113	0.000	0.000	100.000	100.000	
9.0180	O1809R42	-1	-1000000.000000	-1.000000	2021-08-26 16:41:39	0.000	0.000	0.000	0.000	0.000	0.000	0.000	0.000	0.000	-1.000	-1.000	
11.2390	C1310P28	-1	-1000000.000000	-1.000000	2021-08-26 16:43:19	0.000	0.000	0.000	0.000	0.000	0.000	0.000	0.000	0.000	-1.000	-1.000	
