Wavelength	Line name	# of completed ringdowns	Ringdowntimes (us)	STOT	TimeStamp	Get ringdown time (s)	Step time (s)	Step time (s)	Step time(s)	Step time(s) 	Step time(s) 	Step time(s)	Step time(s)	Step time(s) 	AOM setting	Attenuator setting
10.8110	CO210P40	500	2.088928	0.000486	2021-08-26 15:38:39	10.889	0.000	0.315	1.560	5.232	3.633	0.138	0.012	0.000	100.000	100.000	
10.7870	CO210P38	500	2.204572	0.001776	2021-08-26 15:39:09	11.624	0.000	0.327	2.363	5.257	3.570	0.099	0.007	0.000	100.000	100.000	
10.7640	CO210P36	500	2.213443	0.001899	2021-08-26 15:39:40	12.559	0.000	0.317	3.550	5.021	3.562	0.102	0.007	0.000	91.498	100.000	
10.7410	CO210P34	500	2.264940	0.001247	2021-08-26 15:40:10	12.112	0.000	0.316	3.567	4.597	3.537	0.095	0.000	0.000	80.000	80.000	
11.2390	C1310P28	-1	-1000000.000000	-1.000000	2021-08-26 15:40:37	0.000	0.000	0.000	0.000	0.000	0.000	0.000	0.000	0.000	-1.000	-1.000	
10.7190	CO210P32	500	2.289724	0.000939	2021-08-26 15:40:39	11.128	0.000	0.313	2.062	5.084	3.561	0.106	0.002	0.000	100.000	100.000	
10.6960	CO210P30	500	2.348310	0.000583	2021-08-26 15:41:10	11.519	0.000	0.315	2.365	5.174	3.562	0.098	0.004	0.000	100.000	100.000	
10.6640	O1810P36	-1	2.395901	0.001102	2021-08-26 15:41:13	0.000	0.000	0.000	0.000	0.000	0.000	0.000	0.000	0.000	-1.000	-1.000	
11.2160	C1310P26	500	1.373582	0.002627	2021-08-26 15:41:21	10.351	0.000	0.324	2.574	3.771	3.565	0.118	0.000	0.000	90.000	65.126	
10.6750	CO210P28	500	2.376449	0.001065	2021-08-26 15:41:35	11.306	0.000	0.321	1.967	5.332	3.584	0.101	0.000	0.000	100.000	100.000	
11.1940	C1310P24	500	1.475052	0.001150	2021-08-26 15:41:48	13.148	0.000	0.321	3.273	5.802	3.629	0.122	0.000	0.000	90.000	53.578	
10.6530	CO210P26	500	2.417374	0.003271	2021-08-26 15:41:59	11.031	0.000	0.317	2.261	4.735	3.596	0.122	0.000	0.000	100.000	100.000	
11.1710	C1310P22	524	1.496505	0.003438	2021-08-26 15:42:37	35.599	0.000	0.319	3.064	24.140	7.959	0.117	0.000	0.000	90.000	59.289	
10.6320	CO210P24	500	2.436907	0.002308	2021-08-26 15:42:48	10.720	0.000	0.314	1.856	4.892	3.540	0.112	0.006	0.000	100.000	100.000	
10.6110	CO210P22	500	2.485918	0.001828	2021-08-26 15:43:17	10.563	0.000	0.316	1.398	5.204	3.542	0.087	0.017	0.000	100.000	100.000	
11.1490	C1310P20	500	1.502195	0.002197	2021-08-26 15:43:31	13.826	0.000	0.322	4.681	5.137	3.585	0.098	0.003	0.000	90.000	63.899	
10.6430	O1810P34	-1	2.434126	0.000415	2021-08-26 15:43:54	0.000	0.000	0.000	0.000	0.000	0.000	0.000	0.000	0.000	-1.000	-1.000	
10.5910	CO210P20	500	2.531267	0.003665	2021-08-26 15:43:54	22.374	0.000	0.319	1.865	10.763	9.315	0.111	0.000	0.000	100.000	100.000	
11.1280	C1310P18	500	1.535302	0.000724	2021-08-26 15:44:06	11.991	0.000	0.324	4.266	3.718	3.576	0.107	0.000	0.000	90.000	87.728	
10.5710	CO210P18	500	2.520527	0.003878	2021-08-26 15:44:19	11.246	0.000	0.326	1.686	5.529	3.585	0.119	0.000	0.000	100.000	100.000	
11.1070	C1310P16	500	1.555372	0.001190	2021-08-26 15:44:30	10.378	0.000	0.332	2.867	3.465	3.597	0.116	0.000	0.000	100.000	100.000	
10.5510	CO210P16	500	2.592007	0.001994	2021-08-26 15:44:44	10.654	0.000	0.322	1.386	5.227	3.604	0.115	0.000	0.000	100.000	100.000	
11.0860	C1310P14	500	1.598902	0.000377	2021-08-26 15:45:25	41.191	0.000	0.320	33.462	3.699	3.600	0.109	0.000	0.000	89.985	72.251	
10.5320	CO210P14	500	2.600495	0.003974	2021-08-26 15:45:37	11.135	0.000	0.320	2.176	4.950	3.585	0.105	0.000	0.000	100.000	100.000	
10.6220	O1810P32	500	2.468695	0.000963	2021-08-26 15:45:46	9.281	0.000	0.318	2.054	3.239	3.554	0.115	0.000	0.000	100.000	100.000	
11.0650	C1310P12	500	1.631000	0.001533	2021-08-26 15:45:58	11.535	0.000	0.318	3.972	3.534	3.589	0.122	0.000	0.000	90.000	73.042	
10.6020	O1810P30	500	2.509506	0.000912	2021-08-26 15:46:06	8.460	0.000	0.325	1.872	2.531	3.616	0.116	0.000	0.000	100.000	100.000	
10.5130	CO210P12	500	2.655468	0.000807	2021-08-26 15:46:19	12.719	0.000	0.328	3.072	5.632	3.576	0.111	0.000	0.000	100.000	100.000	
11.0450	C1310P10	500	1.651969	0.001308	2021-08-26 15:46:30	11.013	0.000	0.318	2.169	4.772	3.632	0.122	0.000	0.000	100.000	100.000	
10.5820	O1810P28	500	2.539604	0.000798	2021-08-26 15:46:41	10.052	0.000	0.324	2.177	3.826	3.616	0.109	0.001	0.000	100.000	100.000	
10.4940	CO210P10	500	2.682216	0.002209	2021-08-26 15:46:51	10.465	0.000	0.327	1.487	4.914	3.614	0.121	0.000	0.000	100.000	100.000	
11.0250	C1310P08	500	1.709870	0.000759	2021-08-26 15:47:03	11.797	0.000	0.325	2.875	4.848	3.624	0.124	0.000	0.000	100.000	100.000	
10.5630	O1810P26	500	2.587643	0.000411	2021-08-26 15:47:14	11.209	0.000	0.315	4.163	2.985	3.628	0.118	0.000	0.000	83.333	78.748	
10.4760	CO210P08	500	2.733606	0.002995	2021-08-26 15:47:25	10.715	0.000	0.315	1.782	4.817	3.682	0.119	0.000	0.000	100.000	100.000	
11.0050	C1310P06	500	1.744849	0.003566	2021-08-26 15:47:36	10.293	0.000	0.314	2.374	3.876	3.620	0.109	0.000	0.000	90.397	95.441	
10.5430	O1810P24	500	2.567021	0.000974	2021-08-26 15:47:47	11.613	0.000	0.323	3.753	3.788	3.628	0.120	0.000	0.000	87.587	77.348	
10.4580	CO210P06	500	2.790898	0.000883	2021-08-26 15:47:59	11.397	0.000	0.344	1.756	5.572	3.612	0.112	0.001	0.000	100.000	100.000	
10.8840	C1310R06	500	2.029717	0.000922	2021-08-26 15:48:12	12.596	0.000	0.314	4.255	4.333	3.585	0.108	0.000	0.000	100.000	100.000	
10.5250	O1810P22	500	2.645164	0.000546	2021-08-26 15:48:23	10.735	0.000	0.324	3.873	2.808	3.610	0.119	0.000	0.000	88.369	85.448	
10.3650	CO210R04	500	2.963075	0.000431	2021-08-26 15:48:39	16.015	0.000	0.324	7.173	4.723	3.669	0.122	0.004	0.000	90.000	69.763	
10.5060	O1810P20	500	2.655598	0.001008	2021-08-26 15:48:49	10.670	0.000	0.326	2.966	3.682	3.585	0.109	0.001	0.000	92.128	100.000	
10.8670	C1310R08	500	2.073834	0.000594	2021-08-26 15:49:01	11.731	0.000	0.329	3.570	4.060	3.643	0.128	0.000	0.000	90.000	80.640	
10.4880	O1810P18	500	2.644996	0.000554	2021-08-26 15:49:14	12.189	0.000	0.322	4.667	3.490	3.598	0.112	0.000	0.000	87.037	77.983	
10.3490	CO210R06	500	2.970686	0.000718	2021-08-26 15:49:27	12.807	0.000	0.319	3.867	4.910	3.594	0.116	0.000	0.000	88.750	72.100	
10.4710	O1810P16	500	2.760562	0.000853	2021-08-26 15:49:38	11.045	0.000	0.317	3.256	3.751	3.604	0.116	0.000	0.000	90.000	76.654	
10.8500	C1310R10	500	2.096144	0.000821	2021-08-26 15:49:51	13.188	0.000	0.312	5.772	3.392	3.600	0.112	0.001	0.000	80.170	45.591	
10.4530	O1810P14	500	2.781538	0.001052	2021-08-26 15:50:02	10.281	0.000	0.318	3.175	3.067	3.617	0.104	0.000	0.000	90.000	88.150	
10.3340	CO210R08	500	3.007952	0.000304	2021-08-26 15:50:15	12.931	0.000	0.335	3.851	5.019	3.621	0.104	0.000	0.000	85.464	46.885	
10.4360	O1810P12	500	2.839438	0.000378	2021-08-26 15:50:25	10.409	0.000	0.320	2.758	3.570	3.642	0.119	0.000	0.000	90.000	90.000	
10.8330	C1310R12	500	2.134634	0.001184	2021-08-26 15:50:38	12.643	0.000	0.315	4.066	4.498	3.648	0.115	0.000	0.000	90.000	78.233	
10.4200	O1810P10	500	2.884345	0.001623	2021-08-26 15:50:50	11.520	0.000	0.325	3.855	3.592	3.632	0.116	0.000	0.000	90.000	92.144	
10.3180	CO210R10	500	3.107098	0.000422	2021-08-26 15:51:02	12.377	0.000	0.330	3.871	4.464	3.598	0.112	0.002	0.000	81.111	46.313	
10.4040	O1810P08	500	2.933792	0.000514	2021-08-26 15:51:12	9.387	0.000	0.319	1.975	3.392	3.590	0.110	0.000	0.000	100.000	100.000	
10.8160	C1310R14	500	2.164550	0.002475	2021-08-26 15:51:23	10.980	0.000	0.327	3.989	2.975	3.582	0.108	0.000	0.000	84.074	53.743	
10.3030	CO210R12	500	3.120657	0.000368	2021-08-26 15:51:36	12.548	0.000	0.318	2.991	5.528	3.603	0.108	0.001	0.000	87.500	41.581	
10.8000	C1310R16	500	2.190702	0.000351	2021-08-26 15:51:47	10.819	0.000	0.315	3.188	3.502	3.646	0.167	0.000	0.000	79.627	74.572	
10.2890	CO210R14	500	3.190379	0.000232	2021-08-26 15:52:04	13.587	0.000	0.324	4.010	5.507	3.612	0.133	0.000	0.000	64.400	42.488	
10.7840	C1310R18	500	2.161619	0.004316	2021-08-26 15:52:16	11.670	0.000	0.323	3.684	3.919	3.627	0.117	0.000	0.000	90.000	77.025	
10.2740	CO210R16	500	3.249010	0.000433	2021-08-26 15:52:32	13.258	0.000	0.324	4.092	5.114	3.617	0.106	0.005	0.000	64.400	50.264	
10.2780	O1810R08	0	NaN	NaN	2021-08-26 15:52:34	0.426	0.000	0.311	0.113	0.000	0.000	0.002	0.000	0.000	0.100	0.100	
10.7680	C1310R20	500	2.217266	0.000294	2021-08-26 15:52:46	13.042	0.000	0.326	4.468	4.523	3.569	0.156	0.000	0.000	86.049	51.845	
10.2600	CO210R18	500	3.339545	0.000345	2021-08-26 15:52:58	11.900	0.000	0.320	2.691	5.199	3.576	0.113	0.000	0.000	87.500	35.606	
10.7530	C1310R22	500	2.241656	0.001492	2021-08-26 15:53:11	12.091	0.000	0.311	4.052	3.999	3.608	0.122	0.000	0.000	92.350	100.000	
10.2650	O1810R10	500	3.299766	0.000975	2021-08-26 15:53:20	9.153	0.000	0.324	2.393	2.757	3.560	0.118	0.000	0.000	100.000	100.000	
10.2470	CO210R20	500	3.125638	0.000351	2021-08-26 15:53:34	13.616	0.000	0.328	4.461	5.131	3.581	0.114	0.000	0.000	82.757	42.356	
10.2520	O1810R12	500	3.348310	0.000503	2021-08-26 15:53:45	10.452	0.000	0.326	3.367	3.015	3.629	0.113	0.000	0.000	90.000	94.615	
10.7380	C1310R24	500	2.245834	0.000860	2021-08-26 15:53:56	11.462	0.000	0.320	2.657	4.841	3.536	0.087	0.021	0.000	100.000	100.000	
10.2400	O1810R14	500	3.409812	0.000683	2021-08-26 15:54:07	11.064	0.000	0.336	3.253	3.749	3.616	0.109	0.000	0.000	90.000	98.353	
10.2330	CO210R22	500	3.424548	0.000295	2021-08-26 15:54:20	12.913	0.000	0.316	3.409	5.494	3.580	0.113	0.000	0.000	80.233	41.336	
10.2280	O1810R16	500	3.424491	0.000289	2021-08-26 15:54:31	10.588	0.000	0.327	3.283	3.282	3.588	0.109	0.000	0.000	70.237	80.000	
10.7230	C1310R26	500	2.295596	0.002225	2021-08-26 15:54:42	10.530	0.000	0.327	3.004	3.497	3.590	0.112	0.000	0.000	88.666	81.401	
10.2200	CO210R24	500	3.466039	0.000438	2021-08-26 15:54:53	11.154	0.000	0.313	2.273	4.864	3.590	0.114	0.000	0.000	80.000	49.768	
10.7080	C1310R28	500	2.333217	0.001668	2021-08-26 15:55:07	10.507	0.000	0.321	2.550	3.881	3.624	0.128	0.003	0.000	100.000	100.000	
10.2160	O1810R18	500	3.493270	0.000736	2021-08-26 15:55:18	10.492	0.000	0.320	3.752	2.699	3.595	0.125	0.000	0.000	87.500	59.325	
10.2070	CO210R26	500	3.497636	0.000308	2021-08-26 15:55:31	13.571	0.000	0.332	3.989	5.525	3.601	0.123	0.000	0.000	77.344	44.794	
10.6940	C1310R30	500	2.337428	0.000563	2021-08-26 15:55:43	11.047	0.000	0.323	2.073	4.905	3.633	0.112	0.000	0.000	100.000	100.000	
10.1950	CO210R28	500	3.536814	0.001199	2021-08-26 15:55:58	13.388	0.000	0.316	4.868	4.451	3.626	0.126	0.001	0.000	90.000	33.800	
10.2040	O1810R20	500	3.496393	0.000269	2021-08-26 15:56:09	10.725	0.000	0.338	3.289	3.356	3.618	0.124	0.000	0.000	87.500	51.825	
10.6800	C1310R32	500	2.367284	0.001123	2021-08-26 15:56:20	10.416	0.000	0.322	2.972	3.432	3.575	0.114	0.000	0.000	100.000	100.000	
10.1820	CO210R30	500	3.531455	0.000627	2021-08-26 15:56:32	11.980	0.000	0.314	2.953	5.065	3.541	0.086	0.021	0.000	76.667	49.836	
10.1930	O1810R22	500	3.535157	0.000575	2021-08-26 15:56:42	10.607	0.000	0.322	3.054	3.557	3.572	0.101	0.000	0.000	70.000	65.023	
10.6660	C1310R34	500	2.387860	0.000323	2021-08-26 15:56:54	11.413	0.000	0.320	3.283	4.116	3.583	0.111	0.000	0.000	90.000	78.500	
10.1700	CO210R32	500	3.575896	0.000470	2021-08-26 15:57:08	14.248	0.000	0.338	5.094	5.131	3.570	0.114	0.000	0.000	85.254	53.308	
10.1820	O1810R24	500	3.526608	0.000353	2021-08-26 15:57:19	10.397	0.000	0.317	2.752	3.608	3.602	0.118	0.001	0.000	85.000	52.260	
10.6520	C1310R36	500	2.413530	0.001666	2021-08-26 15:57:30	10.827	0.000	0.310	1.872	4.809	3.722	0.114	0.000	0.000	100.000	100.000	
10.1590	CO210R34	500	3.538563	0.000339	2021-08-26 15:57:42	12.707	0.000	0.325	3.979	4.696	3.592	0.115	0.000	0.000	88.750	48.328	
10.1710	O1810R26	500	3.585619	0.000319	2021-08-26 15:57:54	11.271	0.000	0.332	3.366	3.849	3.604	0.120	0.000	0.000	87.500	63.669	
10.1470	CO210R36	500	3.592560	0.000382	2021-08-26 15:58:07	12.742	0.000	0.329	3.567	5.079	3.635	0.132	0.000	0.000	73.125	53.956	
10.1610	O1810R28	500	3.547166	0.000793	2021-08-26 15:58:17	10.021	0.000	0.323	2.573	3.426	3.583	0.117	0.000	0.000	80.000	60.206	
10.6390	C1310R38	500	2.436010	0.001119	2021-08-26 15:58:27	10.252	0.000	0.312	2.481	3.772	3.573	0.113	0.000	0.000	99.455	100.000	
10.1360	CO210R38	500	3.528130	0.000554	2021-08-26 15:58:40	12.478	0.000	0.333	3.670	4.739	3.605	0.128	0.003	0.000	87.500	65.745	
10.1500	O1810R30	500	3.593768	0.000400	2021-08-26 15:58:52	11.862	0.000	0.319	3.953	3.842	3.619	0.129	0.000	0.000	89.914	82.396	
10.6260	C1310R40	500	2.438648	0.001814	2021-08-26 15:59:01	9.464	0.000	0.326	1.790	3.656	3.574	0.117	0.000	0.000	100.000	100.000	
10.1250	CO210R40	500	3.576347	0.000329	2021-08-26 15:59:15	14.018	0.000	0.317	4.659	5.297	3.618	0.126	0.000	0.000	90.000	76.584	
10.1410	O1810R32	500	3.555389	0.000303	2021-08-26 15:59:25	9.367	0.000	0.330	2.060	3.238	3.614	0.124	0.000	0.000	100.000	100.000	
9.7530	CO209P42	500	2.132021	0.000812	2021-08-26 15:59:45	13.358	0.000	0.314	4.158	5.151	3.620	0.114	0.000	0.000	100.000	100.000	
9.7330	CO209P40	500	1.657801	0.000608	2021-08-26 16:00:15	11.269	0.000	0.322	2.405	4.779	3.629	0.134	0.000	0.000	100.000	100.000	
9.7140	CO209P38	500	2.008152	0.000819	2021-08-26 16:00:48	15.477	0.000	0.325	5.423	5.977	3.626	0.126	0.000	0.000	87.500	71.623	
9.6950	CO209P36	500	1.889496	0.002673	2021-08-26 16:01:20	14.759	0.000	0.324	5.172	5.528	3.611	0.124	0.000	0.000	90.000	79.678	
10.1520	C1309P36	-1	-1000000.000000	-1.000000	2021-08-26 16:01:24	0.000	0.000	0.000	0.000	0.000	0.000	0.000	0.000	0.000	-1.000	-1.000	
9.6750	CO209P34	500	1.673519	0.000407	2021-08-26 16:01:51	14.258	0.000	0.326	4.665	5.528	3.615	0.124	0.000	0.000	84.074	58.675	
10.1310	O1810R34	-1	-1000000.000000	-1.000000	2021-08-26 16:02:23	0.000	0.000	0.000	0.000	0.000	0.000	0.000	0.000	0.000	-1.000	-1.000	
9.6570	CO209P32	500	1.691716	0.000890	2021-08-26 16:02:21	13.499	0.000	0.326	4.961	4.460	3.619	0.133	0.000	0.000	84.074	58.533	
9.6390	CO209P30	500	1.476601	0.001310	2021-08-26 16:02:52	13.384	0.000	0.332	4.061	5.280	3.593	0.118	0.000	0.000	87.500	61.171	
9.6210	CO209P28	500	1.487012	0.001275	2021-08-26 16:03:23	13.417	0.000	0.323	5.086	4.281	3.602	0.125	0.000	0.000	89.375	48.526	
10.1310	C1309P34	-1	-1000000.000000	-1.000000	2021-08-26 16:03:46	0.000	0.000	0.000	0.000	0.000	0.000	0.000	0.000	0.000	-1.000	-1.000	
9.6040	CO209P26	500	1.431713	0.000584	2021-08-26 16:03:53	13.374	0.000	0.338	3.865	5.382	3.661	0.127	0.000	0.000	90.000	43.666	
10.1100	C1309P32	500	3.586352	0.001033	2021-08-26 16:04:06	9.148	0.000	0.313	2.088	2.976	3.637	0.133	0.000	0.000	100.000	100.000	
9.5880	CO209P24	500	1.376704	0.000444	2021-08-26 16:04:23	16.476	0.000	0.319	7.773	4.685	3.585	0.114	0.000	0.000	90.000	38.070	
10.0900	C1309P30	500	3.550262	0.000411	2021-08-26 16:04:33	10.333	0.000	0.309	1.972	4.311	3.609	0.131	0.000	0.000	100.000	100.000	
9.5690	CO209P22	500	1.320327	0.000547	2021-08-26 16:04:50	12.519	0.000	0.324	4.090	4.403	3.582	0.120	0.000	0.000	90.000	45.823	
10.0700	C1309P28	500	3.514807	0.000621	2021-08-26 16:05:01	11.471	0.000	0.317	3.172	4.280	3.590	0.112	0.000	0.000	90.000	53.892	
10.1220	O1810R36	-1	-1000000.000000	-1.000000	2021-08-26 16:05:17	0.000	0.000	0.000	0.000	0.000	0.000	0.000	0.000	0.000	-1.000	-1.000	
9.5520	CO209P20	500	1.295181	0.001667	2021-08-26 16:05:16	13.393	0.000	0.320	3.897	5.478	3.585	0.112	0.000	0.000	90.000	37.784	
10.0500	C1309P26	500	3.443392	0.001088	2021-08-26 16:05:27	10.633	0.000	0.312	2.957	3.631	3.612	0.120	0.000	0.000	88.500	57.970	
9.5520	O1809P46	-1	-1000000.000000	-1.000000	2021-08-26 16:05:32	0.000	0.000	0.000	0.000	0.000	0.000	0.000	0.000	0.000	-1.000	-1.000	
9.5360	CO209P18	500	1.270329	0.001003	2021-08-26 16:05:43	13.016	0.000	0.323	3.503	5.495	3.582	0.113	0.000	0.000	90.000	41.615	
9.5360	O1809P44	500	1.268201	0.002732	2021-08-26 16:05:56	12.495	0.000	0.316	5.151	3.287	3.617	0.123	0.000	0.000	83.333	76.160	
10.0310	C1309P24	500	3.354386	0.000379	2021-08-26 16:06:09	12.534	0.000	0.334	3.847	4.685	3.556	0.112	0.000	0.000	81.111	61.236	
9.5190	O1809P42	500	1.238275	0.002275	2021-08-26 16:06:24	15.511	0.000	0.332	7.665	3.827	3.568	0.120	0.000	0.000	87.998	62.275	
9.5200	CO209P16	500	1.232015	0.001366	2021-08-26 16:06:37	12.662	0.000	0.323	4.064	4.622	3.539	0.114	0.000	0.000	80.000	35.810	
9.5030	O1809P40	500	1.217423	0.002764	2021-08-26 16:07:13	35.892	0.000	0.321	10.678	3.958	20.779	0.152	0.003	0.000	88.750	34.566	
10.0120	C1309P22	500	3.196668	0.000272	2021-08-26 16:07:25	11.675	0.000	0.325	4.063	3.601	3.571	0.115	0.000	0.000	90.000	49.679	
9.4880	O1809P38	500	1.236199	0.001158	2021-08-26 16:07:37	11.417	0.000	0.318	3.865	3.525	3.585	0.124	0.000	0.000	90.000	29.178	
9.5040	CO209P14	500	1.210048	0.000528	2021-08-26 16:07:50	12.919	0.000	0.320	3.471	5.422	3.571	0.135	0.000	0.000	90.000	39.724	
9.4720	O1809P36	500	1.221542	0.000688	2021-08-26 16:08:01	11.419	0.000	0.337	4.162	3.215	3.591	0.114	0.000	0.000	90.000	26.388	
9.9940	C1309P20	500	3.145686	0.001695	2021-08-26 16:08:13	11.465	0.000	0.321	4.469	2.949	3.603	0.122	0.000	0.000	90.000	77.186	
9.4570	O1809P34	500	1.138399	0.004690	2021-08-26 16:08:24	11.664	0.000	0.322	4.265	3.393	3.566	0.117	0.000	0.000	90.000	24.031	
9.4880	CO209P12	500	1.228011	0.002221	2021-08-26 16:08:38	13.792	0.000	0.317	4.364	5.431	3.565	0.114	0.000	0.000	90.000	28.059	
9.4410	O1809P32	500	1.235887	0.001772	2021-08-26 16:08:51	12.221	0.000	0.322	4.662	3.510	3.604	0.123	0.000	0.000	90.000	16.289	
9.9750	C1309P18	500	3.014597	0.001435	2021-08-26 16:09:01	10.721	0.000	0.326	2.678	4.040	3.563	0.114	0.000	0.000	82.778	60.748	
9.4730	CO209P10	500	1.206457	0.001361	2021-08-26 16:09:14	12.745	0.000	0.324	4.151	4.596	3.560	0.114	0.000	0.000	90.000	31.751	
9.4270	O1809P30	500	1.264326	0.001577	2021-08-26 16:09:26	11.828	0.000	0.339	4.152	3.665	3.559	0.112	0.000	0.000	90.000	18.527	
9.9570	C1309P16	500	2.959218	0.000978	2021-08-26 16:09:40	13.856	0.000	0.320	5.100	4.742	3.578	0.114	0.000	0.000	90.124	90.025	
9.4120	O1809P28	500	1.219417	0.001851	2021-08-26 16:09:55	14.626	0.000	0.325	6.651	3.967	3.570	0.112	0.000	0.000	90.000	12.584	
9.4580	CO209P08	500	1.153994	0.001487	2021-08-26 16:10:08	12.908	0.000	0.331	3.248	5.601	3.607	0.121	0.001	0.000	85.000	42.332	
9.3970	O1809P26	500	1.172110	0.001530	2021-08-26 16:10:22	13.977	0.000	0.315	6.279	3.654	3.609	0.119	0.000	0.000	90.000	14.279	
9.9400	C1309P14	500	2.794885	0.000817	2021-08-26 16:10:33	11.154	0.000	0.320	2.848	4.290	3.580	0.116	0.000	0.000	90.000	76.296	
9.3830	O1809P24	500	1.041419	0.000673	2021-08-26 16:10:48	14.431	0.000	0.335	6.856	3.549	3.573	0.118	0.000	0.000	90.000	12.696	
9.3540	CO209R06	500	1.194436	0.001175	2021-08-26 16:11:01	13.540	0.000	0.324	4.363	5.200	3.539	0.113	0.000	0.000	90.000	20.858	
9.3690	O1809P22	500	1.114236	0.000462	2021-08-26 16:11:22	20.514	0.000	0.333	13.364	3.114	3.580	0.123	0.000	0.000	90.000	11.573	
9.9230	C1309P12	500	2.792590	0.001088	2021-08-26 16:11:34	11.745	0.000	0.317	3.161	4.540	3.606	0.121	0.000	0.000	85.000	79.214	
9.3550	O1809P20	500	1.191585	0.000916	2021-08-26 16:11:50	15.893	0.000	0.327	3.922	7.935	3.585	0.124	0.000	0.000	71.154	0.100	
9.3420	CO209R08	500	1.169895	0.001660	2021-08-26 16:12:02	11.980	0.000	0.313	3.485	4.532	3.537	0.113	0.000	0.000	90.000	22.055	
9.3410	O1809P18	500	1.170890	0.000812	2021-08-26 16:12:13	11.130	0.000	0.323	3.667	3.483	3.540	0.117	0.000	0.000	66.994	0.100	
9.9060	C1309P10	500	2.667228	0.001321	2021-08-26 16:12:24	11.160	0.000	0.319	2.748	4.429	3.553	0.112	0.000	0.000	100.000	100.000	
9.3280	O1809P16	500	1.139960	0.000421	2021-08-26 16:12:38	13.067	0.000	0.316	5.451	3.650	3.538	0.112	0.000	0.000	75.740	0.100	
9.3290	CO209R10	500	1.149931	0.000409	2021-08-26 16:12:52	14.150	0.000	0.323	4.851	5.257	3.597	0.122	0.000	0.000	90.000	16.142	
9.3150	O1809P14	500	1.115138	0.002495	2021-08-26 16:13:05	13.416	0.000	0.320	6.247	3.155	3.580	0.113	0.000	0.000	80.438	0.100	
9.3170	CO209R12	500	1.083407	0.005686	2021-08-26 16:13:25	18.395	0.000	0.322	3.366	5.258	9.337	0.111	0.000	0.000	90.000	17.883	
9.3020	O1809P12	500	1.090307	0.000875	2021-08-26 16:13:36	10.183	0.000	0.312	2.455	3.733	3.570	0.111	0.000	0.000	90.000	0.295	
9.2890	O1809P10	500	1.107926	0.001958	2021-08-26 16:14:04	10.934	0.000	0.314	3.494	3.442	3.572	0.112	0.000	0.000	75.578	0.100	
9.3050	CO209R14	500	1.089040	0.002025	2021-08-26 16:14:17	13.476	0.000	0.320	4.068	5.431	3.545	0.112	0.000	0.000	90.000	13.861	
9.7620	C1309R08	-1	-1000000.000000	-1.000000	2021-08-26 16:14:24	0.000	0.000	0.000	0.000	0.000	0.000	0.000	0.000	0.000	-1.000	-1.000	
9.2760	O1809P08	500	1.086073	0.002292	2021-08-26 16:14:30	12.402	0.000	0.331	4.949	3.404	3.603	0.114	0.000	0.000	77.290	0.100	
9.2940	CO209R16	500	1.085809	0.002136	2021-08-26 16:14:42	11.741	0.000	0.320	2.272	5.448	3.578	0.122	0.000	0.000	90.000	0.568	
9.2640	O1809P06	500	1.106563	0.000881	2021-08-26 16:15:37	54.560	0.000	0.328	46.701	3.867	3.554	0.110	0.000	0.000	90.000	10.767	
9.7490	C1309R10	500	2.021574	0.000525	2021-08-26 16:15:47	9.706	0.000	0.316	2.263	3.399	3.609	0.119	0.000	0.000	100.000	100.000	
9.2820	CO209R18	500	1.086498	0.001572	2021-08-26 16:16:04	16.670	0.000	0.314	7.553	5.108	3.583	0.112	0.000	0.000	90.000	12.637	
9.1990	O1809R04	500	1.162876	0.001884	2021-08-26 16:16:15	11.249	0.000	0.313	3.967	3.315	3.542	0.111	0.000	0.000	90.000	17.405	
9.7360	C1309R12	500	1.709304	0.001348	2021-08-26 16:16:26	10.656	0.000	0.326	2.151	4.448	3.610	0.120	0.000	0.000	100.000	100.000	
9.2710	CO209R20	500	1.089757	0.000540	2021-08-26 16:16:39	13.383	0.000	0.341	4.067	5.304	3.562	0.109	0.000	0.000	68.557	0.100	
9.1870	O1809R06	500	1.166033	0.001601	2021-08-26 16:16:52	12.086	0.000	0.320	4.163	3.937	3.553	0.112	0.000	0.000	47.438	0.100	
9.7230	C1309R14	500	1.855704	0.002420	2021-08-26 16:17:03	11.592	0.000	0.322	2.350	5.256	3.553	0.110	0.000	0.000	100.000	100.000	
9.1760	O1809R08	500	1.152218	0.000579	2021-08-26 16:17:15	11.367	0.000	0.326	3.750	3.556	3.609	0.126	0.000	0.000	42.996	0.100	
9.7100	C1309R16	500	2.012096	0.002970	2021-08-26 16:17:27	12.194	0.000	0.314	2.662	5.538	3.570	0.110	0.000	0.000	100.000	100.000	
9.1660	O1809R10	500	1.189505	0.000590	2021-08-26 16:17:42	14.342	0.000	0.316	5.965	4.351	3.580	0.130	0.000	0.000	31.825	0.100	
9.6980	C1309R18	500	1.933234	0.000631	2021-08-26 16:17:53	11.046	0.000	0.314	2.369	4.666	3.570	0.127	0.000	0.000	100.000	100.000	
9.2610	CO209R22	500	1.107825	0.002414	2021-08-26 16:18:05	12.186	0.000	0.310	3.169	5.039	3.555	0.113	0.000	0.000	90.000	0.532	
9.1550	O1809R12	500	1.204891	0.000882	2021-08-26 16:18:15	10.042	0.000	0.323	2.390	3.649	3.569	0.110	0.000	0.000	27.767	0.100	
9.6860	C1309R20	500	1.769827	0.003588	2021-08-26 16:18:25	9.658	0.000	0.325	2.251	3.429	3.542	0.111	0.000	0.000	100.000	100.000	
9.2500	CO209R24	500	1.108758	0.006819	2021-08-26 16:18:40	14.341	0.000	0.322	4.967	5.333	3.597	0.121	0.000	0.000	67.852	0.100	
9.1450	O1809R14	500	1.192732	0.001290	2021-08-26 16:18:51	11.145	0.000	0.325	2.971	4.191	3.540	0.117	0.000	0.000	31.356	0.100	
9.6750	C1309R22	500	1.644075	0.000744	2021-08-26 16:19:02	10.409	0.000	0.320	2.579	3.887	3.523	0.081	0.019	0.000	100.000	100.000	
9.2400	CO209R26	500	1.138352	0.002428	2021-08-26 16:19:16	14.266	0.000	0.316	5.382	4.944	3.523	0.099	0.000	0.000	54.041	0.100	
9.1340	O1809R16	500	1.164187	0.001271	2021-08-26 16:19:27	10.557	0.000	0.315	2.654	3.898	3.574	0.115	0.000	0.000	25.843	0.100	
9.6630	C1309R24	500	1.710829	0.001445	2021-08-26 16:19:37	10.443	0.000	0.337	2.362	4.025	3.606	0.114	0.000	0.000	100.000	100.000	
9.2300	CO209R28	500	1.138168	0.006665	2021-08-26 16:19:52	14.312	0.000	0.318	5.180	5.103	3.590	0.120	0.000	0.000	64.019	0.100	
9.1250	O1809R18	500	1.129460	0.002432	2021-08-26 16:20:02	9.836	0.000	0.316	2.365	3.499	3.546	0.110	0.000	0.000	25.843	0.100	
9.6520	C1309R26	500	1.610052	0.001407	2021-08-26 16:20:13	10.832	0.000	0.321	2.347	4.440	3.606	0.118	0.000	0.000	100.000	100.000	
9.2190	CO209R30	500	1.123937	0.000854	2021-08-26 16:20:29	15.946	0.000	0.330	6.870	5.069	3.567	0.110	0.000	0.000	75.679	0.100	
9.1150	O1809R20	500	1.127172	0.000803	2021-08-26 16:20:39	10.472	0.000	0.344	3.086	3.383	3.548	0.111	0.000	0.000	25.417	0.100	
9.2100	CO209R32	500	1.167334	0.001252	2021-08-26 16:20:56	13.286	0.000	0.320	4.064	5.221	3.571	0.110	0.000	0.000	70.439	0.100	
9.1050	O1809R22	500	1.098907	0.001839	2021-08-26 16:21:08	11.822	0.000	0.314	4.146	3.628	3.607	0.128	0.000	0.000	31.518	0.100	
9.6420	C1309R28	500	1.488016	0.002877	2021-08-26 16:21:20	11.799	0.000	0.325	2.366	5.421	3.577	0.111	0.000	0.000	100.000	100.000	
9.2010	CO209R34	500	1.161143	0.000736	2021-08-26 16:21:34	13.739	0.000	0.321	5.466	4.260	3.580	0.112	0.000	0.000	75.603	0.100	
9.0950	O1809R24	500	1.096982	0.002084	2021-08-26 16:21:45	10.627	0.000	0.320	3.170	3.342	3.625	0.169	0.000	0.000	22.672	0.100	
9.0860	O1809R26	500	1.052399	0.000838	2021-08-26 16:22:09	10.883	0.000	0.325	3.370	3.506	3.569	0.113	0.000	0.000	20.645	0.100	
9.0770	O1809R28	500	1.029521	0.002150	2021-08-26 16:22:36	11.656	0.000	0.322	3.867	3.802	3.558	0.108	0.000	0.000	32.250	0.100	
9.0680	O1809R30	500	1.000688	0.000872	2021-08-26 16:23:00	9.853	0.000	0.317	2.547	3.311	3.569	0.110	0.000	0.000	20.894	0.100	
9.6310	C1309R30	0	NaN	NaN	2021-08-26 16:24:34	88.668	0.000	0.323	8.009	57.410	22.898	0.003	0.025	0.000	100.000	100.000	
9.0590	O1809R32	500	0.965832	0.002126	2021-08-26 16:24:46	11.793	0.000	0.323	4.166	3.629	3.533	0.142	0.000	0.000	18.550	0.100	
9.0510	O1809R34	500	0.942879	0.002323	2021-08-26 16:25:12	10.997	0.000	0.321	3.291	3.702	3.571	0.111	0.000	0.000	25.100	0.100	
9.0420	O1809R36	500	0.919521	0.002141	2021-08-26 16:25:40	12.593	0.000	0.318	4.683	3.890	3.582	0.120	0.000	0.000	26.086	0.100	
9.0340	O1809R38	500	0.877364	0.001908	2021-08-26 16:26:04	9.756	0.000	0.312	2.463	3.325	3.553	0.103	0.000	0.000	27.642	0.100	
9.6210	C1309R32	-1	1.451210	0.001909	2021-08-26 16:26:20	0.000	0.000	0.000	0.000	0.000	0.000	0.000	0.000	0.000	-1.000	-1.000	
9.0260	O1809R40	500	0.867197	0.000937	2021-08-26 16:26:30	11.089	0.000	0.319	3.864	3.264	3.539	0.104	0.000	0.000	60.947	0.100	
9.6110	C1309R34	-1	1.438512	0.008588	2021-08-26 16:28:12	0.000	0.000	0.000	0.000	0.000	0.000	0.000	0.000	0.000	-1.000	-1.000	
9.0180	O1809R42	-1	-1000000.000000	-1.000000	2021-08-26 16:29:25	0.000	0.000	0.000	0.000	0.000	0.000	0.000	0.000	0.000	-1.000	-1.000	
10.6640	O1810P36	500	2.395901	0.001102	2021-08-26 16:30:15	9.532	0.000	0.322	2.303	3.257	3.550	0.100	0.000	0.000	100.000	100.000	
11.2390	C1310P28	-1	-1000000.000000	-1.000000	2021-08-26 16:30:22	0.000	0.000	0.000	0.000	0.000	0.000	0.000	0.000	0.000	-1.000	-1.000	
10.6430	O1810P34	500	2.434126	0.000415	2021-08-26 16:30:43	9.302	0.000	0.315	1.950	3.389	3.541	0.107	0.000	0.000	100.000	100.000	
10.2780	O1810R08	-1	-1000000.000000	-1.000000	2021-08-26 16:31:00	0.000	0.000	0.000	0.000	0.000	0.000	0.000	0.000	0.000	-1.000	-1.000	
10.1520	C1309P36	-1	-1000000.000000	-1.000000	2021-08-26 16:32:26	0.000	0.000	0.000	0.000	0.000	0.000	0.000	0.000	0.000	-1.000	-1.000	
10.1310	O1810R34	-1	-1000000.000000	-1.000000	2021-08-26 16:33:39	0.000	0.000	0.000	0.000	0.000	0.000	0.000	0.000	0.000	-1.000	-1.000	
10.1310	C1309P34	-1	-1000000.000000	-1.000000	2021-08-26 16:34:22	0.000	0.000	0.000	0.000	0.000	0.000	0.000	0.000	0.000	-1.000	-1.000	
9.7620	C1309R08	-1	-1000000.000000	-1.000000	2021-08-26 16:36:18	0.000	0.000	0.000	0.000	0.000	0.000	0.000	0.000	0.000	-1.000	-1.000	
10.1220	O1810R36	-1	-1000000.000000	-1.000000	2021-08-26 16:36:26	0.000	0.000	0.000	0.000	0.000	0.000	0.000	0.000	0.000	-1.000	-1.000	
9.6310	C1309R30	0	NaN	NaN	2021-08-26 16:38:31	54.100	0.000	0.315	8.118	22.731	22.935	0.001	0.000	0.000	100.000	100.000	
9.5520	O1809P46	-1	-1000000.000000	-1.000000	2021-08-26 16:39:00	0.000	0.000	0.000	0.000	0.000	0.000	0.000	0.000	0.000	-1.000	-1.000	
9.6210	C1309R32	500	1.451210	0.001909	2021-08-26 16:39:23	27.903	0.000	0.315	4.879	14.065	8.466	0.177	0.000	0.000	100.000	100.000	
9.6110	C1309R34	500	1.438512	0.008588	2021-08-26 16:41:34	13.495	0.000	0.322	5.779	3.696	3.585	0.113	0.000	0.000	100.000	100.000	
9.0180	O1809R42	-1	-1000000.000000	-1.000000	2021-08-26 16:41:39	0.000	0.000	0.000	0.000	0.000	0.000	0.000	0.000	0.000	-1.000	-1.000	
11.2390	C1310P28	-1	-1000000.000000	-1.000000	2021-08-26 16:43:19	0.000	0.000	0.000	0.000	0.000	0.000	0.000	0.000	0.000	-1.000	-1.000	
