Wavelength	Line name	# of completed ringdowns	Ringdowntimes (us)	STOT	TimeStamp	Get ringdown time (s)	Step time (s)	Step time (s)	Step time(s)	Step time(s) 	Step time(s) 	Step time(s)	Step time(s)	Step time(s) 	AOM setting	Attenuator setting
10.8110	CO210P40	500	0.649737	0.012507	2021-08-19 18:39:21	10.651	0.000	0.323	1.372	5.128	3.662	0.141	0.025	0.000	100.000	100.000	
10.7870	CO210P38	500	1.429680	0.001789	2021-08-19 18:39:50	11.069	0.000	0.322	2.348	4.743	3.544	0.096	0.016	0.000	100.000	100.000	
10.7640	CO210P36	500	1.016992	0.005514	2021-08-19 18:40:19	11.383	0.000	0.341	2.368	4.997	3.573	0.101	0.004	0.000	100.000	100.000	
10.7410	CO210P34	500	1.349099	0.002138	2021-08-19 18:40:48	11.001	0.000	0.334	2.239	4.736	3.582	0.093	0.017	0.000	100.000	100.000	
10.7190	CO210P32	500	1.380156	0.001367	2021-08-19 18:41:17	11.522	0.000	0.321	2.364	5.194	3.538	0.094	0.011	0.000	100.000	100.000	
11.2390	C1310P28	500	0.971422	0.004236	2021-08-19 18:41:30	9.883	0.000	0.320	1.364	4.479	3.582	0.111	0.027	0.000	100.000	100.000	
10.6960	CO210P30	500	1.678918	0.001241	2021-08-19 18:41:42	10.871	0.000	0.330	2.361	4.493	3.578	0.099	0.011	0.000	100.000	100.000	
10.6640	O1810P36	-1	1.863213	0.003331	2021-08-19 18:41:58	0.000	0.000	0.000	0.000	0.000	0.000	0.000	0.000	0.000	-1.000	-1.000	
10.6750	CO210P28	500	1.739552	0.001542	2021-08-19 18:42:11	11.036	0.000	0.314	2.350	4.706	3.548	0.100	0.017	0.000	100.000	100.000	
10.6430	O1810P34	500	1.786032	0.003261	2021-08-19 18:42:20	9.273	0.000	0.322	1.972	3.254	3.593	0.113	0.019	0.000	100.000	100.000	
10.6530	CO210P26	500	1.785377	0.010063	2021-08-19 18:42:37	11.311	0.000	0.342	2.968	4.203	3.627	0.144	0.028	0.000	100.000	100.000	
10.6220	O1810P32	500	1.769797	0.001991	2021-08-19 18:42:46	9.004	0.000	0.327	2.164	2.814	3.572	0.106	0.021	0.000	100.000	100.000	
10.6320	CO210P24	500	1.789839	0.022043	2021-08-19 18:43:03	11.350	0.000	0.317	2.251	5.090	3.578	0.095	0.019	0.000	100.000	100.000	
10.6020	O1810P30	500	1.873696	0.001967	2021-08-19 18:43:13	9.982	0.000	0.317	2.166	3.771	3.616	0.096	0.016	0.000	100.000	100.000	
10.6110	CO210P22	500	1.856838	0.004938	2021-08-19 18:44:15	56.961	0.000	0.318	2.709	33.005	20.810	0.094	0.024	0.000	100.000	100.000	
11.2160	C1310P26	500	0.908676	0.009097	2021-08-19 18:44:25	9.790	0.000	0.320	2.164	3.633	3.545	0.109	0.020	0.000	100.000	100.000	
10.5820	O1810P28	500	1.513217	0.002840	2021-08-19 18:44:35	9.292	0.000	0.340	2.162	3.062	3.610	0.097	0.022	0.000	100.000	100.000	
10.5910	CO210P20	500	1.862298	0.003615	2021-08-19 18:44:45	10.239	0.000	0.314	1.570	4.620	3.615	0.101	0.019	0.000	100.000	100.000	
10.5630	O1810P26	500	1.810833	0.001122	2021-08-19 18:45:00	9.577	0.000	0.317	2.443	3.071	3.630	0.098	0.018	0.000	100.000	100.000	
10.5710	CO210P18	500	1.847430	0.008686	2021-08-19 18:45:11	10.508	0.000	0.312	1.364	5.142	3.571	0.097	0.021	0.000	100.000	100.000	
10.5430	O1810P24	500	1.028617	0.005557	2021-08-19 18:45:25	9.536	0.000	0.310	2.266	3.263	3.581	0.092	0.024	0.000	100.000	100.000	
10.5510	CO210P16	500	1.743179	0.002675	2021-08-19 18:45:36	9.658	0.000	0.316	1.365	4.305	3.562	0.092	0.019	0.000	100.000	100.000	
10.5250	O1810P22	500	1.982722	0.000635	2021-08-19 18:45:49	9.604	0.000	0.321	2.148	3.427	3.593	0.096	0.021	0.000	100.000	100.000	
10.5320	CO210P14	500	1.753607	0.007966	2021-08-19 18:46:03	11.647	0.000	0.315	2.495	5.142	3.581	0.097	0.015	0.000	100.000	100.000	
10.5060	O1810P20	500	1.741554	0.001873	2021-08-19 18:46:14	9.548	0.000	0.319	2.154	3.367	3.594	0.092	0.022	0.000	100.000	100.000	
10.5130	CO210P12	500	1.973596	0.000969	2021-08-19 18:46:29	12.049	0.000	0.316	2.661	5.354	3.602	0.098	0.018	0.000	100.000	100.000	
11.1940	C1310P24	500	0.850775	0.004895	2021-08-19 18:46:40	10.625	0.000	0.316	2.261	4.365	3.573	0.094	0.015	0.000	100.000	100.000	
10.4880	O1810P18	500	0.974549	0.005861	2021-08-19 18:46:50	9.941	0.000	0.317	2.547	3.370	3.592	0.094	0.022	0.000	100.000	100.000	
10.4940	CO210P10	500	1.997637	0.011061	2021-08-19 18:48:09	79.193	0.000	0.320	2.742	55.106	20.829	0.112	0.083	0.000	100.000	100.000	
10.4710	O1810P16	500	1.885275	0.001876	2021-08-19 18:48:19	9.892	0.000	0.324	2.184	3.698	3.564	0.102	0.019	0.000	100.000	100.000	
11.1710	C1310P22	500	1.062823	0.012889	2021-08-19 18:48:29	10.069	0.000	0.324	2.497	3.514	3.613	0.107	0.013	0.000	100.000	100.000	
10.4530	O1810P14	500	2.081931	0.001910	2021-08-19 18:48:42	9.306	0.000	0.321	2.390	2.887	3.589	0.100	0.019	0.000	100.000	100.000	
10.4760	CO210P08	500	2.015085	0.007280	2021-08-19 18:48:53	10.770	0.000	0.326	2.271	4.393	3.661	0.099	0.021	0.000	100.000	100.000	
11.1490	C1310P20	500	1.062043	0.006102	2021-08-19 18:49:04	10.359	0.000	0.319	2.663	3.679	3.578	0.098	0.022	0.000	100.000	100.000	
10.4360	O1810P12	500	2.084453	0.000931	2021-08-19 18:49:14	9.768	0.000	0.318	2.364	3.426	3.542	0.101	0.018	0.000	100.000	100.000	
10.4580	CO210P06	500	2.037939	0.003076	2021-08-19 18:49:25	10.685	0.000	0.320	1.965	4.728	3.556	0.097	0.019	0.000	100.000	100.000	
10.4200	O1810P10	500	1.863945	0.003585	2021-08-19 18:49:37	9.233	0.000	0.324	2.162	3.064	3.573	0.093	0.017	0.000	100.000	100.000	
10.3650	CO210R04	500	1.769393	0.001942	2021-08-19 18:49:54	13.526	0.000	0.315	4.468	5.073	3.550	0.100	0.021	0.000	100.000	100.000	
10.4040	O1810P08	500	1.996179	0.001632	2021-08-19 18:50:03	8.909	0.000	0.319	1.779	3.097	3.601	0.100	0.013	0.000	100.000	100.000	
10.3490	CO210R06	500	1.459914	0.002732	2021-08-19 18:50:21	10.295	0.000	0.332	1.966	4.273	3.620	0.098	0.006	0.000	100.000	100.000	
10.2780	O1810R08	500	2.118723	0.001447	2021-08-19 18:50:30	9.397	0.000	0.313	2.362	3.024	3.595	0.095	0.008	0.000	100.000	100.000	
10.3340	CO210R08	500	1.593410	0.002256	2021-08-19 18:50:46	11.273	0.000	0.321	2.144	5.103	3.586	0.099	0.020	0.000	100.000	100.000	
10.2650	O1810R10	500	1.932819	0.002399	2021-08-19 18:50:56	9.876	0.000	0.336	2.346	3.503	3.572	0.099	0.019	0.000	100.000	100.000	
10.3180	CO210R10	500	2.126901	0.000865	2021-08-19 18:51:13	13.804	0.000	0.315	4.760	5.040	3.566	0.099	0.024	0.000	90.000	73.728	
11.1280	C1310P18	500	1.081600	0.003453	2021-08-19 18:51:23	9.684	0.000	0.321	1.848	3.858	3.553	0.093	0.010	0.000	100.000	100.000	
10.2520	O1810R12	500	2.053134	0.001257	2021-08-19 18:51:33	9.847	0.000	0.321	2.463	3.388	3.556	0.098	0.021	0.000	100.000	100.000	
10.3030	CO210R12	500	1.446592	0.001314	2021-08-19 18:51:45	11.847	0.000	0.322	2.265	5.563	3.586	0.099	0.011	0.000	100.000	100.000	
10.2400	O1810R14	500	2.109004	0.001368	2021-08-19 18:51:59	11.933	0.000	0.321	2.534	5.411	3.557	0.095	0.014	0.000	100.000	100.000	
10.2890	CO210R14	500	1.846554	0.000535	2021-08-19 18:52:12	11.944	0.000	0.316	2.644	5.318	3.553	0.095	0.018	0.000	90.000	79.844	
10.2280	O1810R16	500	2.005712	0.000879	2021-08-19 18:52:23	10.291	0.000	0.321	2.281	4.038	3.553	0.092	0.007	0.000	100.000	100.000	
10.2740	CO210R16	500	1.786365	0.001272	2021-08-19 18:52:37	10.610	0.000	0.315	1.646	4.963	3.576	0.102	0.009	0.000	100.000	100.000	
10.2160	O1810R18	500	2.167478	0.002038	2021-08-19 18:52:47	9.028	0.000	0.316	2.563	2.472	3.570	0.098	0.011	0.000	100.000	100.000	
10.2600	CO210R18	500	2.176554	0.000741	2021-08-19 18:53:05	13.600	0.000	0.317	4.469	5.095	3.598	0.100	0.020	0.000	89.375	59.043	
10.2040	O1810R20	500	2.132941	0.000573	2021-08-19 18:53:16	10.070	0.000	0.337	2.268	3.769	3.580	0.095	0.020	0.000	100.000	100.000	
10.2470	CO210R20	500	0.681625	0.010245	2021-08-19 18:53:31	11.218	0.000	0.328	2.163	5.056	3.569	0.096	0.008	0.000	100.000	100.000	
11.1070	C1310P16	500	1.114056	0.006592	2021-08-19 18:53:40	9.614	0.000	0.322	2.166	3.435	3.583	0.101	0.007	0.000	100.000	100.000	
10.1930	O1810R22	500	2.218717	0.001618	2021-08-19 18:53:52	11.353	0.000	0.339	4.769	2.514	3.608	0.103	0.020	0.000	90.000	87.377	
11.0860	C1310P14	500	1.126321	0.002517	2021-08-19 18:54:02	10.291	0.000	0.328	2.294	3.956	3.600	0.100	0.013	0.000	100.000	100.000	
10.2330	CO210R22	500	1.955425	0.000675	2021-08-19 18:54:13	10.900	0.000	0.327	2.168	4.758	3.541	0.094	0.013	0.000	100.000	100.000	
10.1820	O1810R24	500	2.034879	0.000815	2021-08-19 18:54:23	9.949	0.000	0.332	2.548	3.354	3.598	0.097	0.019	0.000	100.000	100.000	
11.0650	C1310P12	500	1.102250	0.002576	2021-08-19 18:54:34	10.850	0.000	0.337	2.178	4.614	3.603	0.098	0.020	0.000	100.000	100.000	
10.2200	CO210R24	500	2.186378	0.000995	2021-08-19 18:54:46	11.402	0.000	0.314	2.582	4.838	3.553	0.093	0.022	0.000	90.000	71.474	
10.1710	O1810R26	500	2.216115	0.000731	2021-08-19 18:54:56	10.140	0.000	0.318	2.352	3.796	3.558	0.096	0.020	0.000	100.000	100.000	
11.0450	C1310P10	500	0.932848	0.002962	2021-08-19 18:55:06	10.286	0.000	0.327	1.365	4.866	3.603	0.104	0.021	0.000	100.000	100.000	
10.2070	CO210R26	500	2.142780	0.000583	2021-08-19 18:55:18	10.952	0.000	0.323	2.147	4.784	3.583	0.097	0.018	0.000	90.000	98.609	
10.1610	O1810R28	500	1.886193	0.002444	2021-08-19 18:55:28	10.112	0.000	0.319	2.652	3.475	3.551	0.096	0.020	0.000	100.000	100.000	
10.1950	CO210R28	500	2.245425	0.002448	2021-08-19 18:55:46	15.348	0.000	0.315	4.213	7.144	3.560	0.095	0.021	0.000	88.683	62.638	
10.1500	O1810R30	500	2.194743	0.001035	2021-08-19 18:55:56	9.257	0.000	0.324	1.870	3.355	3.587	0.103	0.017	0.000	100.000	100.000	
10.1820	CO210R30	500	2.059836	0.001607	2021-08-19 18:56:13	11.484	0.000	0.322	2.451	5.048	3.551	0.096	0.016	0.000	100.000	100.000	
11.0250	C1310P08	500	1.126500	0.006554	2021-08-19 18:56:22	9.543	0.000	0.324	2.167	3.353	3.585	0.099	0.015	0.000	100.000	100.000	
10.1410	O1810R32	500	2.065502	0.000913	2021-08-19 18:56:32	9.716	0.000	0.322	2.406	3.301	3.575	0.093	0.018	0.000	100.000	100.000	
10.1700	CO210R32	500	2.201111	0.001386	2021-08-19 18:56:43	10.615	0.000	0.320	1.453	5.109	3.614	0.099	0.021	0.000	100.000	100.000	
11.0050	C1310P06	500	0.897063	0.007327	2021-08-19 18:58:00	76.948	0.000	0.322	2.954	52.662	20.849	0.146	0.015	0.000	100.000	100.000	
10.1310	O1810R34	0	NaN	NaN	2021-08-19 18:58:03	0.423	0.000	0.320	0.100	0.000	0.000	0.002	0.000	0.000	0.100	0.100	
10.1590	CO210R34	500	2.009314	0.000666	2021-08-19 18:58:12	11.632	0.000	0.318	2.267	5.389	3.514	0.131	0.012	0.000	100.000	100.000	
10.8840	C1310R06	1	1.381735	0.002072	2021-08-19 18:59:33	78.388	0.000	0.334	9.321	45.827	22.904	0.002	0.000	0.000	100.000	100.000	
10.1220	O1810R36	0	NaN	NaN	2021-08-19 18:59:33	0.406	0.000	0.319	0.087	0.000	0.000	0.000	0.000	0.000	0.100	0.100	
10.1470	CO210R36	500	2.181673	0.000822	2021-08-19 18:59:46	12.555	0.000	0.312	3.347	5.215	3.530	0.139	0.012	0.000	90.000	81.824	
10.8670	C1310R08	500	1.454530	0.000788	2021-08-19 18:59:56	9.982	0.000	0.326	2.360	3.561	3.608	0.103	0.024	0.000	100.000	100.000	
10.1360	CO210R38	500	2.024924	0.000710	2021-08-19 19:00:10	10.651	0.000	0.313	1.786	4.842	3.580	0.108	0.023	0.000	100.000	100.000	
10.8500	C1310R10	500	1.266871	0.001450	2021-08-19 19:00:21	11.051	0.000	0.326	1.847	5.227	3.539	0.093	0.019	0.000	100.000	100.000	
10.1250	CO210R40	500	2.106728	0.001325	2021-08-19 19:00:37	12.492	0.000	0.332	3.563	4.918	3.570	0.098	0.012	0.000	100.000	100.000	
10.8330	C1310R12	500	1.462104	0.002888	2021-08-19 19:00:48	10.394	0.000	0.322	2.048	4.322	3.587	0.102	0.013	0.000	100.000	100.000	
9.7530	CO209P42	500	1.465223	0.001499	2021-08-19 19:01:08	13.533	0.000	0.324	4.549	5.050	3.511	0.075	0.023	0.000	100.000	100.000	
10.8160	C1310R14	500	1.495939	0.008445	2021-08-19 19:01:17	9.261	0.000	0.325	2.206	3.098	3.532	0.080	0.019	0.000	100.000	100.000	
9.7330	CO209P40	500	1.169955	0.001253	2021-08-19 19:01:33	11.314	0.000	0.324	2.262	5.073	3.546	0.092	0.018	0.000	100.000	100.000	
10.8000	C1310R16	500	1.526286	0.001156	2021-08-19 19:01:44	10.816	0.000	0.326	2.964	3.830	3.584	0.095	0.018	0.000	100.000	100.000	
9.7140	CO209P38	500	0.949402	0.006363	2021-08-19 19:01:58	11.868	0.000	0.331	2.667	5.191	3.566	0.091	0.022	0.000	100.000	100.000	
10.7840	C1310R18	500	1.182120	0.008385	2021-08-19 19:02:08	9.355	0.000	0.325	1.983	3.403	3.532	0.094	0.019	0.000	100.000	100.000	
9.5520	O1809P46	-1	-1000000.000000	-1.000000	2021-08-19 19:02:13	0.000	0.000	0.000	0.000	0.000	0.000	0.000	0.000	0.000	-1.000	-1.000	
9.6950	CO209P36	500	1.199202	0.007210	2021-08-19 19:02:25	12.153	0.000	0.325	2.766	5.405	3.547	0.093	0.018	0.000	100.000	100.000	
9.5360	O1809P44	500	0.917326	0.006974	2021-08-19 19:02:36	10.517	0.000	0.343	3.922	2.524	3.600	0.102	0.026	0.000	100.000	100.000	
10.7680	C1310R20	500	1.253845	0.002343	2021-08-19 19:02:46	9.310	0.000	0.326	1.933	3.364	3.575	0.103	0.009	0.000	100.000	100.000	
9.6750	CO209P34	500	0.799539	0.007254	2021-08-19 19:02:58	12.080	0.000	0.313	2.868	5.192	3.590	0.100	0.016	0.000	100.000	100.000	
9.5190	O1809P42	500	0.885144	0.004530	2021-08-19 19:03:11	12.769	0.000	0.316	5.451	3.274	3.618	0.108	0.002	0.000	90.000	86.517	
10.7530	C1310R22	500	1.393977	0.003901	2021-08-19 19:03:20	8.856	0.000	0.313	1.561	3.333	3.536	0.089	0.023	0.000	100.000	100.000	
9.6570	CO209P32	500	1.211837	0.001444	2021-08-19 19:03:32	11.925	0.000	0.315	3.164	4.769	3.569	0.103	0.004	0.000	100.000	100.000	
9.5030	O1809P40	500	0.842899	0.004547	2021-08-19 19:03:45	12.874	0.000	0.323	5.472	3.375	3.584	0.099	0.021	0.000	81.111	57.130	
10.7380	C1310R24	500	1.341625	0.002156	2021-08-19 19:03:56	10.749	0.000	0.322	1.845	4.895	3.574	0.096	0.017	0.000	100.000	100.000	
9.6390	CO209P30	500	1.111761	0.004413	2021-08-19 19:04:08	11.972	0.000	0.332	3.284	4.631	3.602	0.097	0.026	0.000	100.000	100.000	
9.4880	O1809P38	500	0.902105	0.001776	2021-08-19 19:04:21	13.411	0.000	0.322	6.080	3.335	3.556	0.097	0.022	0.000	89.375	42.164	
10.7230	C1310R26	500	1.589213	0.005345	2021-08-19 19:04:32	10.246	0.000	0.318	1.966	4.291	3.559	0.095	0.016	0.000	100.000	100.000	
9.6210	CO209P28	500	0.833375	0.011698	2021-08-19 19:04:44	12.342	0.000	0.323	3.064	5.303	3.538	0.099	0.014	0.000	100.000	100.000	
9.4720	O1809P36	500	0.853680	0.002083	2021-08-19 19:04:56	12.159	0.000	0.316	4.746	3.420	3.559	0.099	0.019	0.000	85.000	44.282	
10.7080	C1310R28	500	1.704289	0.002764	2021-08-19 19:05:07	10.811	0.000	0.334	1.966	4.810	3.580	0.098	0.024	0.000	100.000	100.000	
9.6040	CO209P26	500	1.059193	0.001201	2021-08-19 19:05:21	13.310	0.000	0.310	4.268	5.070	3.549	0.096	0.017	0.000	90.000	71.922	
9.4570	O1809P34	500	0.821774	0.008744	2021-08-19 19:05:34	13.327	0.000	0.321	5.688	3.590	3.609	0.103	0.017	0.000	77.344	39.144	
10.6940	C1310R30	500	1.750826	0.002538	2021-08-19 19:05:45	10.324	0.000	0.319	1.966	4.315	3.603	0.102	0.019	0.000	100.000	100.000	
9.5880	CO209P24	500	1.020248	0.001138	2021-08-19 19:06:02	17.591	0.000	0.318	8.165	5.407	3.586	0.095	0.020	0.000	90.000	64.459	
9.4410	O1809P32	500	0.886665	0.002791	2021-08-19 19:06:14	11.422	0.000	0.319	4.063	3.328	3.598	0.102	0.013	0.000	90.000	28.652	
10.6800	C1310R32	500	1.799101	0.003401	2021-08-19 19:06:24	10.103	0.000	0.324	2.067	4.003	3.587	0.100	0.020	0.000	100.000	100.000	
9.5690	CO209P22	500	0.951353	0.003446	2021-08-19 19:06:38	13.264	0.000	0.330	3.953	5.259	3.605	0.099	0.018	0.000	90.000	84.224	
9.4270	O1809P30	500	0.905336	0.003348	2021-08-19 19:06:49	11.341	0.000	0.327	4.061	3.247	3.592	0.101	0.013	0.000	90.000	28.644	
10.6660	C1310R34	500	1.793541	0.001632	2021-08-19 19:07:01	11.203	0.000	0.314	1.964	5.242	3.569	0.097	0.017	0.000	100.000	100.000	
9.5520	CO209P20	500	0.963718	0.004713	2021-08-19 19:07:14	13.630	0.000	0.322	4.249	5.377	3.570	0.097	0.015	0.000	90.000	66.828	
9.4120	O1809P28	500	0.770219	0.003956	2021-08-19 19:07:26	11.662	0.000	0.320	4.162	3.437	3.619	0.096	0.027	0.000	90.000	26.774	
10.6520	C1310R36	500	1.875009	0.003361	2021-08-19 19:07:36	10.039	0.000	0.328	2.088	3.947	3.560	0.097	0.017	0.000	100.000	100.000	
9.5360	CO209P18	500	0.907987	0.000804	2021-08-19 19:07:49	12.970	0.000	0.316	3.847	5.123	3.566	0.098	0.019	0.000	90.000	75.134	
9.3970	O1809P26	500	0.877122	0.004502	2021-08-19 19:08:03	13.540	0.000	0.316	5.952	3.547	3.603	0.104	0.019	0.000	89.375	23.282	
10.6390	C1310R38	500	1.892619	0.001870	2021-08-19 19:08:14	11.305	0.000	0.321	2.178	5.100	3.585	0.096	0.026	0.000	100.000	100.000	
9.3830	O1809P24	500	0.639209	0.002166	2021-08-19 19:08:27	12.440	0.000	0.322	5.064	3.387	3.554	0.095	0.017	0.000	90.000	30.538	
10.6260	C1310R40	500	1.376642	0.006838	2021-08-19 19:08:36	9.191	0.000	0.314	1.968	3.214	3.574	0.094	0.027	0.000	100.000	100.000	
9.5200	CO209P16	500	0.876886	0.005082	2021-08-19 19:08:49	13.010	0.000	0.318	3.652	5.360	3.569	0.094	0.018	0.000	90.000	59.689	
9.3690	O1809P22	500	0.839346	0.001334	2021-08-19 19:09:03	13.132	0.000	0.327	5.547	3.636	3.520	0.071	0.031	0.000	88.750	16.612	
9.5040	CO209P14	500	0.827043	0.001541	2021-08-19 19:09:16	12.779	0.000	0.320	3.659	5.147	3.545	0.091	0.017	0.000	90.000	79.777	
9.3550	O1809P20	500	0.915653	0.002211	2021-08-19 19:09:30	13.519	0.000	0.320	6.348	3.168	3.575	0.096	0.012	0.000	90.000	14.289	
9.4880	CO209P12	500	0.894487	0.005140	2021-08-19 19:09:43	12.623	0.000	0.323	3.561	5.076	3.550	0.094	0.018	0.000	90.000	47.400	
9.3410	O1809P18	500	0.898065	0.002704	2021-08-19 19:10:02	18.898	0.000	0.324	11.184	3.664	3.604	0.097	0.024	0.000	90.000	11.493	
9.4730	CO209P10	500	0.760699	0.005293	2021-08-19 19:10:15	12.854	0.000	0.352	3.485	5.349	3.552	0.095	0.021	0.000	90.000	72.623	
9.3280	O1809P16	500	0.879897	0.002636	2021-08-19 19:10:31	15.092	0.000	0.315	7.463	3.623	3.575	0.095	0.021	0.000	90.000	12.344	
10.1520	C1309P36	-1	-1000000.000000	-1.000000	2021-08-19 19:10:36	0.000	0.000	0.000	0.000	0.000	0.000	0.000	0.000	0.000	-1.000	-1.000	
9.4580	CO209P08	500	0.836164	0.005361	2021-08-19 19:10:45	13.706	0.000	0.314	4.263	5.435	3.580	0.098	0.016	0.000	90.000	71.219	
9.3150	O1809P14	500	0.870196	0.004365	2021-08-19 19:11:00	15.110	0.000	0.313	7.686	3.418	3.579	0.098	0.015	0.000	89.688	13.017	
9.3540	CO209R06	500	0.917635	0.000837	2021-08-19 19:11:13	12.872	0.000	0.316	3.378	5.473	3.590	0.099	0.015	0.000	90.000	30.269	
9.3020	O1809P12	500	0.834834	0.001003	2021-08-19 19:11:27	12.391	0.000	0.325	4.968	3.372	3.606	0.099	0.021	0.000	90.000	14.260	
9.3420	CO209R08	500	0.899918	0.001888	2021-08-19 19:11:39	12.486	0.000	0.316	3.564	4.910	3.582	0.100	0.014	0.000	90.000	31.943	
9.2890	O1809P10	500	0.890335	0.003086	2021-08-19 19:11:56	16.131	0.000	0.341	8.560	3.499	3.611	0.100	0.020	0.000	90.000	11.974	
9.3290	CO209R10	500	0.896218	0.000811	2021-08-19 19:12:10	13.274	0.000	0.327	3.778	5.477	3.577	0.096	0.019	0.000	90.000	22.270	
9.2760	O1809P08	500	0.887178	0.002880	2021-08-19 19:12:24	13.999	0.000	0.327	6.862	3.137	3.559	0.095	0.020	0.000	90.000	12.445	
10.1310	C1309P34	-1	-1000000.000000	-1.000000	2021-08-19 19:12:33	0.000	0.000	0.000	0.000	0.000	0.000	0.000	0.000	0.000	-1.000	-1.000	
9.3170	CO209R12	500	0.702647	0.006451	2021-08-19 19:12:39	14.101	0.000	0.332	4.965	5.011	3.623	0.144	0.027	0.000	77.344	34.324	
9.2640	O1809P06	500	0.897436	0.001504	2021-08-19 19:12:53	13.772	0.000	0.309	6.370	3.358	3.614	0.108	0.013	0.000	90.000	14.039	
10.1100	C1309P32	500	2.147653	0.004493	2021-08-19 19:13:03	9.602	0.000	0.318	2.163	3.407	3.585	0.112	0.018	0.000	100.000	100.000	
9.3050	CO209R14	500	0.706517	0.005186	2021-08-19 19:13:17	14.245	0.000	0.319	5.065	5.137	3.608	0.101	0.014	0.000	67.500	38.832	
10.0900	C1309P30	500	1.972386	0.003547	2021-08-19 19:13:28	10.710	0.000	0.327	1.963	4.746	3.560	0.100	0.014	0.000	100.000	100.000	
9.1990	O1809R04	500	0.961011	0.003265	2021-08-19 19:13:42	14.487	0.000	0.328	6.648	3.800	3.604	0.100	0.007	0.000	89.687	21.886	
10.0700	C1309P28	500	2.074067	0.000987	2021-08-19 19:13:51	9.260	0.000	0.328	2.192	3.073	3.552	0.101	0.013	0.000	100.000	100.000	
9.2940	CO209R16	500	0.803994	0.005269	2021-08-19 19:14:06	14.090	0.000	0.337	4.946	5.140	3.562	0.095	0.010	0.000	90.000	18.645	
10.0500	C1309P26	500	2.092944	0.002777	2021-08-19 19:14:16	10.527	0.000	0.318	2.148	4.398	3.547	0.096	0.019	0.000	100.000	100.000	
9.1870	O1809R06	500	0.943396	0.001349	2021-08-19 19:14:29	12.201	0.000	0.317	4.668	3.550	3.560	0.093	0.013	0.000	60.636	0.100	
10.0310	C1309P24	500	2.022489	0.002340	2021-08-19 19:14:38	9.459	0.000	0.321	2.368	3.109	3.545	0.097	0.019	0.000	100.000	100.000	
9.2820	CO209R18	500	0.879492	0.002934	2021-08-19 19:14:52	13.246	0.000	0.329	3.967	5.285	3.564	0.097	0.004	0.000	90.000	16.010	
10.0120	C1309P22	500	1.106443	0.006012	2021-08-19 19:15:03	10.880	0.000	0.318	2.149	4.750	3.549	0.098	0.016	0.000	100.000	100.000	
9.1760	O1809R08	500	0.932759	0.001448	2021-08-19 19:15:14	10.979	0.000	0.326	3.550	3.432	3.561	0.092	0.018	0.000	87.433	0.100	
9.2710	CO209R20	500	0.890585	0.001309	2021-08-19 19:15:26	11.876	0.000	0.318	2.355	5.537	3.556	0.091	0.018	0.000	90.000	0.481	
9.9940	C1309P20	500	1.676523	0.005750	2021-08-19 19:15:37	11.388	0.000	0.317	2.368	5.000	3.585	0.096	0.022	0.000	100.000	100.000	
9.1660	O1809R10	500	0.586667	0.004762	2021-08-19 19:15:51	14.124	0.000	0.321	6.781	3.306	3.601	0.104	0.012	0.000	81.559	0.100	
9.9750	C1309P18	500	1.626755	0.005596	2021-08-19 19:16:03	11.353	0.000	0.333	2.350	4.940	3.613	0.102	0.015	0.000	100.000	100.000	
9.1550	O1809R12	500	0.972453	0.001272	2021-08-19 19:16:15	11.560	0.000	0.319	3.762	3.741	3.621	0.099	0.018	0.000	33.954	0.100	
9.2610	CO209R22	500	0.911662	0.004250	2021-08-19 19:16:31	16.123	0.000	0.309	6.964	5.161	3.575	0.095	0.019	0.000	90.000	12.081	
9.9570	C1309P16	500	1.583597	0.004284	2021-08-19 19:16:41	10.481	0.000	0.318	2.248	4.252	3.550	0.096	0.018	0.000	100.000	100.000	
9.1450	O1809R14	500	0.979807	0.001686	2021-08-19 19:16:55	13.225	0.000	0.330	5.347	3.808	3.622	0.094	0.022	0.000	38.678	0.100	
9.9400	C1309P14	500	1.556088	0.006181	2021-08-19 19:17:06	11.536	0.000	0.332	2.369	5.109	3.610	0.103	0.014	0.000	100.000	100.000	
9.1340	O1809R16	500	0.962294	0.002259	2021-08-19 19:17:19	12.346	0.000	0.326	4.891	3.431	3.583	0.102	0.013	0.000	27.965	0.100	
9.9230	C1309P12	500	1.532801	0.005730	2021-08-19 19:17:29	9.891	0.000	0.321	2.354	3.538	3.561	0.097	0.021	0.000	100.000	100.000	
9.2500	CO209R24	500	0.902724	0.007090	2021-08-19 19:17:41	12.284	0.000	0.322	3.070	5.152	3.621	0.101	0.017	0.000	90.000	0.442	
9.9060	C1309P10	500	1.586913	0.004225	2021-08-19 19:17:53	11.843	0.000	0.315	2.368	5.486	3.559	0.096	0.019	0.000	100.000	100.000	
9.1250	O1809R18	500	0.955487	0.003006	2021-08-19 19:18:07	13.090	0.000	0.342	5.366	3.709	3.561	0.098	0.013	0.000	34.605	0.100	
9.2400	CO209R26	500	0.943339	0.002957	2021-08-19 19:18:19	12.730	0.000	0.321	3.244	5.524	3.525	0.098	0.018	0.000	65.102	0.100	
9.1150	O1809R20	500	0.954996	0.000790	2021-08-19 19:18:33	11.827	0.000	0.314	4.262	3.593	3.541	0.096	0.020	0.000	33.837	0.100	
9.2300	CO209R28	500	0.935312	0.008098	2021-08-19 19:18:48	14.845	0.000	0.313	5.463	5.365	3.587	0.098	0.018	0.000	78.387	0.100	
9.1050	O1809R22	500	0.928532	0.001964	2021-08-19 19:19:00	11.919	0.000	0.325	4.148	3.719	3.616	0.109	0.003	0.000	32.112	0.100	
9.2190	CO209R30	500	0.686949	0.002994	2021-08-19 19:19:16	15.217	0.000	0.320	5.946	5.288	3.550	0.097	0.016	0.000	73.616	21.671	
9.0950	O1809R24	500	0.925994	0.002619	2021-08-19 19:19:28	11.909	0.000	0.318	4.366	3.550	3.559	0.096	0.020	0.000	28.262	0.100	
9.7620	C1309R08	-1	-1000000.000000	-1.000000	2021-08-19 19:19:50	0.000	0.000	0.000	0.000	0.000	0.000	0.000	0.000	0.000	-1.000	-1.000	
9.2100	CO209R32	500	0.951191	0.001385	2021-08-19 19:19:58	27.818	0.000	0.313	18.364	5.472	3.555	0.099	0.016	0.000	90.000	6.734	
9.0860	O1809R26	500	0.872706	0.001778	2021-08-19 19:20:09	11.351	0.000	0.328	3.763	3.555	3.589	0.097	0.020	0.000	23.181	0.100	
9.2010	CO209R34	500	0.945960	0.001093	2021-08-19 19:20:27	14.191	0.000	0.335	4.945	5.224	3.576	0.095	0.016	0.000	90.000	0.204	
9.7490	C1309R10	500	1.418358	0.003600	2021-08-19 19:20:38	11.617	0.000	0.314	2.346	5.269	3.564	0.098	0.026	0.000	100.000	100.000	
9.0770	O1809R28	500	0.872521	0.004172	2021-08-19 19:20:50	11.521	0.000	0.321	3.848	3.674	3.567	0.099	0.012	0.000	27.203	0.100	
9.7360	C1309R12	500	1.147924	0.004123	2021-08-19 19:21:01	10.883	0.000	0.315	2.364	4.551	3.542	0.098	0.013	0.000	100.000	100.000	
9.0680	O1809R30	500	0.841989	0.001155	2021-08-19 19:21:15	12.534	0.000	0.315	4.880	3.646	3.579	0.096	0.019	0.000	22.152	0.100	
9.7230	C1309R14	500	1.166244	0.005647	2021-08-19 19:21:25	10.264	0.000	0.327	2.364	3.897	3.565	0.094	0.017	0.000	100.000	100.000	
9.0590	O1809R32	500	0.832789	0.001981	2021-08-19 19:21:38	11.523	0.000	0.316	3.861	3.615	3.612	0.095	0.025	0.000	22.087	0.100	
9.7100	C1309R16	500	1.174691	0.009148	2021-08-19 19:21:49	10.758	0.000	0.326	2.253	4.464	3.602	0.097	0.017	0.000	100.000	100.000	
9.0510	O1809R34	500	0.774570	0.003412	2021-08-19 19:22:03	12.154	0.000	0.318	4.262	3.873	3.581	0.099	0.021	0.000	27.040	0.100	
9.6980	C1309R18	500	1.247852	0.004335	2021-08-19 19:22:14	10.647	0.000	0.320	2.353	4.305	3.553	0.097	0.018	0.000	100.000	100.000	
9.0420	O1809R36	500	0.738923	0.002834	2021-08-19 19:22:28	13.562	0.000	0.320	5.866	3.687	3.575	0.095	0.019	0.000	27.257	0.100	
9.6860	C1309R20	500	0.997299	0.013127	2021-08-19 19:22:39	10.649	0.000	0.318	2.346	4.273	3.595	0.096	0.021	0.000	100.000	100.000	
9.0340	O1809R38	500	0.465291	0.002219	2021-08-19 19:22:53	12.707	0.000	0.318	5.247	3.431	3.599	0.099	0.013	0.000	61.939	0.100	
9.6750	C1309R22	500	0.817489	0.009879	2021-08-19 19:23:04	11.129	0.000	0.329	2.369	4.765	3.554	0.097	0.016	0.000	100.000	100.000	
9.0260	O1809R40	500	0.743852	0.002039	2021-08-19 19:23:18	12.776	0.000	0.329	5.367	3.356	3.604	0.097	0.022	0.000	52.717	0.100	
9.6630	C1309R24	500	1.233724	0.004036	2021-08-19 19:23:29	10.797	0.000	0.313	2.263	4.532	3.577	0.098	0.014	0.000	100.000	100.000	
9.6520	C1309R26	500	1.185947	0.004019	2021-08-19 19:23:53	10.569	0.000	0.315	2.361	4.220	3.558	0.096	0.018	0.000	100.000	100.000	
9.0180	O1809R42	-1	-1000000.000000	-1.000000	2021-08-19 19:25:49	0.000	0.000	0.000	0.000	0.000	0.000	0.000	0.000	0.000	-1.000	-1.000	
10.6640	O1810P36	500	1.863213	0.003331	2021-08-19 19:26:18	8.295	0.000	0.321	1.393	2.910	3.569	0.095	0.008	0.000	100.000	100.000	
9.6420	C1309R28	500	1.134034	0.010948	2021-08-19 19:26:28	10.299	0.000	0.320	2.384	3.912	3.569	0.093	0.022	0.000	100.000	100.000	
10.1310	O1810R34	500	2.306638	0.004252	2021-08-19 19:26:42	9.594	0.000	0.334	1.969	3.593	3.587	0.093	0.017	0.000	100.000	100.000	
9.6310	C1309R30	-1	-1000000.000000	-1.000000	2021-08-19 19:28:29	0.000	0.000	0.000	0.000	0.000	0.000	0.000	0.000	0.000	-1.000	-1.000	
10.1220	O1810R36	-1	-1000000.000000	-1.000000	2021-08-19 19:29:27	0.000	0.000	0.000	0.000	0.000	0.000	0.000	0.000	0.000	-1.000	-1.000	
9.6210	C1309R32	-1	-1000000.000000	-1.000000	2021-08-19 19:30:30	0.000	0.000	0.000	0.000	0.000	0.000	0.000	0.000	0.000	-1.000	-1.000	
9.5520	O1809P46	-1	-1000000.000000	-1.000000	2021-08-19 19:32:16	0.000	0.000	0.000	0.000	0.000	0.000	0.000	0.000	0.000	-1.000	-1.000	
9.6110	C1309R34	-1	-1000000.000000	-1.000000	2021-08-19 19:32:29	0.000	0.000	0.000	0.000	0.000	0.000	0.000	0.000	0.000	-1.000	-1.000	
10.8840	C1310R06	503	1.381735	0.002072	2021-08-19 19:33:43	54.745	0.000	0.340	9.327	24.116	20.787	0.149	0.026	0.000	100.000	100.000	
9.0180	O1809R42	-1	-1000000.000000	-1.000000	2021-08-19 19:35:02	0.000	0.000	0.000	0.000	0.000	0.000	0.000	0.000	0.000	-1.000	-1.000	
10.1520	C1309P36	-1	-1000000.000000	-1.000000	2021-08-19 19:35:39	0.000	0.000	0.000	0.000	0.000	0.000	0.000	0.000	0.000	-1.000	-1.000	
10.1310	C1309P34	-1	-1000000.000000	-1.000000	2021-08-19 19:37:12	0.000	0.000	0.000	0.000	0.000	0.000	0.000	0.000	0.000	-1.000	-1.000	
9.7620	C1309R08	-1	-1000000.000000	-1.000000	2021-08-19 19:38:45	0.000	0.000	0.000	0.000	0.000	0.000	0.000	0.000	0.000	-1.000	-1.000	
9.6310	C1309R30	-1	-1000000.000000	-1.000000	2021-08-19 19:40:18	0.000	0.000	0.000	0.000	0.000	0.000	0.000	0.000	0.000	-1.000	-1.000	
9.6210	C1309R32	0	NaN	NaN	2021-08-19 19:41:57	6.791	0.000	0.328	6.459	0.000	0.000	0.003	0.000	0.000	100.000	100.000	
9.6110	C1309R34	-1	-1000000.000000	-1.000000	2021-08-19 19:43:29	0.000	0.000	0.000	0.000	0.000	0.000	0.000	0.000	0.000	-1.000	-1.000	
