Wavelength	Line name	# of completed ringdowns	Ringdowntimes (us)	STOT	TimeStamp	Get ringdown time (s)	Step time (s)	Step time (s)	Step time(s)	Step time(s) 	Step time(s) 	Step time(s)	Step time(s)	Step time(s) 	AOM setting	Attenuator setting
10.8110	CO210P40	500	1.659982	0.001996	2021-08-26 16:53:26	10.804	0.000	0.311	1.470	5.273	3.588	0.160	0.003	0.000	100.000	100.000	
10.7870	CO210P38	500	1.932492	0.001539	2021-08-26 16:53:55	10.995	0.000	0.332	2.370	4.623	3.559	0.111	0.000	0.000	100.000	100.000	
10.7640	CO210P36	500	1.866683	0.002201	2021-08-26 16:54:25	11.789	0.000	0.338	2.365	5.416	3.558	0.111	0.000	0.000	100.000	100.000	
10.7410	CO210P34	500	1.961825	0.001282	2021-08-26 16:54:57	13.403	0.000	0.314	4.245	5.122	3.598	0.122	0.000	0.000	90.000	90.326	
11.2390	C1310P28	-1	1.329314	0.009811	2021-08-26 16:55:03	0.000	0.000	0.000	0.000	0.000	0.000	0.000	0.000	0.000	-1.000	-1.000	
10.7190	CO210P32	500	1.977227	0.001862	2021-08-26 16:55:26	11.154	0.000	0.317	2.162	4.958	3.599	0.118	0.000	0.000	100.000	100.000	
10.6640	O1810P36	-1	2.071418	0.001532	2021-08-26 16:55:39	0.000	0.000	0.000	0.000	0.000	0.000	0.000	0.000	0.000	-1.000	-1.000	
10.6960	CO210P30	500	2.082704	0.000537	2021-08-26 16:55:55	10.918	0.000	0.326	2.376	4.548	3.554	0.113	0.000	0.000	100.000	100.000	
10.6750	CO210P28	500	2.132806	0.003061	2021-08-26 16:56:24	11.818	0.000	0.326	3.063	4.796	3.543	0.086	0.004	0.000	100.000	100.000	
10.6530	CO210P26	500	2.147303	0.001437	2021-08-26 16:56:55	11.999	0.000	0.316	2.268	5.693	3.601	0.121	0.000	0.000	100.000	100.000	
11.2160	C1310P26	-1	1.301816	0.001078	2021-08-26 16:57:26	0.000	0.000	0.000	0.000	0.000	0.000	0.000	0.000	0.000	-1.000	-1.000	
10.6320	CO210P24	500	2.149904	0.004508	2021-08-26 16:57:25	11.334	0.000	0.338	2.381	4.940	3.566	0.109	0.000	0.000	100.000	100.000	
11.1940	C1310P24	500	1.450674	0.001089	2021-08-26 16:57:53	12.094	0.000	0.312	2.854	5.265	3.557	0.085	0.020	0.000	90.000	58.908	
10.6110	CO210P22	500	2.225318	0.003736	2021-08-26 16:58:04	10.744	0.000	0.329	1.794	4.935	3.591	0.094	0.001	0.000	100.000	100.000	
11.1710	C1310P22	500	1.461446	0.004768	2021-08-26 16:58:18	11.198	0.000	0.323	3.474	3.627	3.652	0.121	0.000	0.000	90.000	54.855	
10.5910	CO210P20	500	2.261566	0.002205	2021-08-26 16:58:29	10.855	0.000	0.315	1.864	4.966	3.588	0.121	0.000	0.000	100.000	100.000	
10.6430	O1810P34	-1	2.155711	0.000563	2021-08-26 16:58:33	0.000	0.000	0.000	0.000	0.000	0.000	0.000	0.000	0.000	-1.000	-1.000	
11.1490	C1310P20	500	1.454960	0.002464	2021-08-26 16:58:44	10.490	0.000	0.312	3.064	3.402	3.602	0.110	0.000	0.000	90.000	69.065	
10.5710	CO210P18	500	2.247005	0.005453	2021-08-26 16:58:55	11.037	0.000	0.325	1.772	5.253	3.574	0.113	0.000	0.000	100.000	100.000	
11.1280	C1310P18	500	1.493266	0.000341	2021-08-26 16:59:09	11.501	0.000	0.315	2.746	4.694	3.623	0.122	0.000	0.000	99.900	100.000	
10.5510	CO210P16	500	2.119902	0.002333	2021-08-26 16:59:20	10.646	0.000	0.322	1.365	5.248	3.592	0.119	0.000	0.000	100.000	100.000	
11.1070	C1310P16	500	1.493375	0.001199	2021-08-26 16:59:34	12.172	0.000	0.338	2.688	5.469	3.566	0.111	0.000	0.000	100.000	100.000	
10.5320	CO210P14	500	2.125027	0.004649	2021-08-26 16:59:45	11.019	0.000	0.326	2.153	4.805	3.609	0.126	0.000	0.000	100.000	100.000	
10.6220	O1810P32	500	2.217543	0.001148	2021-08-26 16:59:55	9.173	0.000	0.339	2.071	3.073	3.567	0.122	0.000	0.000	100.000	100.000	
11.0860	C1310P14	500	1.513039	0.000893	2021-08-26 17:00:04	9.149	0.000	0.326	2.287	2.773	3.639	0.122	0.002	0.000	90.000	92.479	
10.5130	CO210P12	500	2.267383	0.001315	2021-08-26 17:00:16	11.910	0.000	0.316	2.349	5.459	3.671	0.114	0.000	0.000	100.000	100.000	
10.6020	O1810P30	500	2.245950	0.001213	2021-08-26 17:00:26	10.348	0.000	0.322	2.756	3.547	3.599	0.122	0.000	0.000	100.000	100.000	
11.0650	C1310P12	500	1.536487	0.000853	2021-08-26 17:00:37	10.163	0.000	0.326	2.048	4.058	3.609	0.121	0.000	0.000	100.000	100.000	
10.4940	CO210P10	500	2.299294	0.003763	2021-08-26 17:00:47	9.914	0.000	0.318	1.348	4.530	3.598	0.120	0.000	0.000	100.000	100.000	
10.5820	O1810P28	500	2.213426	0.001108	2021-08-26 17:00:57	10.192	0.000	0.314	2.200	3.906	3.647	0.125	0.000	0.000	100.000	100.000	
11.0450	C1310P10	500	1.534492	0.002412	2021-08-26 17:01:08	10.946	0.000	0.321	2.070	4.831	3.603	0.120	0.000	0.000	100.000	100.000	
10.4760	CO210P08	500	2.411395	0.007427	2021-08-26 17:01:19	10.390	0.000	0.311	1.971	4.388	3.597	0.122	0.000	0.000	100.000	100.000	
10.5630	O1810P26	500	2.264765	0.000603	2021-08-26 17:01:30	11.596	0.000	0.321	3.846	3.722	3.586	0.120	0.000	0.000	90.000	92.839	
11.0250	C1310P08	500	1.591564	0.001245	2021-08-26 17:01:40	9.832	0.000	0.313	2.398	3.427	3.582	0.113	0.000	0.000	100.000	100.000	
10.4580	CO210P06	500	2.423527	0.002505	2021-08-26 17:01:51	10.519	0.000	0.312	1.973	4.560	3.565	0.109	0.000	0.000	100.000	100.000	
10.5430	O1810P24	500	2.040805	0.001428	2021-08-26 17:02:02	11.017	0.000	0.322	3.058	3.918	3.598	0.121	0.000	0.000	90.000	98.336	
11.0050	C1310P06	500	1.513253	0.003867	2021-08-26 17:02:13	10.435	0.000	0.327	1.771	4.624	3.593	0.119	0.000	0.000	100.000	100.000	
10.3650	CO210R04	500	2.492458	0.000729	2021-08-26 17:02:27	13.703	0.000	0.342	4.968	4.690	3.576	0.126	0.000	0.000	100.000	100.000	
10.5250	O1810P22	500	2.054627	0.000525	2021-08-26 17:02:38	11.380	0.000	0.322	5.054	2.270	3.620	0.113	0.000	0.000	90.280	91.959	
10.8840	C1310R06	500	1.780861	0.001109	2021-08-26 17:02:51	12.782	0.000	0.325	5.348	3.378	3.609	0.121	0.000	0.000	98.246	100.000	
10.5060	O1810P20	500	2.251356	0.001024	2021-08-26 17:03:02	10.897	0.000	0.319	4.152	2.763	3.551	0.111	0.000	0.000	90.000	90.632	
10.3490	CO210R06	500	2.401931	0.000691	2021-08-26 17:03:13	10.484	0.000	0.328	1.749	4.733	3.558	0.116	0.001	0.000	100.000	100.000	
10.8670	C1310R08	500	1.824069	0.000327	2021-08-26 17:03:24	11.433	0.000	0.322	3.869	3.525	3.597	0.119	0.000	0.000	88.025	67.321	
10.4880	O1810P18	500	2.170286	0.000744	2021-08-26 17:03:35	11.162	0.000	0.326	3.781	3.334	3.601	0.120	0.000	0.000	90.000	85.447	
10.3340	CO210R08	500	2.441499	0.000420	2021-08-26 17:03:48	12.183	0.000	0.321	3.080	5.121	3.548	0.113	0.000	0.000	90.000	58.579	
10.4710	O1810P16	500	2.345439	0.001070	2021-08-26 17:03:59	11.392	0.000	0.331	3.484	3.843	3.611	0.122	0.000	0.000	90.000	91.298	
10.8500	C1310R10	500	1.829182	0.001012	2021-08-26 17:04:11	12.238	0.000	0.316	4.805	3.400	3.596	0.121	0.000	0.000	88.683	64.058	
10.4530	O1810P14	500	2.427004	0.001432	2021-08-26 17:04:22	10.284	0.000	0.319	3.667	2.610	3.576	0.112	0.000	0.000	90.000	98.673	
10.3180	CO210R10	500	2.626400	0.000543	2021-08-26 17:04:34	11.646	0.000	0.317	3.463	4.152	3.588	0.126	0.000	0.000	85.000	53.677	
10.8330	C1310R12	500	1.882543	0.001255	2021-08-26 17:04:46	11.992	0.000	0.318	5.063	2.889	3.602	0.119	0.000	0.000	90.000	74.454	
10.4360	O1810P12	500	2.469719	0.000492	2021-08-26 17:04:55	9.667	0.000	0.311	2.680	3.002	3.567	0.107	0.000	0.000	100.000	100.000	
10.3030	CO210R12	500	2.499803	0.000381	2021-08-26 17:05:08	12.944	0.000	0.323	3.955	4.995	3.561	0.109	0.000	0.000	81.111	60.793	
10.4200	O1810P10	500	2.487802	0.002306	2021-08-26 17:05:18	9.934	0.000	0.334	2.649	3.281	3.565	0.105	0.000	0.000	90.000	99.384	
10.4040	O1810P08	-1	-1000000.000000	-1.000000	2021-08-26 17:05:30	0.000	0.000	0.000	0.000	0.000	0.000	0.000	0.000	0.000	-1.000	-1.000	
10.8160	C1310R14	500	1.927474	0.003134	2021-08-26 17:05:30	11.317	0.000	0.319	3.154	4.172	3.560	0.111	0.000	0.000	88.750	75.543	
10.2890	CO210R14	500	2.609097	0.000270	2021-08-26 17:05:43	12.707	0.000	0.320	3.167	5.535	3.572	0.113	0.000	0.000	67.500	53.754	
10.8000	C1310R16	500	1.933471	0.000612	2021-08-26 17:05:54	11.123	0.000	0.313	3.164	3.935	3.594	0.117	0.000	0.000	88.610	88.993	
10.2740	CO210R16	500	2.679260	0.000324	2021-08-26 17:06:10	12.715	0.000	0.343	3.562	5.083	3.607	0.119	0.000	0.000	73.125	59.479	
10.2780	O1810R08	0	NaN	NaN	2021-08-26 17:06:12	0.410	0.000	0.324	0.084	0.000	0.000	0.002	0.000	0.000	0.100	0.100	
10.7840	C1310R18	500	1.823578	0.006116	2021-08-26 17:06:22	11.493	0.000	0.319	3.365	4.093	3.556	0.160	0.000	0.000	90.000	85.558	
10.2600	CO210R18	500	2.805197	0.000453	2021-08-26 17:06:37	12.316	0.000	0.315	2.771	5.558	3.567	0.105	0.000	0.000	85.000	45.296	
10.7680	C1310R20	500	1.905134	0.000664	2021-08-26 17:06:50	12.946	0.000	0.326	3.779	5.118	3.571	0.142	0.010	0.000	89.375	87.445	
10.2650	O1810R10	500	2.771820	0.001432	2021-08-26 17:06:59	9.419	0.000	0.311	2.302	3.094	3.590	0.121	0.000	0.000	100.000	100.000	
10.2470	CO210R20	500	2.089149	0.001078	2021-08-26 17:07:13	13.381	0.000	0.319	3.864	5.527	3.552	0.119	0.000	0.000	87.500	73.985	
10.2520	O1810R12	500	2.671523	0.000594	2021-08-26 17:07:25	11.858	0.000	0.316	4.154	3.689	3.582	0.117	0.000	0.000	90.000	85.319	
10.7530	C1310R22	500	1.907038	0.001713	2021-08-26 17:07:36	10.892	0.000	0.311	2.051	4.841	3.579	0.108	0.000	0.000	100.000	100.000	
10.2330	CO210R22	500	2.714266	0.000405	2021-08-26 17:07:48	12.086	0.000	0.328	2.561	5.506	3.579	0.111	0.000	0.000	90.000	51.116	
10.2400	O1810R14	500	2.635055	0.000886	2021-08-26 17:07:59	10.548	0.000	0.311	3.747	2.772	3.597	0.120	0.000	0.000	90.000	90.529	
10.7380	C1310R24	500	1.911217	0.000815	2021-08-26 17:08:08	9.365	0.000	0.316	2.567	2.850	3.531	0.081	0.021	0.000	100.000	100.000	
10.2200	CO210R24	500	2.709377	0.000554	2021-08-26 17:08:19	11.154	0.000	0.327	2.578	4.579	3.572	0.079	0.019	0.000	80.000	66.057	
10.2280	O1810R16	500	2.630522	0.000431	2021-08-26 17:08:31	11.695	0.000	0.319	3.885	3.831	3.566	0.088	0.006	0.000	89.498	80.304	
10.2070	CO210R26	500	2.754228	0.000238	2021-08-26 17:08:44	12.319	0.000	0.338	2.962	5.359	3.555	0.104	0.000	0.000	85.000	58.270	
10.2160	O1810R18	500	2.784077	0.001000	2021-08-26 17:08:55	10.819	0.000	0.313	3.558	3.306	3.538	0.104	0.000	0.000	85.000	77.436	
10.7230	C1310R26	500	1.990696	0.002813	2021-08-26 17:09:06	11.533	0.000	0.322	2.946	4.570	3.579	0.116	0.000	0.000	93.228	100.000	
10.2040	O1810R20	500	2.783585	0.000288	2021-08-26 17:09:19	12.156	0.000	0.312	4.785	3.406	3.542	0.111	0.000	0.000	85.556	72.522	
10.1950	CO210R28	500	2.852084	0.001651	2021-08-26 17:09:32	13.031	0.000	0.332	3.860	5.121	3.599	0.117	0.000	0.000	66.000	56.342	
10.1930	O1810R22	500	2.898037	0.000805	2021-08-26 17:09:44	11.798	0.000	0.320	4.663	3.094	3.603	0.117	0.000	0.000	87.037	67.154	
10.7080	C1310R28	500	2.057625	0.001922	2021-08-26 17:09:54	10.047	0.000	0.315	1.747	4.329	3.550	0.106	0.000	0.000	100.000	100.000	
10.1820	CO210R30	500	2.823454	0.000723	2021-08-26 17:10:09	14.899	0.000	0.322	5.344	5.538	3.577	0.117	0.000	0.000	86.165	62.666	
10.1820	O1810R24	500	2.803408	0.000404	2021-08-26 17:10:21	11.363	0.000	0.314	3.649	3.705	3.574	0.121	0.000	0.000	87.500	76.110	
10.6940	C1310R30	500	2.063286	0.000657	2021-08-26 17:10:30	8.994	0.000	0.316	1.762	3.269	3.537	0.109	0.000	0.000	100.000	100.000	
10.1700	CO210R32	500	2.883249	0.000732	2021-08-26 17:10:43	13.165	0.000	0.313	3.679	5.474	3.581	0.118	0.000	0.000	89.701	71.830	
10.1710	O1810R26	500	2.908058	0.000402	2021-08-26 17:10:55	12.274	0.000	0.323	4.548	3.733	3.562	0.108	0.000	0.000	90.000	84.443	
10.6800	C1310R32	500	2.090477	0.001933	2021-08-26 17:11:05	9.425	0.000	0.312	2.166	3.296	3.543	0.107	0.000	0.000	100.000	100.000	
10.1590	CO210R34	500	2.754817	0.000227	2021-08-26 17:11:17	11.595	0.000	0.321	3.363	4.217	3.574	0.120	0.000	0.000	70.000	77.324	
10.1610	O1810R28	500	2.795733	0.001167	2021-08-26 17:11:30	12.854	0.000	0.313	5.563	3.290	3.572	0.114	0.000	0.000	88.244	67.073	
10.6660	C1310R34	500	2.091897	0.000448	2021-08-26 17:11:39	9.218	0.000	0.335	1.762	3.458	3.556	0.107	0.000	0.000	100.000	100.000	
10.1470	CO210R36	500	2.819733	0.000444	2021-08-26 17:11:53	13.511	0.000	0.323	4.061	5.439	3.584	0.103	0.000	0.000	89.375	66.787	
10.1500	O1810R30	500	2.743988	0.000457	2021-08-26 17:12:02	8.949	0.000	0.327	1.991	2.945	3.568	0.118	0.000	0.000	100.000	100.000	
10.6520	C1310R36	500	2.142312	0.002488	2021-08-26 17:12:11	9.042	0.000	0.320	1.363	3.705	3.549	0.105	0.000	0.000	100.000	100.000	
10.1360	CO210R38	500	2.651246	0.000412	2021-08-26 17:12:21	10.199	0.000	0.326	1.778	4.422	3.566	0.107	0.000	0.000	100.000	100.000	
10.1410	O1810R32	500	2.676168	0.000363	2021-08-26 17:12:31	9.881	0.000	0.313	2.366	3.487	3.598	0.116	0.000	0.000	100.000	100.000	
10.6390	C1310R38	500	2.149039	0.001401	2021-08-26 17:12:41	9.502	0.000	0.318	1.568	3.970	3.536	0.110	0.000	0.000	100.000	100.000	
10.1250	CO210R40	500	2.619052	0.000735	2021-08-26 17:12:54	12.414	0.000	0.315	3.583	4.846	3.561	0.110	0.000	0.000	100.000	100.000	
10.6260	C1310R40	500	2.092990	0.002137	2021-08-26 17:13:06	10.298	0.000	0.325	1.367	4.958	3.541	0.105	0.000	0.000	100.000	100.000	
9.7530	CO209P42	500	1.987967	0.001043	2021-08-26 17:13:22	13.582	0.000	0.316	4.194	5.366	3.588	0.119	0.000	0.000	100.000	100.000	
9.7330	CO209P40	500	1.638471	0.000647	2021-08-26 17:13:49	10.910	0.000	0.312	2.366	4.556	3.568	0.107	0.000	0.000	100.000	100.000	
9.7140	CO209P38	500	1.785910	0.001999	2021-08-26 17:14:19	12.245	0.000	0.314	2.665	5.617	3.541	0.108	0.000	0.000	100.000	100.000	
9.6950	CO209P36	500	1.686782	0.003204	2021-08-26 17:14:47	11.628	0.000	0.322	2.780	4.823	3.587	0.116	0.000	0.000	100.000	100.000	
9.6750	CO209P34	500	1.202766	0.003501	2021-08-26 17:15:15	11.812	0.000	0.321	2.772	5.001	3.601	0.118	0.000	0.000	100.000	100.000	
10.1520	C1309P36	-1	-1000000.000000	-1.000000	2021-08-26 17:15:33	0.000	0.000	0.000	0.000	0.000	0.000	0.000	0.000	0.000	-1.000	-1.000	
10.1310	O1810R34	-1	2.866102	0.001564	2021-08-26 17:15:34	0.000	0.000	0.000	0.000	0.000	0.000	0.000	0.000	0.000	-1.000	-1.000	
9.6570	CO209P32	500	1.701122	0.000958	2021-08-26 17:15:46	14.365	0.000	0.322	5.265	5.088	3.574	0.115	0.000	0.000	84.074	54.902	
9.6390	CO209P30	500	1.563789	0.001547	2021-08-26 17:16:16	13.512	0.000	0.314	3.944	5.580	3.566	0.108	0.000	0.000	87.500	53.915	
9.6210	CO209P28	500	1.548905	0.001085	2021-08-26 17:16:45	12.046	0.000	0.327	2.861	5.207	3.544	0.106	0.000	0.000	90.000	44.970	
9.6040	CO209P26	500	1.501215	0.000480	2021-08-26 17:17:14	12.561	0.000	0.320	3.844	4.724	3.564	0.109	0.000	0.000	90.000	40.337	
9.5880	CO209P24	500	1.480911	0.000381	2021-08-26 17:17:46	15.159	0.000	0.315	6.966	4.257	3.525	0.075	0.021	0.000	90.000	34.393	
10.1310	C1309P34	-1	-1000000.000000	-1.000000	2021-08-26 17:17:49	0.000	0.000	0.000	0.000	0.000	0.000	0.000	0.000	0.000	-1.000	-1.000	
9.5690	CO209P22	500	1.386194	0.000583	2021-08-26 17:18:16	12.771	0.000	0.323	3.583	5.196	3.554	0.114	0.000	0.000	90.000	39.999	
10.1100	C1309P32	500	2.928957	0.001326	2021-08-26 17:18:28	11.069	0.000	0.323	2.063	5.006	3.565	0.111	0.000	0.000	100.000	100.000	
10.1220	O1810R36	-1	-1000000.000000	-1.000000	2021-08-26 17:18:32	0.000	0.000	0.000	0.000	0.000	0.000	0.000	0.000	0.000	-1.000	-1.000	
9.5520	CO209P20	500	1.418538	0.001205	2021-08-26 17:18:43	15.188	0.000	0.336	6.983	4.224	3.536	0.108	0.000	0.000	89.687	29.216	
10.0900	C1309P30	500	2.894376	0.000744	2021-08-26 17:18:54	9.827	0.000	0.326	2.064	3.704	3.609	0.124	0.000	0.000	100.000	100.000	
9.5520	O1809P46	0	NaN	NaN	2021-08-26 17:18:56	0.433	0.000	0.346	0.085	0.000	0.000	0.002	0.000	0.000	0.100	0.100	
9.5360	CO209P18	500	1.276562	0.001414	2021-08-26 17:19:09	14.117	0.000	0.310	4.763	5.389	3.515	0.139	0.000	0.000	90.000	41.832	
9.5360	O1809P44	500	1.250159	0.002562	2021-08-26 17:19:22	12.787	0.000	0.323	5.563	3.193	3.581	0.126	0.000	0.000	85.556	73.060	
10.0700	C1309P28	500	2.824589	0.000832	2021-08-26 17:19:34	11.529	0.000	0.325	2.577	4.963	3.550	0.113	0.000	0.000	100.000	100.000	
9.5190	O1809P42	500	1.302581	0.001690	2021-08-26 17:19:47	13.506	0.000	0.330	5.648	3.858	3.563	0.106	0.000	0.000	81.111	62.355	
10.0500	C1309P26	500	2.750063	0.001727	2021-08-26 17:19:58	10.317	0.000	0.316	2.261	4.080	3.547	0.112	0.000	0.000	100.000	100.000	
9.5200	CO209P16	500	1.294456	0.000840	2021-08-26 17:20:11	13.296	0.000	0.315	4.162	5.122	3.578	0.119	0.000	0.000	90.000	29.787	
9.5030	O1809P40	500	1.222344	0.002919	2021-08-26 17:20:47	34.929	0.000	0.311	9.945	3.751	20.800	0.122	0.001	0.000	85.000	35.024	
10.0310	C1309P24	500	2.605868	0.000964	2021-08-26 17:20:57	10.808	0.000	0.312	2.846	3.950	3.580	0.120	0.000	0.000	90.000	94.421	
9.5040	CO209P14	500	1.208983	0.000939	2021-08-26 17:21:10	12.808	0.000	0.325	3.867	4.952	3.552	0.112	0.000	0.000	90.000	39.283	
9.4880	O1809P38	500	1.266988	0.001160	2021-08-26 17:21:44	33.436	0.000	0.309	8.231	3.989	20.788	0.118	0.000	0.000	90.000	28.972	
10.0120	C1309P22	500	2.368486	0.000268	2021-08-26 17:21:56	11.480	0.000	0.313	3.989	3.458	3.566	0.154	0.000	0.000	90.000	84.773	
9.4720	O1809P36	500	1.265575	0.000865	2021-08-26 17:22:08	12.054	0.000	0.330	4.280	3.770	3.556	0.117	0.000	0.000	90.000	25.333	
9.9940	C1309P20	500	2.363473	0.003049	2021-08-26 17:22:17	8.973	0.000	0.315	2.063	2.885	3.593	0.117	0.000	0.000	100.000	100.000	
9.4880	CO209P12	500	1.205781	0.002089	2021-08-26 17:22:31	14.324	0.000	0.314	4.953	5.345	3.585	0.127	0.000	0.000	90.000	29.291	
9.4570	O1809P34	500	1.170116	0.004470	2021-08-26 17:22:44	12.848	0.000	0.328	5.362	3.509	3.540	0.109	0.000	0.000	89.375	22.299	
9.9750	C1309P18	500	2.261165	0.003299	2021-08-26 17:22:55	10.420	0.000	0.315	2.446	3.983	3.568	0.108	0.000	0.000	100.000	100.000	
9.4730	CO209P10	500	1.221176	0.001039	2021-08-26 17:23:10	15.322	0.000	0.342	6.247	5.063	3.560	0.110	0.000	0.000	89.688	28.647	
9.4410	O1809P32	500	1.236130	0.002079	2021-08-26 17:23:25	14.178	0.000	0.316	6.661	3.474	3.600	0.127	0.000	0.000	89.688	16.489	
9.9570	C1309P16	500	2.275046	0.001273	2021-08-26 17:23:36	10.877	0.000	0.313	2.167	4.676	3.599	0.122	0.000	0.000	100.000	100.000	
9.4580	CO209P08	500	1.194564	0.001156	2021-08-26 17:23:49	13.147	0.000	0.323	3.783	5.350	3.572	0.119	0.000	0.000	85.000	38.348	
9.4270	O1809P30	500	1.264247	0.001592	2021-08-26 17:24:01	12.291	0.000	0.313	4.587	3.690	3.581	0.120	0.000	0.000	90.000	18.741	
9.9400	C1309P14	500	2.187075	0.001711	2021-08-26 17:24:12	11.053	0.000	0.321	2.162	4.924	3.537	0.108	0.000	0.000	100.000	100.000	
9.3540	CO209R06	500	1.213683	0.001510	2021-08-26 17:24:27	14.340	0.000	0.319	5.067	5.294	3.549	0.111	0.000	0.000	90.000	20.844	
9.4120	O1809P28	500	1.199398	0.002086	2021-08-26 17:24:40	13.287	0.000	0.319	5.575	3.698	3.578	0.116	0.000	0.000	90.000	12.734	
9.9230	C1309P12	500	2.129865	0.002703	2021-08-26 17:24:52	10.809	0.000	0.312	2.268	4.544	3.562	0.122	0.000	0.000	100.000	100.000	
9.3970	O1809P26	500	1.194092	0.001608	2021-08-26 17:25:06	14.697	0.000	0.322	7.162	3.558	3.545	0.110	0.000	0.000	90.000	13.902	
9.9060	C1309P10	500	2.281400	0.002142	2021-08-26 17:25:18	11.567	0.000	0.326	2.285	5.282	3.558	0.116	0.000	0.000	100.000	100.000	
9.3420	CO209R08	500	1.182573	0.002264	2021-08-26 17:25:32	13.795	0.000	0.332	4.764	5.068	3.523	0.107	0.000	0.000	90.000	21.483	
9.3830	O1809P24	500	1.058631	0.000758	2021-08-26 17:25:51	18.457	0.000	0.322	11.096	3.366	3.555	0.118	0.000	0.000	90.000	11.535	
9.3290	CO209R10	500	1.149997	0.000376	2021-08-26 17:26:04	13.155	0.000	0.311	4.663	4.505	3.558	0.118	0.000	0.000	90.000	15.667	
9.3170	CO209R12	-1	-1000000.000000	-1.000000	2021-08-26 17:26:18	0.000	0.000	0.000	0.000	0.000	0.000	0.000	0.000	0.000	-1.000	-1.000	
9.3690	O1809P22	500	1.146862	0.000485	2021-08-26 17:26:26	21.333	0.000	0.321	13.664	3.714	3.527	0.106	0.000	0.000	90.000	11.425	
9.3050	CO209R14	500	0.989657	0.002558	2021-08-26 17:26:42	13.200	0.000	0.318	3.992	5.192	3.578	0.119	0.000	0.000	90.000	15.842	
9.3550	O1809P20	500	1.202819	0.001300	2021-08-26 17:26:53	11.042	0.000	0.313	3.363	3.695	3.560	0.111	0.000	0.000	69.242	0.100	
9.2940	CO209R16	500	1.052356	0.002066	2021-08-26 17:27:09	12.337	0.000	0.319	2.980	5.382	3.546	0.109	0.000	0.000	90.000	0.592	
9.7620	C1309R08	-1	-1000000.000000	-1.000000	2021-08-26 17:27:14	0.000	0.000	0.000	0.000	0.000	0.000	0.000	0.000	0.000	-1.000	-1.000	
9.3410	O1809P18	500	1.178883	0.000899	2021-08-26 17:27:20	10.646	0.000	0.320	3.400	3.245	3.574	0.106	0.000	0.000	69.183	0.100	
9.2820	CO209R18	500	1.077730	0.001984	2021-08-26 17:27:38	15.176	0.000	0.329	5.650	5.540	3.547	0.111	0.000	0.000	90.000	13.101	
9.7490	C1309R10	500	1.779382	0.000701	2021-08-26 17:27:50	11.444	0.000	0.326	2.248	5.108	3.640	0.122	0.000	0.000	100.000	100.000	
9.3280	O1809P16	500	1.098299	0.001287	2021-08-26 17:28:00	10.342	0.000	0.313	2.951	3.415	3.555	0.108	0.000	0.000	90.000	0.286	
9.2710	CO209R20	500	1.100954	0.000405	2021-08-26 17:28:12	11.659	0.000	0.322	3.249	4.394	3.576	0.118	0.000	0.000	67.246	0.100	
9.7360	C1309R12	500	1.556915	0.001668	2021-08-26 17:28:23	11.200	0.000	0.317	2.375	4.909	3.507	0.080	0.011	0.000	100.000	100.000	
9.3150	O1809P14	500	1.109792	0.003299	2021-08-26 17:28:38	15.010	0.000	0.315	7.165	3.908	3.524	0.098	0.000	0.000	81.198	0.100	
9.7230	C1309R14	500	1.739857	0.002762	2021-08-26 17:28:50	11.143	0.000	0.330	2.365	4.793	3.546	0.107	0.000	0.000	100.000	100.000	
9.3020	O1809P12	500	0.983903	0.000377	2021-08-26 17:29:05	15.620	0.000	0.325	8.168	3.421	3.588	0.117	0.000	0.000	90.000	12.027	
9.7100	C1309R16	500	1.721405	0.004740	2021-08-26 17:29:16	10.694	0.000	0.337	2.263	4.445	3.542	0.106	0.000	0.000	100.000	100.000	
9.2610	CO209R22	500	1.096865	0.002920	2021-08-26 17:29:38	21.681	0.000	0.326	12.296	5.369	3.574	0.116	0.000	0.000	85.327	0.100	
9.2890	O1809P10	500	1.113148	0.001913	2021-08-26 17:29:48	10.473	0.000	0.322	3.062	3.444	3.536	0.108	0.000	0.000	69.839	0.100	
9.6980	C1309R18	500	1.668277	0.001442	2021-08-26 17:30:00	11.578	0.000	0.319	2.366	5.245	3.540	0.109	0.000	0.000	100.000	100.000	
9.2760	O1809P08	500	1.098769	0.002185	2021-08-26 17:30:12	11.734	0.000	0.324	4.264	3.490	3.542	0.115	0.000	0.000	73.866	0.100	
9.2500	CO209R24	500	1.083024	0.006633	2021-08-26 17:30:24	11.871	0.000	0.314	3.180	4.742	3.526	0.109	0.000	0.000	65.205	0.100	
9.2640	O1809P06	500	1.040315	0.001087	2021-08-26 17:30:39	15.324	0.000	0.327	7.846	3.447	3.587	0.117	0.000	0.000	90.000	12.266	
9.6860	C1309R20	500	1.392397	0.007154	2021-08-26 17:30:50	10.879	0.000	0.317	2.266	4.585	3.595	0.115	0.000	0.000	100.000	100.000	
9.2400	CO209R26	500	1.084486	0.002637	2021-08-26 17:31:04	13.316	0.000	0.321	4.371	4.961	3.553	0.110	0.000	0.000	56.072	0.100	
9.1990	O1809R04	500	1.039946	0.002943	2021-08-26 17:31:17	12.749	0.000	0.332	4.970	3.736	3.594	0.116	0.000	0.000	89.375	21.152	
9.6750	C1309R22	500	1.180311	0.001659	2021-08-26 17:31:28	10.957	0.000	0.330	2.264	4.672	3.573	0.119	0.000	0.000	100.000	100.000	
9.2300	CO209R28	500	1.082345	0.006956	2021-08-26 17:31:41	13.564	0.000	0.320	4.162	5.433	3.542	0.106	0.000	0.000	65.584	0.100	
9.1870	O1809R06	500	1.050979	0.001542	2021-08-26 17:31:53	11.658	0.000	0.323	3.947	3.713	3.565	0.110	0.000	0.000	57.101	0.100	
9.6630	C1309R24	500	1.571511	0.001290	2021-08-26 17:32:05	11.849	0.000	0.314	2.347	5.528	3.551	0.109	0.000	0.000	100.000	100.000	
9.1760	O1809R08	500	1.021398	0.000529	2021-08-26 17:32:19	13.679	0.000	0.309	5.962	3.750	3.550	0.107	0.000	0.000	51.847	0.100	
9.6520	C1309R26	500	1.539558	0.001142	2021-08-26 17:32:30	11.018	0.000	0.342	2.375	4.594	3.589	0.118	0.000	0.000	100.000	100.000	
9.1660	O1809R10	500	0.981416	0.000903	2021-08-26 17:32:42	11.554	0.000	0.321	4.149	3.505	3.478	0.076	0.025	0.000	40.000	0.100	
9.6420	C1309R28	500	1.449512	0.003076	2021-08-26 17:32:53	10.581	0.000	0.313	2.248	4.357	3.558	0.104	0.000	0.000	100.000	100.000	
9.2190	CO209R30	500	0.969489	0.000880	2021-08-26 17:33:08	15.314	0.000	0.315	5.867	5.491	3.536	0.102	0.003	0.000	86.049	8.542	
9.1550	O1809R12	500	1.009959	0.001378	2021-08-26 17:33:18	9.913	0.000	0.323	2.562	3.370	3.551	0.106	0.000	0.000	35.745	0.100	
9.6310	C1309R30	0	NaN	NaN	2021-08-26 17:34:48	89.937	0.000	0.323	10.009	56.676	22.926	0.002	0.000	0.000	100.000	100.000	
9.1450	O1809R14	500	0.997347	0.001456	2021-08-26 17:35:01	12.666	0.000	0.325	5.179	3.526	3.500	0.137	0.000	0.000	38.231	0.100	
9.2100	CO209R32	500	1.046428	0.001797	2021-08-26 17:35:13	12.204	0.000	0.328	3.053	5.157	3.553	0.114	0.000	0.000	67.982	0.100	
9.1340	O1809R16	500	1.001242	0.001942	2021-08-26 17:35:27	11.129	0.000	0.321	3.567	3.622	3.518	0.101	0.000	0.000	26.951	0.100	
9.2010	CO209R34	500	1.037730	0.000616	2021-08-26 17:35:39	11.710	0.000	0.325	2.364	5.341	3.571	0.109	0.000	0.000	90.000	0.257	
9.1250	O1809R18	500	0.977922	0.003139	2021-08-26 17:35:51	11.187	0.000	0.315	3.947	3.257	3.557	0.110	0.000	0.000	31.356	0.100	
9.3170	CO209R12	-1	-1000000.000000	-1.000000	2021-08-26 17:36:19	0.000	0.000	0.000	0.000	0.000	0.000	0.000	0.000	0.000	-1.000	-1.000	
9.1150	O1809R20	500	0.974596	0.001105	2021-08-26 17:36:21	12.519	0.000	0.322	4.662	3.868	3.560	0.107	0.000	0.000	32.976	0.100	
9.3170	CO209R12	-1	-1000000.000000	-1.000000	2021-08-26 17:36:33	0.000	0.000	0.000	0.000	0.000	0.000	0.000	0.000	0.000	-1.000	-1.000	
9.6210	C1309R32	-1	-1000000.000000	-1.000000	2021-08-26 17:36:49	0.000	0.000	0.000	0.000	0.000	0.000	0.000	0.000	0.000	-1.000	-1.000	
9.1050	O1809R22	500	0.915954	0.002706	2021-08-26 17:36:49	11.586	0.000	0.325	4.278	3.369	3.512	0.102	0.000	0.000	34.427	0.100	
9.0950	O1809R24	0	NaN	NaN	2021-08-26 17:37:06	0.461	0.000	0.327	0.132	0.000	0.000	0.001	0.000	0.000	0.100	0.100	
9.0860	O1809R26	500	0.939610	0.000797	2021-08-26 17:37:31	11.726	0.000	0.324	4.365	3.321	3.572	0.143	0.000	0.000	25.464	0.100	
9.0770	O1809R28	500	0.871938	0.002486	2021-08-26 17:37:58	12.248	0.000	0.328	4.776	3.497	3.541	0.105	0.000	0.000	38.482	0.100	
9.0680	O1809R30	500	0.902733	0.001323	2021-08-26 17:38:24	11.452	0.000	0.326	3.676	3.813	3.533	0.104	0.000	0.000	23.941	0.100	
9.6110	C1309R34	-1	1.377847	0.005825	2021-08-26 17:38:37	0.000	0.000	0.000	0.000	0.000	0.000	0.000	0.000	0.000	-1.000	-1.000	
9.0590	O1809R32	500	0.857919	0.002505	2021-08-26 17:38:50	11.694	0.000	0.338	4.047	3.676	3.536	0.098	0.000	0.000	23.857	0.100	
9.0510	O1809R34	500	0.843585	0.003042	2021-08-26 17:39:16	11.552	0.000	0.342	4.281	3.285	3.541	0.103	0.000	0.000	28.299	0.100	
9.0420	O1809R36	500	0.823304	0.002607	2021-08-26 17:39:42	10.897	0.000	0.316	3.378	3.523	3.574	0.106	0.000	0.000	27.811	0.100	
9.0340	O1809R38	500	0.762197	0.001839	2021-08-26 17:40:07	11.005	0.000	0.313	3.377	3.644	3.567	0.103	0.000	0.000	34.244	0.100	
9.0260	O1809R40	500	0.797250	0.001498	2021-08-26 17:40:33	11.931	0.000	0.325	4.251	3.693	3.563	0.099	0.000	0.000	62.073	0.100	
11.2390	C1310P28	500	1.329314	0.009811	2021-08-26 17:40:43	10.045	0.000	0.342	2.255	3.773	3.566	0.110	0.000	0.000	100.000	100.000	
11.2160	C1310P26	500	1.301816	0.001078	2021-08-26 17:41:08	10.902	0.000	0.333	2.862	4.042	3.558	0.107	0.000	0.000	100.000	100.000	
10.1520	C1309P36	-1	-1000000.000000	-1.000000	2021-08-26 17:43:15	0.000	0.000	0.000	0.000	0.000	0.000	0.000	0.000	0.000	-1.000	-1.000	
9.0180	O1809R42	-1	-1000000.000000	-1.000000	2021-08-26 17:43:19	0.000	0.000	0.000	0.000	0.000	0.000	0.000	0.000	0.000	-1.000	-1.000	
10.6640	O1810P36	500	2.071418	0.001532	2021-08-26 17:43:48	8.715	0.000	0.337	1.381	3.320	3.567	0.109	0.000	0.000	100.000	100.000	
10.6430	O1810P34	500	2.155711	0.000563	2021-08-26 17:44:13	9.910	0.000	0.319	1.948	3.945	3.577	0.119	0.000	0.000	100.000	100.000	
10.1310	C1309P34	-1	-1000000.000000	-1.000000	2021-08-26 17:45:15	0.000	0.000	0.000	0.000	0.000	0.000	0.000	0.000	0.000	-1.000	-1.000	
10.4040	O1810P08	0	NaN	NaN	2021-08-26 17:45:37	0.431	0.000	0.328	0.101	0.000	0.000	0.002	0.000	0.000	0.100	0.100	
9.7620	C1309R08	-1	-1000000.000000	-1.000000	2021-08-26 17:47:17	0.000	0.000	0.000	0.000	0.000	0.000	0.000	0.000	0.000	-1.000	-1.000	
10.2780	O1810R08	500	2.725060	0.001227	2021-08-26 17:47:24	9.608	0.000	0.320	2.347	3.237	3.546	0.158	0.000	0.000	100.000	100.000	
9.6310	C1309R30	500	1.423001	0.000913	2021-08-26 17:48:14	46.929	0.000	0.316	7.905	17.840	20.750	0.117	0.000	0.000	100.000	100.000	
10.1310	O1810R34	500	2.866102	0.001564	2021-08-26 17:50:08	8.991	0.000	0.316	1.967	3.063	3.536	0.108	0.000	0.000	100.000	100.000	
9.6210	C1309R32	0	NaN	NaN	2021-08-26 17:52:08	115.624	0.000	0.335	8.985	83.421	22.881	0.002	0.000	0.000	100.000	100.000	
10.1220	O1810R36	-1	-1000000.000000	-1.000000	2021-08-26 17:52:43	0.000	0.000	0.000	0.000	0.000	0.000	0.000	0.000	0.000	-1.000	-1.000	
9.6110	C1309R34	500	1.377847	0.005825	2021-08-26 17:54:23	12.559	0.000	0.321	5.646	2.911	3.520	0.160	0.000	0.000	100.000	100.000	
9.5520	O1809P46	-1	-1000000.000000	-1.000000	2021-08-26 17:55:14	0.000	0.000	0.000	0.000	0.000	0.000	0.000	0.000	0.000	-1.000	-1.000	
9.0950	O1809R24	500	0.889746	0.000531	2021-08-26 17:55:38	12.448	0.000	0.331	5.060	3.387	3.540	0.129	0.000	0.000	34.326	0.100	
9.0180	O1809R42	-1	-1000000.000000	-1.000000	2021-08-26 17:58:06	0.000	0.000	0.000	0.000	0.000	0.000	0.000	0.000	0.000	-1.000	-1.000	
