Wavelength	Line name	# of completed ringdowns	Ringdowntimes (us)	STOT	TimeStamp	Get ringdown time (s)	Step time (s)	Step time (s)	Step time(s)	Step time(s) 	Step time(s) 	Step time(s)	Step time(s)	Step time(s) 	AOM setting	Attenuator setting
10.8110	CO210P40	500	1.881417	0.002488	2021-08-19 16:05:34	10.309	0.000	0.324	1.453	4.673	3.685	0.149	0.026	0.000	100.000	100.000	
10.7870	CO210P38	500	1.987439	0.000519	2021-08-19 16:06:07	15.631	0.000	0.328	6.448	5.128	3.609	0.099	0.019	0.000	88.707	75.235	
10.7640	CO210P36	500	1.957406	0.000967	2021-08-19 16:06:36	10.838	0.000	0.316	2.065	4.754	3.584	0.098	0.021	0.000	100.000	100.000	
10.7410	CO210P34	500	1.981075	0.000872	2021-08-19 16:07:06	11.289	0.000	0.342	2.261	4.987	3.579	0.100	0.020	0.000	100.000	100.000	
11.2390	C1310P28	518	1.378788	0.004094	2021-08-19 16:07:37	24.133	0.000	0.315	1.779	14.158	7.756	0.098	0.026	0.000	100.000	100.000	
10.6640	O1810P36	-1	2.016041	0.002347	2021-08-19 16:07:47	0.000	0.000	0.000	0.000	0.000	0.000	0.000	0.000	0.000	-1.000	-1.000	
10.7190	CO210P32	500	1.963692	0.000376	2021-08-19 16:07:48	11.116	0.000	0.327	2.364	4.749	3.544	0.120	0.013	0.000	100.000	100.000	
10.6960	CO210P30	500	1.984655	0.001186	2021-08-19 16:08:17	11.310	0.000	0.338	2.345	4.932	3.575	0.100	0.020	0.000	100.000	100.000	
11.2160	C1310P26	500	1.298866	0.001068	2021-08-19 16:08:28	10.292	0.000	0.331	2.584	3.656	3.605	0.098	0.018	0.000	100.000	100.000	
10.6750	CO210P28	500	2.001179	0.000536	2021-08-19 16:08:43	11.635	0.000	0.322	2.364	5.258	3.577	0.099	0.016	0.000	100.000	100.000	
10.6430	O1810P34	-1	2.036426	0.001843	2021-08-19 16:09:03	0.000	0.000	0.000	0.000	0.000	0.000	0.000	0.000	0.000	-1.000	-1.000	
10.6530	CO210P26	500	1.998101	0.002570	2021-08-19 16:09:13	11.595	0.000	0.323	2.365	5.176	3.618	0.100	0.013	0.000	100.000	100.000	
10.6220	O1810P32	500	2.038571	0.001332	2021-08-19 16:09:23	9.792	0.000	0.315	2.066	3.693	3.583	0.114	0.021	0.000	100.000	100.000	
11.1940	C1310P24	514	1.399783	0.003352	2021-08-19 16:09:43	20.543	0.000	0.320	2.877	8.789	8.437	0.103	0.017	0.000	100.000	100.000	
10.6020	O1810P30	500	2.068743	0.001483	2021-08-19 16:09:53	9.674	0.000	0.324	2.192	3.477	3.577	0.095	0.009	0.000	100.000	100.000	
10.6320	CO210P24	500	2.020045	0.027219	2021-08-19 16:10:06	12.449	0.000	0.320	3.380	5.039	3.594	0.101	0.016	0.000	100.000	100.000	
10.5820	O1810P28	500	2.079412	0.001251	2021-08-19 16:10:17	9.555	0.000	0.324	2.161	3.442	3.528	0.069	0.030	0.000	100.000	100.000	
10.6110	CO210P22	500	2.045406	0.003784	2021-08-19 16:10:30	10.481	0.000	0.326	1.369	5.116	3.552	0.095	0.022	0.000	100.000	100.000	
10.5630	O1810P26	500	2.121576	0.000752	2021-08-19 16:10:43	11.620	0.000	0.333	4.149	3.462	3.562	0.094	0.020	0.000	90.000	83.961	
10.5910	CO210P20	500	2.093822	0.006673	2021-08-19 16:10:54	10.345	0.000	0.326	1.650	4.681	3.570	0.098	0.019	0.000	100.000	100.000	
10.5430	O1810P24	500	2.063577	0.001419	2021-08-19 16:11:10	11.865	0.000	0.321	4.245	3.556	3.563	0.107	0.073	0.000	90.000	91.495	
10.5710	CO210P18	500	2.065480	0.007117	2021-08-19 16:11:21	10.845	0.000	0.317	1.664	5.126	3.632	0.100	0.007	0.000	100.000	100.000	
10.5250	O1810P22	500	2.139202	0.000527	2021-08-19 16:11:34	9.248	0.000	0.317	2.145	3.076	3.595	0.097	0.018	0.000	100.000	100.000	
11.1710	C1310P22	-1	1.432039	0.004939	2021-08-19 16:11:46	0.000	0.000	0.000	0.000	0.000	0.000	0.000	0.000	0.000	-1.000	-1.000	
10.5510	CO210P16	500	2.111376	0.002044	2021-08-19 16:11:45	10.091	0.000	0.312	1.362	4.702	3.601	0.098	0.016	0.000	100.000	100.000	
10.5060	O1810P20	500	2.117935	0.001114	2021-08-19 16:11:58	10.763	0.000	0.324	2.946	3.787	3.593	0.097	0.017	0.000	88.316	90.000	
10.5320	CO210P14	500	2.120492	0.005210	2021-08-19 16:12:10	10.530	0.000	0.337	2.262	4.149	3.612	0.145	0.024	0.000	100.000	100.000	
11.1490	C1310P20	500	1.412484	0.005275	2021-08-19 16:12:23	10.489	0.000	0.334	3.349	3.113	3.565	0.106	0.022	0.000	91.873	100.000	
10.4880	O1810P18	500	2.079348	0.000880	2021-08-19 16:12:35	11.543	0.000	0.317	4.149	3.352	3.597	0.112	0.015	0.000	90.000	85.820	
10.5130	CO210P12	500	2.127356	0.000745	2021-08-19 16:12:47	12.436	0.000	0.325	2.677	5.722	3.602	0.103	0.006	0.000	100.000	100.000	
10.4710	O1810P16	500	2.203980	0.001276	2021-08-19 16:13:00	11.873	0.000	0.322	4.182	3.656	3.601	0.097	0.017	0.000	90.000	90.926	
10.4940	CO210P10	500	2.153180	0.004802	2021-08-19 16:13:12	9.923	0.000	0.318	1.665	5.040	2.783	0.096	0.022	0.000	100.000	100.000	
10.4530	O1810P14	500	2.208186	0.001754	2021-08-19 16:13:26	11.211	0.000	0.336	3.770	3.383	3.601	0.097	0.024	0.000	90.681	100.000	
10.4760	CO210P08	500	2.183022	0.004134	2021-08-19 16:13:38	10.562	0.000	0.312	1.954	4.593	3.581	0.099	0.024	0.000	100.000	100.000	
10.4360	O1810P12	500	2.268797	0.000585	2021-08-19 16:13:50	9.770	0.000	0.339	2.361	3.373	3.582	0.096	0.019	0.000	100.000	100.000	
10.4580	CO210P06	500	2.237842	0.002396	2021-08-19 16:14:04	11.343	0.000	0.315	1.860	5.424	3.623	0.100	0.022	0.000	100.000	100.000	
10.4200	O1810P10	500	2.323938	0.002317	2021-08-19 16:14:16	10.690	0.000	0.322	3.378	3.267	3.609	0.100	0.013	0.000	91.416	100.000	
10.3650	CO210R04	500	2.336157	0.001035	2021-08-19 16:14:43	24.461	0.000	0.315	4.464	10.260	9.305	0.097	0.020	0.000	100.000	100.000	
11.1280	C1310P18	500	1.478967	0.003149	2021-08-19 16:14:54	10.759	0.000	0.322	2.165	4.571	3.582	0.097	0.022	0.000	100.000	100.000	
10.4040	O1810P08	500	2.371326	0.000707	2021-08-19 16:15:03	8.924	0.000	0.312	1.792	3.135	3.577	0.095	0.013	0.000	100.000	100.000	
10.3490	CO210R06	500	2.316768	0.000810	2021-08-19 16:15:15	11.576	0.000	0.310	1.952	5.592	3.605	0.097	0.021	0.000	100.000	100.000	
11.1070	C1310P16	500	1.517067	0.003539	2021-08-19 16:15:26	10.694	0.000	0.333	2.786	3.866	3.590	0.100	0.019	0.000	100.000	100.000	
10.2780	O1810R08	0	NaN	NaN	2021-08-19 16:15:28	0.417	0.000	0.313	0.101	0.000	0.000	0.003	0.000	0.000	0.100	0.100	
10.3340	CO210R08	500	2.351670	0.000689	2021-08-19 16:15:39	12.104	0.000	0.323	2.866	5.257	3.515	0.128	0.014	0.000	90.000	78.599	
11.0860	C1310P14	500	1.547097	0.001863	2021-08-19 16:15:50	10.343	0.000	0.319	2.481	3.824	3.593	0.106	0.019	0.000	100.000	100.000	
10.2650	O1810R10	500	2.724801	0.001284	2021-08-19 16:16:01	9.912	0.000	0.319	2.344	3.494	3.627	0.104	0.025	0.000	100.000	100.000	
10.3180	CO210R10	500	2.454142	0.000531	2021-08-19 16:16:14	13.114	0.000	0.320	3.962	5.121	3.593	0.100	0.018	0.000	88.750	59.488	
10.2520	O1810R12	500	2.775985	0.000726	2021-08-19 16:16:24	9.404	0.000	0.319	2.064	3.348	3.557	0.094	0.022	0.000	100.000	100.000	
11.0650	C1310P12	500	1.568981	0.000920	2021-08-19 16:16:33	9.217	0.000	0.324	2.063	3.130	3.590	0.095	0.015	0.000	100.000	100.000	
10.3030	CO210R12	500	2.477897	0.000461	2021-08-19 16:16:47	13.403	0.000	0.326	4.564	4.793	3.605	0.101	0.013	0.000	89.558	67.320	
10.2400	O1810R14	500	2.901916	0.000787	2021-08-19 16:16:58	10.982	0.000	0.340	4.062	2.910	3.556	0.096	0.018	0.000	90.290	91.796	
10.2890	CO210R14	500	2.548950	0.000479	2021-08-19 16:17:15	14.340	0.000	0.315	5.662	4.656	3.589	0.100	0.017	0.000	86.885	45.436	
10.2280	O1810R16	500	2.850766	0.000422	2021-08-19 16:17:27	11.525	0.000	0.315	3.663	3.895	3.541	0.093	0.018	0.000	88.578	79.292	
11.0450	C1310P10	500	1.591210	0.001846	2021-08-19 16:17:39	11.473	0.000	0.323	2.577	4.844	3.607	0.101	0.021	0.000	100.000	100.000	
10.2160	O1810R18	500	3.042469	0.000763	2021-08-19 16:17:50	10.791	0.000	0.339	3.370	3.366	3.599	0.098	0.020	0.000	85.000	66.105	
10.2740	CO210R16	500	2.642450	0.000311	2021-08-19 16:18:03	12.534	0.000	0.334	2.960	5.545	3.579	0.096	0.020	0.000	60.000	66.537	
10.2040	O1810R20	500	2.942057	0.000310	2021-08-19 16:18:15	11.012	0.000	0.344	3.666	3.324	3.562	0.093	0.024	0.000	87.500	63.326	
10.2600	CO210R18	500	2.802570	0.000386	2021-08-19 16:18:30	12.608	0.000	0.319	3.001	5.549	3.616	0.101	0.022	0.000	87.500	42.883	
10.1930	O1810R22	500	3.118915	0.000769	2021-08-19 16:18:40	10.718	0.000	0.316	3.273	3.428	3.582	0.098	0.023	0.000	87.500	53.610	
10.2470	CO210R20	500	2.451878	0.000570	2021-08-19 16:18:56	12.372	0.000	0.342	2.758	5.566	3.588	0.102	0.016	0.000	70.000	67.149	
10.1820	O1810R24	500	2.979933	0.000339	2021-08-19 16:19:07	10.669	0.000	0.331	2.946	3.679	3.595	0.097	0.021	0.000	85.000	64.912	
10.2330	CO210R22	500	2.887499	0.000486	2021-08-19 16:19:22	11.996	0.000	0.316	3.367	4.617	3.593	0.100	0.003	0.000	88.750	49.444	
10.1710	O1810R26	500	3.143684	0.000335	2021-08-19 16:19:33	10.801	0.000	0.344	3.651	3.083	3.605	0.101	0.017	0.000	77.838	75.518	
10.2200	CO210R24	500	2.968608	0.000613	2021-08-19 16:19:48	11.508	0.000	0.326	3.054	4.422	3.595	0.099	0.012	0.000	80.233	45.462	
11.0250	C1310P08	500	1.657746	0.002262	2021-08-19 16:19:58	10.319	0.000	0.318	2.563	3.770	3.553	0.095	0.019	0.000	100.000	100.000	
10.1610	O1810R28	500	2.999051	0.001007	2021-08-19 16:20:10	11.946	0.000	0.315	3.852	4.065	3.596	0.099	0.018	0.000	85.000	63.216	
10.2070	CO210R26	500	2.938463	0.000301	2021-08-19 16:20:23	12.433	0.000	0.321	3.886	4.510	3.599	0.100	0.016	0.000	86.049	53.386	
10.1500	O1810R30	500	3.153743	0.000423	2021-08-19 16:20:37	11.003	0.000	0.319	3.963	2.994	3.608	0.101	0.019	0.000	90.000	90.386	
10.1950	CO210R28	500	3.120239	0.001431	2021-08-19 16:20:52	15.036	0.000	0.315	6.965	4.148	3.507	0.064	0.036	0.000	85.973	38.646	
10.1410	O1810R32	500	2.948141	0.000422	2021-08-19 16:21:01	9.201	0.000	0.316	1.966	3.239	3.569	0.092	0.019	0.000	100.000	100.000	
11.0050	C1310P06	500	1.658698	0.002501	2021-08-19 16:21:12	10.834	0.000	0.336	2.070	4.722	3.601	0.096	0.008	0.000	100.000	100.000	
10.1820	CO210R30	500	3.009591	0.000683	2021-08-19 16:21:25	12.769	0.000	0.327	3.259	5.467	3.599	0.099	0.018	0.000	88.750	50.022	
10.8840	C1310R06	500	1.906513	0.000783	2021-08-19 16:21:38	12.141	0.000	0.311	4.270	3.829	3.611	0.102	0.019	0.000	100.000	100.000	
10.1700	CO210R32	500	3.117260	0.000453	2021-08-19 16:21:53	13.618	0.000	0.314	4.549	5.030	3.606	0.098	0.020	0.000	85.254	54.929	
10.8670	C1310R08	500	1.946137	0.000366	2021-08-19 16:22:07	14.216	0.000	0.327	4.898	5.260	3.615	0.098	0.018	0.000	90.000	80.273	
10.1590	CO210R34	500	2.896799	0.000406	2021-08-19 16:22:19	11.317	0.000	0.322	2.763	4.557	3.563	0.096	0.016	0.000	85.000	55.682	
10.8500	C1310R10	500	1.937638	0.000772	2021-08-19 16:22:32	11.819	0.000	0.327	3.369	4.396	3.602	0.101	0.023	0.000	100.000	100.000	
10.1470	CO210R36	500	3.111653	0.000415	2021-08-19 16:22:46	13.682	0.000	0.327	3.968	5.677	3.593	0.097	0.019	0.000	86.049	52.656	
10.1310	O1810R34	0	NaN	NaN	2021-08-19 16:22:49	0.432	0.000	0.312	0.117	0.000	0.000	0.002	0.000	0.000	0.100	0.100	
10.8330	C1310R12	500	1.975749	0.001128	2021-08-19 16:23:00	12.790	0.000	0.310	4.868	3.904	3.547	0.142	0.019	0.000	90.000	80.319	
10.1360	CO210R38	500	2.873944	0.000614	2021-08-19 16:23:12	12.060	0.000	0.322	3.649	4.377	3.589	0.104	0.019	0.000	90.000	73.334	
10.1220	O1810R36	0	NaN	NaN	2021-08-19 16:23:15	3.207	0.000	0.331	2.875	0.000	0.000	0.001	0.000	0.000	100.000	100.000	
10.8160	C1310R14	500	1.988152	0.004694	2021-08-19 16:23:37	21.335	0.000	0.324	3.463	8.125	9.283	0.128	0.012	0.000	89.375	89.913	
10.1250	CO210R40	500	3.063293	0.000696	2021-08-19 16:23:49	11.993	0.000	0.312	3.364	4.605	3.596	0.103	0.013	0.000	100.000	100.000	
10.8000	C1310R16	500	1.996016	0.000447	2021-08-19 16:24:01	10.518	0.000	0.312	2.366	4.170	3.552	0.100	0.018	0.000	87.220	81.737	
9.7530	CO209P42	500	1.849646	0.001189	2021-08-19 16:24:17	13.225	0.000	0.330	4.265	4.985	3.541	0.085	0.019	0.000	100.000	100.000	
10.7840	C1310R18	500	1.907880	0.005831	2021-08-19 16:24:30	12.293	0.000	0.321	3.700	4.596	3.567	0.097	0.013	0.000	90.000	88.408	
9.7330	CO209P40	500	1.455053	0.000752	2021-08-19 16:24:42	11.024	0.000	0.334	2.146	4.907	3.542	0.088	0.008	0.000	100.000	100.000	
10.7680	C1310R20	500	1.952677	0.000762	2021-08-19 16:24:53	10.691	0.000	0.321	3.852	2.867	3.536	0.092	0.023	0.000	100.000	100.000	
9.7140	CO209P38	500	1.739433	0.002413	2021-08-19 16:25:07	12.331	0.000	0.321	2.680	5.618	3.596	0.096	0.019	0.000	100.000	100.000	
10.7530	C1310R22	500	1.957901	0.001403	2021-08-19 16:25:16	9.268	0.000	0.313	2.044	3.216	3.582	0.096	0.017	0.000	100.000	100.000	
9.6950	CO209P36	500	1.531429	0.004796	2021-08-19 16:25:30	11.508	0.000	0.323	2.765	4.756	3.550	0.092	0.020	0.000	100.000	100.000	
10.7380	C1310R24	500	1.941844	0.000746	2021-08-19 16:25:42	10.917	0.000	0.312	2.467	4.462	3.565	0.094	0.018	0.000	100.000	100.000	
9.6750	CO209P34	500	1.041330	0.004102	2021-08-19 16:25:56	12.378	0.000	0.336	2.869	5.524	3.543	0.091	0.015	0.000	100.000	100.000	
9.5520	O1809P46	-1	-1000000.000000	-1.000000	2021-08-19 16:26:04	0.000	0.000	0.000	0.000	0.000	0.000	0.000	0.000	0.000	-1.000	-1.000	
10.7230	C1310R26	500	1.979768	0.004024	2021-08-19 16:26:07	10.709	0.000	0.315	2.364	4.391	3.536	0.089	0.013	0.000	100.000	100.000	
9.6570	CO209P32	500	1.536533	0.001164	2021-08-19 16:26:24	15.246	0.000	0.317	5.944	5.258	3.611	0.094	0.021	0.000	75.606	60.201	
9.5360	O1809P44	500	1.077284	0.005311	2021-08-19 16:26:34	10.375	0.000	0.321	3.149	3.203	3.586	0.101	0.015	0.000	100.000	100.000	
10.7080	C1310R28	500	1.995504	0.001332	2021-08-19 16:26:45	10.352	0.000	0.315	1.364	4.989	3.568	0.100	0.017	0.000	100.000	100.000	
9.6390	CO209P30	500	1.354067	0.001928	2021-08-19 16:27:00	14.576	0.000	0.332	5.378	5.161	3.589	0.107	0.009	0.000	90.000	65.172	
9.5190	O1809P42	500	1.035663	0.003064	2021-08-19 16:27:13	13.197	0.000	0.322	5.265	3.816	3.619	0.148	0.027	0.000	85.556	73.090	
10.6940	C1310R30	500	1.981695	0.001066	2021-08-19 16:27:23	9.859	0.000	0.325	1.787	4.044	3.577	0.108	0.018	0.000	100.000	100.000	
9.6210	CO209P28	500	1.358751	0.001481	2021-08-19 16:27:37	13.703	0.000	0.315	4.378	5.264	3.611	0.109	0.026	0.000	87.500	49.403	
9.5030	O1809P40	500	0.976552	0.003833	2021-08-19 16:27:47	10.691	0.000	0.316	3.168	3.510	3.578	0.100	0.019	0.000	90.000	45.006	
10.6800	C1310R32	500	1.991787	0.002977	2021-08-19 16:27:57	9.753	0.000	0.318	2.004	3.737	3.576	0.098	0.020	0.000	100.000	100.000	
9.6040	CO209P26	500	1.266007	0.000544	2021-08-19 16:28:12	14.001	0.000	0.336	4.346	5.618	3.585	0.103	0.014	0.000	90.000	49.488	
9.4880	O1809P38	500	1.042588	0.001197	2021-08-19 16:28:25	13.011	0.000	0.316	5.560	3.462	3.559	0.095	0.019	0.000	89.688	34.563	
10.6660	C1310R34	500	1.989950	0.000973	2021-08-19 16:28:36	11.003	0.000	0.323	1.952	5.041	3.580	0.098	0.010	0.000	100.000	100.000	
9.4720	O1809P36	500	1.020932	0.000828	2021-08-19 16:28:48	11.875	0.000	0.317	4.583	3.275	3.580	0.101	0.020	0.000	90.000	32.926	
10.6520	C1310R36	500	2.011516	0.002837	2021-08-19 16:28:59	10.600	0.000	0.330	1.950	4.657	3.553	0.093	0.016	0.000	100.000	100.000	
9.5880	CO209P24	500	1.219712	0.000582	2021-08-19 16:29:16	16.783	0.000	0.317	7.766	5.050	3.551	0.095	0.004	0.000	80.170	45.280	
9.4570	O1809P34	500	0.938071	0.006898	2021-08-19 16:29:29	12.474	0.000	0.322	5.068	3.387	3.582	0.096	0.018	0.000	88.750	29.908	
10.6390	C1310R38	500	2.019191	0.001309	2021-08-19 16:29:39	10.386	0.000	0.312	2.025	4.373	3.566	0.095	0.017	0.000	100.000	100.000	
9.5690	CO209P22	500	1.127637	0.000550	2021-08-19 16:29:52	13.200	0.000	0.328	4.079	5.085	3.591	0.100	0.017	0.000	90.000	53.623	
9.4410	O1809P32	500	1.025946	0.002193	2021-08-19 16:30:04	11.901	0.000	0.334	4.271	3.624	3.557	0.095	0.021	0.000	90.000	21.482	
10.6260	C1310R40	500	2.000331	0.004113	2021-08-19 16:30:15	11.001	0.000	0.316	2.168	4.827	3.578	0.100	0.012	0.000	100.000	100.000	
9.5520	CO209P20	500	1.140247	0.002555	2021-08-19 16:30:29	13.189	0.000	0.317	4.458	4.747	3.549	0.102	0.017	0.000	90.000	45.920	
9.4270	O1809P30	500	1.042762	0.002599	2021-08-19 16:30:41	12.038	0.000	0.324	4.363	3.646	3.604	0.095	0.006	0.000	90.000	24.356	
9.5360	CO209P18	500	1.071562	0.001097	2021-08-19 16:30:55	13.009	0.000	0.317	3.546	5.445	3.585	0.098	0.017	0.000	90.000	50.874	
9.4120	O1809P28	500	1.001373	0.003067	2021-08-19 16:31:08	12.368	0.000	0.324	4.583	3.778	3.570	0.099	0.015	0.000	90.000	16.995	
9.5200	CO209P16	500	1.032708	0.002342	2021-08-19 16:31:21	12.680	0.000	0.320	3.645	5.023	3.572	0.101	0.018	0.000	90.000	41.419	
9.3970	O1809P26	500	0.997406	0.003069	2021-08-19 16:31:34	12.551	0.000	0.313	5.068	3.486	3.581	0.096	0.007	0.000	90.000	17.720	
9.5040	CO209P14	500	0.969457	0.000618	2021-08-19 16:31:47	12.526	0.000	0.330	3.548	4.987	3.550	0.098	0.013	0.000	90.000	54.904	
9.3830	O1809P24	500	0.883578	0.001208	2021-08-19 16:32:00	12.626	0.000	0.325	4.862	3.711	3.600	0.102	0.026	0.000	90.000	16.011	
10.1520	C1309P36	-1	-1000000.000000	-1.000000	2021-08-19 16:32:16	0.000	0.000	0.000	0.000	0.000	0.000	0.000	0.000	0.000	-1.000	-1.000	
9.4880	CO209P12	500	1.038168	0.003054	2021-08-19 16:32:14	13.296	0.000	0.319	3.867	5.409	3.583	0.097	0.022	0.000	90.000	34.691	
9.3690	O1809P22	500	0.957617	0.000502	2021-08-19 16:32:29	14.970	0.000	0.331	7.646	3.385	3.508	0.071	0.029	0.000	89.844	13.552	
9.4730	CO209P10	500	0.999694	0.001641	2021-08-19 16:32:41	12.565	0.000	0.322	3.879	4.692	3.561	0.093	0.017	0.000	90.000	39.949	
9.3550	O1809P20	500	1.022661	0.002081	2021-08-19 16:32:53	10.244	0.000	0.313	2.368	3.872	3.576	0.098	0.018	0.000	90.000	0.310	
9.4580	CO209P08	500	0.965604	0.001300	2021-08-19 16:33:08	12.497	0.000	0.323	3.366	5.120	3.568	0.103	0.016	0.000	85.000	50.478	
9.3410	O1809P18	500	1.010030	0.001708	2021-08-19 16:33:17	9.787	0.000	0.329	2.247	3.541	3.555	0.095	0.021	0.000	90.000	0.248	
9.3540	CO209R06	500	1.027879	0.000957	2021-08-19 16:33:36	13.269	0.000	0.326	4.077	5.204	3.548	0.097	0.018	0.000	90.000	24.611	
9.3280	O1809P16	500	0.987581	0.000914	2021-08-19 16:33:51	14.697	0.000	0.338	6.978	3.677	3.586	0.100	0.019	0.000	90.000	0.661	
9.3420	CO209R08	500	1.009048	0.001655	2021-08-19 16:34:04	12.439	0.000	0.327	3.266	5.129	3.598	0.099	0.021	0.000	90.000	24.741	
10.1310	C1309P34	-1	-1000000.000000	-1.000000	2021-08-19 16:34:15	0.000	0.000	0.000	0.000	0.000	0.000	0.000	0.000	0.000	-1.000	-1.000	
9.3150	O1809P14	500	0.981625	0.003406	2021-08-19 16:35:01	54.609	0.000	0.313	47.163	3.449	3.569	0.095	0.020	0.000	90.000	11.754	
10.1100	C1309P32	500	3.194932	0.001297	2021-08-19 16:35:11	10.069	0.000	0.329	2.246	3.840	3.544	0.098	0.013	0.000	100.000	100.000	
9.3290	CO209R10	500	1.001603	0.000934	2021-08-19 16:35:26	14.370	0.000	0.321	5.063	5.262	3.603	0.099	0.022	0.000	90.000	17.944	
9.3020	O1809P12	500	0.965605	0.000650	2021-08-19 16:35:45	19.487	0.000	0.323	11.661	3.797	3.590	0.098	0.018	0.000	90.000	11.835	
10.0900	C1309P30	500	3.134942	0.001015	2021-08-19 16:35:55	10.156	0.000	0.320	2.267	3.877	3.577	0.097	0.017	0.000	100.000	100.000	
9.3170	CO209R12	500	0.959679	0.004560	2021-08-19 16:36:10	13.801	0.000	0.317	4.345	5.434	3.588	0.098	0.019	0.000	90.000	16.382	
9.2890	O1809P10	500	0.990853	0.002749	2021-08-19 16:36:20	10.045	0.000	0.324	2.464	3.560	3.586	0.093	0.018	0.000	90.000	0.242	
10.0700	C1309P28	500	3.043790	0.000596	2021-08-19 16:36:32	11.679	0.000	0.333	2.364	5.247	3.614	0.098	0.024	0.000	100.000	100.000	
9.2760	O1809P08	500	0.975229	0.002819	2021-08-19 16:37:00	28.145	0.000	0.324	20.683	3.432	3.590	0.101	0.015	0.000	90.000	11.535	
10.0500	C1309P26	500	2.933504	0.001956	2021-08-19 16:37:12	11.491	0.000	0.328	2.649	4.828	3.572	0.097	0.018	0.000	100.000	100.000	
9.2640	O1809P06	500	0.997888	0.000949	2021-08-19 16:37:28	15.919	0.000	0.310	8.663	3.255	3.587	0.094	0.010	0.000	90.000	11.934	
10.0310	C1309P24	500	2.818376	0.001298	2021-08-19 16:37:39	10.924	0.000	0.313	2.552	4.371	3.571	0.097	0.019	0.000	100.000	100.000	
9.3050	CO209R14	500	0.964183	0.001778	2021-08-19 16:37:53	14.072	0.000	0.336	4.600	5.473	3.553	0.094	0.016	0.000	90.000	15.166	
9.1990	O1809R04	500	1.059489	0.002664	2021-08-19 16:38:05	11.799	0.000	0.316	4.367	3.451	3.550	0.095	0.020	0.000	90.000	17.385	
10.0120	C1309P22	500	2.497758	0.000765	2021-08-19 16:38:15	9.783	0.000	0.327	2.168	3.606	3.567	0.097	0.018	0.000	100.000	100.000	
9.2940	CO209R16	500	0.966082	0.003313	2021-08-19 16:38:36	21.099	0.000	0.327	11.552	5.552	3.554	0.096	0.017	0.000	90.000	12.057	
9.1870	O1809R06	500	1.056825	0.000754	2021-08-19 16:38:47	10.760	0.000	0.314	3.477	3.258	3.594	0.099	0.017	0.000	49.302	0.100	
9.9940	C1309P20	500	2.377879	0.003528	2021-08-19 16:38:57	10.097	0.000	0.324	2.264	3.827	3.562	0.103	0.017	0.000	100.000	100.000	
9.1760	O1809R08	500	1.072856	0.002147	2021-08-19 16:39:10	12.470	0.000	0.315	4.747	3.701	3.596	0.098	0.014	0.000	61.931	0.100	
9.2820	CO209R18	500	0.972116	0.001156	2021-08-19 16:39:24	13.657	0.000	0.322	4.454	5.183	3.584	0.098	0.016	0.000	90.000	13.481	
9.9750	C1309P18	500	2.228444	0.003260	2021-08-19 16:39:34	10.415	0.000	0.326	2.263	4.136	3.583	0.105	0.002	0.000	100.000	100.000	
9.1660	O1809R10	500	1.069907	0.000848	2021-08-19 16:39:46	11.986	0.000	0.311	4.183	3.786	3.585	0.103	0.017	0.000	33.504	0.100	
9.2710	CO209R20	500	0.982416	0.001180	2021-08-19 16:39:59	12.887	0.000	0.321	3.568	5.284	3.594	0.097	0.022	0.000	76.072	0.100	
9.9570	C1309P16	500	2.207687	0.002073	2021-08-19 16:40:09	10.179	0.000	0.339	2.263	3.905	3.559	0.097	0.016	0.000	100.000	100.000	
9.1550	O1809R12	500	1.108421	0.000832	2021-08-19 16:40:20	10.868	0.000	0.318	3.266	3.580	3.592	0.096	0.017	0.000	29.797	0.100	
9.2610	CO209R22	500	1.003488	0.002960	2021-08-19 16:40:46	25.473	0.000	0.326	16.381	5.100	3.547	0.095	0.025	0.000	90.000	11.126	
9.9400	C1309P14	500	2.100001	0.003348	2021-08-19 16:40:57	11.012	0.000	0.318	2.366	4.604	3.605	0.099	0.020	0.000	100.000	100.000	
9.1450	O1809R14	500	1.101385	0.001606	2021-08-19 16:41:10	12.859	0.000	0.316	4.666	4.198	3.563	0.098	0.017	0.000	29.470	0.100	
9.9230	C1309P12	500	2.153642	0.002693	2021-08-19 16:41:21	10.763	0.000	0.317	2.349	4.406	3.575	0.095	0.021	0.000	100.000	100.000	
9.2500	CO209R24	500	1.005816	0.006777	2021-08-19 16:41:34	12.858	0.000	0.326	3.562	5.318	3.541	0.094	0.016	0.000	70.000	0.100	
9.1340	O1809R16	500	1.079856	0.001467	2021-08-19 16:41:44	10.337	0.000	0.313	2.564	3.797	3.556	0.094	0.014	0.000	24.652	0.100	
9.9060	C1309P10	500	2.199026	0.002102	2021-08-19 16:41:56	11.187	0.000	0.323	2.384	4.836	3.540	0.099	0.005	0.000	100.000	100.000	
9.1250	O1809R18	500	1.054132	0.002653	2021-08-19 16:42:08	12.380	0.000	0.317	4.667	3.673	3.613	0.103	0.007	0.000	33.893	0.100	
9.2400	CO209R26	500	1.035451	0.002436	2021-08-19 16:42:21	12.179	0.000	0.312	2.975	5.097	3.629	0.143	0.023	0.000	59.241	0.100	
9.1150	O1809R20	500	1.053908	0.000493	2021-08-19 16:42:34	11.681	0.000	0.336	4.170	3.489	3.560	0.106	0.020	0.000	32.939	0.100	
9.2300	CO209R28	500	1.036542	0.005953	2021-08-19 16:42:47	11.332	0.000	0.325	2.946	4.394	3.556	0.094	0.018	0.000	68.576	0.100	
9.1050	O1809R22	500	1.033082	0.001993	2021-08-19 16:43:00	11.663	0.000	0.325	4.081	3.548	3.588	0.098	0.023	0.000	30.839	0.100	
9.2190	CO209R30	500	0.993543	0.000606	2021-08-19 16:43:14	13.189	0.000	0.317	3.962	5.192	3.600	0.099	0.018	0.000	76.667	12.082	
9.0950	O1809R24	500	1.031810	0.002421	2021-08-19 16:43:26	10.628	0.000	0.336	3.266	3.354	3.564	0.095	0.013	0.000	23.486	0.100	
9.2100	CO209R32	500	1.065047	0.001217	2021-08-19 16:43:41	13.097	0.000	0.320	3.778	5.287	3.593	0.101	0.017	0.000	76.931	0.100	
9.0860	O1809R26	500	0.995403	0.001314	2021-08-19 16:43:53	11.226	0.000	0.319	3.204	3.980	3.612	0.101	0.011	0.000	20.038	0.100	
9.7620	C1309R08	-1	-1000000.000000	-1.000000	2021-08-19 16:43:56	0.000	0.000	0.000	0.000	0.000	0.000	0.000	0.000	0.000	-1.000	-1.000	
9.2010	CO209R34	500	1.059926	0.001016	2021-08-19 16:44:07	12.450	0.000	0.329	3.194	5.233	3.583	0.098	0.012	0.000	74.305	0.100	
9.0770	O1809R28	500	0.994785	0.003377	2021-08-19 16:44:18	10.879	0.000	0.321	3.266	3.581	3.589	0.104	0.019	0.000	25.120	0.100	
9.7490	C1309R10	500	1.802968	0.003087	2021-08-19 16:44:30	11.521	0.000	0.326	2.365	5.115	3.584	0.111	0.020	0.000	100.000	100.000	
9.0680	O1809R30	500	0.950209	0.001099	2021-08-19 16:44:42	11.742	0.000	0.333	4.303	3.379	3.611	0.098	0.019	0.000	19.450	0.100	
9.7360	C1309R12	500	1.513690	0.002597	2021-08-19 16:44:54	11.605	0.000	0.320	2.372	5.234	3.565	0.099	0.015	0.000	100.000	100.000	
9.0590	O1809R32	500	0.923114	0.001423	2021-08-19 16:45:05	11.718	0.000	0.312	4.180	3.576	3.544	0.092	0.013	0.000	18.251	0.100	
9.7230	C1309R14	500	1.672740	0.002674	2021-08-19 16:45:16	10.270	0.000	0.317	2.423	3.861	3.555	0.097	0.017	0.000	100.000	100.000	
9.0510	O1809R34	500	0.903999	0.002617	2021-08-19 16:45:29	12.375	0.000	0.340	4.780	3.585	3.559	0.095	0.015	0.000	23.038	0.100	
9.7100	C1309R16	500	1.787637	0.003756	2021-08-19 16:45:40	10.729	0.000	0.318	2.379	4.371	3.549	0.097	0.014	0.000	100.000	100.000	
9.0420	O1809R36	500	0.878588	0.002226	2021-08-19 16:45:54	13.160	0.000	0.337	5.366	3.763	3.580	0.098	0.016	0.000	23.898	0.100	
9.6980	C1309R18	500	1.613994	0.002187	2021-08-19 16:46:15	10.351	0.000	0.315	2.346	4.019	3.558	0.093	0.021	0.000	100.000	100.000	
9.0340	O1809R38	500	0.825025	0.001861	2021-08-19 16:46:26	10.661	0.000	0.326	3.276	3.388	3.552	0.092	0.027	0.000	27.816	0.100	
9.6860	C1309R20	500	1.322694	0.007319	2021-08-19 16:46:36	9.835	0.000	0.312	2.376	3.471	3.570	0.095	0.009	0.000	100.000	100.000	
9.0260	O1809R40	500	0.832560	0.001941	2021-08-19 16:46:52	14.192	0.000	0.323	6.367	3.813	3.576	0.098	0.016	0.000	45.142	0.100	
9.6750	C1309R22	500	1.067105	0.005197	2021-08-19 16:47:39	11.062	0.000	0.323	2.247	4.822	3.553	0.095	0.023	0.000	100.000	100.000	
9.6630	C1309R24	500	1.552623	0.001922	2021-08-19 16:48:04	10.987	0.000	0.319	2.383	4.607	3.563	0.095	0.019	0.000	100.000	100.000	
9.6520	C1309R26	500	1.472631	0.001901	2021-08-19 16:48:28	10.758	0.000	0.323	2.365	4.379	3.575	0.095	0.021	0.000	100.000	100.000	
9.0180	O1809R42	-1	-1000000.000000	-1.000000	2021-08-19 16:49:26	0.000	0.000	0.000	0.000	0.000	0.000	0.000	0.000	0.000	-1.000	-1.000	
10.6640	O1810P36	500	2.016041	0.002347	2021-08-19 16:49:55	8.599	0.000	0.314	1.368	3.235	3.574	0.098	0.010	0.000	100.000	100.000	
10.6430	O1810P34	500	2.036426	0.001843	2021-08-19 16:50:20	9.354	0.000	0.322	1.984	3.355	3.581	0.093	0.018	0.000	100.000	100.000	
10.2780	O1810R08	500	2.685748	0.000742	2021-08-19 16:50:44	8.881	0.000	0.323	2.366	2.541	3.548	0.093	0.010	0.000	100.000	100.000	
9.6420	C1309R28	500	1.391117	0.007517	2021-08-19 16:51:05	10.329	0.000	0.314	2.346	3.948	3.603	0.101	0.016	0.000	100.000	100.000	
10.1310	O1810R34	500	3.226867	0.001270	2021-08-19 16:52:40	8.969	0.000	0.313	1.951	3.039	3.558	0.093	0.014	0.000	100.000	100.000	
9.6310	C1309R30	-1	-1000000.000000	-1.000000	2021-08-19 16:53:03	0.000	0.000	0.000	0.000	0.000	0.000	0.000	0.000	0.000	-1.000	-1.000	
10.1220	O1810R36	500	3.025635	0.001487	2021-08-19 16:53:04	9.181	0.000	0.327	2.196	2.946	3.595	0.097	0.020	0.000	100.000	100.000	
9.6210	C1309R32	-1	1.339465	0.000000	2021-08-19 16:55:04	0.000	0.000	0.000	0.000	0.000	0.000	0.000	0.000	0.000	-1.000	-1.000	
9.5520	O1809P46	-1	-1000000.000000	-1.000000	2021-08-19 16:55:48	0.000	0.000	0.000	0.000	0.000	0.000	0.000	0.000	0.000	-1.000	-1.000	
9.6110	C1309R34	-1	-1000000.000000	-1.000000	2021-08-19 16:57:04	0.000	0.000	0.000	0.000	0.000	0.000	0.000	0.000	0.000	-1.000	-1.000	
11.1710	C1310P22	327	1.432039	0.004939	2021-08-19 16:58:11	46.196	0.000	0.324	5.721	15.233	24.828	0.062	0.028	0.000	90.000	77.718	
9.0180	O1809R42	-1	-1000000.000000	-1.000000	2021-08-19 16:58:38	0.000	0.000	0.000	0.000	0.000	0.000	0.000	0.000	0.000	-1.000	-1.000	
10.1520	C1309P36	-1	-1000000.000000	-1.000000	2021-08-19 16:59:55	0.000	0.000	0.000	0.000	0.000	0.000	0.000	0.000	0.000	-1.000	-1.000	
10.1310	C1309P34	-1	-1000000.000000	-1.000000	2021-08-19 17:01:27	0.000	0.000	0.000	0.000	0.000	0.000	0.000	0.000	0.000	-1.000	-1.000	
9.7620	C1309R08	-1	-1000000.000000	-1.000000	2021-08-19 17:03:01	0.000	0.000	0.000	0.000	0.000	0.000	0.000	0.000	0.000	-1.000	-1.000	
9.6310	C1309R30	-1	-1000000.000000	-1.000000	2021-08-19 17:04:33	0.000	0.000	0.000	0.000	0.000	0.000	0.000	0.000	0.000	-1.000	-1.000	
9.6210	C1309R32	1	1.339465	0.000000	2021-08-19 17:07:02	56.554	0.000	0.319	9.872	23.587	22.774	0.001	0.000	0.000	100.000	100.000	
9.6110	C1309R34	-1	-1000000.000000	-1.000000	2021-08-19 17:08:34	0.000	0.000	0.000	0.000	0.000	0.000	0.000	0.000	0.000	-1.000	-1.000	
