Wavelength	Line name	# of completed ringdowns	Ringdowntimes (us)	STOT	TimeStamp	Get ringdown time (s)	Step time (s)	Step time (s)	Step time(s)	Step time(s) 	Step time(s) 	Step time(s)	Step time(s)	Step time(s) 	AOM setting	Attenuator setting
10.8110	CO210P40	500	1.847109	0.006637	2021-08-19 16:05:34	10.309	0.000	0.324	1.453	4.673	3.685	0.149	0.026	0.000	100.000	100.000	
10.7870	CO210P38	500	1.969994	0.001061	2021-08-19 16:06:07	15.631	0.000	0.328	6.448	5.128	3.609	0.099	0.019	0.000	88.707	75.235	
10.7640	CO210P36	500	1.927226	0.001809	2021-08-19 16:06:36	10.838	0.000	0.316	2.065	4.754	3.584	0.098	0.021	0.000	100.000	100.000	
10.7410	CO210P34	500	1.948129	0.001432	2021-08-19 16:07:06	11.289	0.000	0.342	2.261	4.987	3.579	0.100	0.020	0.000	100.000	100.000	
11.2390	C1310P28	518	1.352444	0.003820	2021-08-19 16:07:37	24.133	0.000	0.315	1.779	14.158	7.756	0.098	0.026	0.000	100.000	100.000	
10.6640	O1810P36	-1	-1000000.000000	-1.000000	2021-08-19 16:07:47	0.000	0.000	0.000	0.000	0.000	0.000	0.000	0.000	0.000	-1.000	-1.000	
10.7190	CO210P32	500	1.937273	0.000854	2021-08-19 16:07:48	11.116	0.000	0.327	2.364	4.749	3.544	0.120	0.013	0.000	100.000	100.000	
10.6960	CO210P30	500	1.963457	0.000955	2021-08-19 16:08:17	11.310	0.000	0.338	2.345	4.932	3.575	0.100	0.020	0.000	100.000	100.000	
11.2160	C1310P26	500	1.275838	0.002845	2021-08-19 16:08:28	10.292	0.000	0.331	2.584	3.656	3.605	0.098	0.018	0.000	100.000	100.000	
10.6750	CO210P28	500	1.972036	0.001339	2021-08-19 16:08:43	11.635	0.000	0.322	2.364	5.258	3.577	0.099	0.016	0.000	100.000	100.000	
10.6430	O1810P34	-1	-1000000.000000	-1.000000	2021-08-19 16:09:03	0.000	0.000	0.000	0.000	0.000	0.000	0.000	0.000	0.000	-1.000	-1.000	
10.6530	CO210P26	500	1.974864	0.006520	2021-08-19 16:09:13	11.595	0.000	0.323	2.365	5.176	3.618	0.100	0.013	0.000	100.000	100.000	
10.6220	O1810P32	500	2.014101	0.001760	2021-08-19 16:09:23	9.792	0.000	0.315	2.066	3.693	3.583	0.114	0.021	0.000	100.000	100.000	
11.1940	C1310P24	514	1.366784	0.001291	2021-08-19 16:09:43	20.543	0.000	0.320	2.877	8.789	8.437	0.103	0.017	0.000	100.000	100.000	
10.6020	O1810P30	500	2.043300	0.000939	2021-08-19 16:09:53	9.674	0.000	0.324	2.192	3.477	3.577	0.095	0.009	0.000	100.000	100.000	
10.6320	CO210P24	500	2.003424	0.020591	2021-08-19 16:10:06	12.449	0.000	0.320	3.380	5.039	3.594	0.101	0.016	0.000	100.000	100.000	
10.5820	O1810P28	500	2.052560	0.000946	2021-08-19 16:10:17	9.555	0.000	0.324	2.161	3.442	3.528	0.069	0.030	0.000	100.000	100.000	
10.6110	CO210P22	500	2.023489	0.001245	2021-08-19 16:10:30	10.481	0.000	0.326	1.369	5.116	3.552	0.095	0.022	0.000	100.000	100.000	
10.5630	O1810P26	500	2.091957	0.000738	2021-08-19 16:10:43	11.620	0.000	0.333	4.149	3.462	3.562	0.094	0.020	0.000	90.000	83.961	
10.5910	CO210P20	500	2.052683	0.010135	2021-08-19 16:10:54	10.345	0.000	0.326	1.650	4.681	3.570	0.098	0.019	0.000	100.000	100.000	
10.5430	O1810P24	500	2.039131	0.000732	2021-08-19 16:11:10	11.865	0.000	0.321	4.245	3.556	3.563	0.107	0.073	0.000	90.000	91.495	
10.5710	CO210P18	500	2.049163	0.007605	2021-08-19 16:11:21	10.845	0.000	0.317	1.664	5.126	3.632	0.100	0.007	0.000	100.000	100.000	
10.5250	O1810P22	500	2.113835	0.000790	2021-08-19 16:11:34	9.248	0.000	0.317	2.145	3.076	3.595	0.097	0.018	0.000	100.000	100.000	
11.1710	C1310P22	-1	-1000000.000000	-1.000000	2021-08-19 16:11:46	0.000	0.000	0.000	0.000	0.000	0.000	0.000	0.000	0.000	-1.000	-1.000	
10.5510	CO210P16	500	2.093782	0.002235	2021-08-19 16:11:45	10.091	0.000	0.312	1.362	4.702	3.601	0.098	0.016	0.000	100.000	100.000	
10.5060	O1810P20	500	2.091353	0.000761	2021-08-19 16:11:58	10.763	0.000	0.324	2.946	3.787	3.593	0.097	0.017	0.000	88.316	90.000	
10.5320	CO210P14	500	2.091977	0.009698	2021-08-19 16:12:10	10.530	0.000	0.337	2.262	4.149	3.612	0.145	0.024	0.000	100.000	100.000	
11.1490	C1310P20	500	1.389397	0.001688	2021-08-19 16:12:23	10.489	0.000	0.334	3.349	3.113	3.565	0.106	0.022	0.000	91.873	100.000	
10.4880	O1810P18	500	2.051052	0.000834	2021-08-19 16:12:35	11.543	0.000	0.317	4.149	3.352	3.597	0.112	0.015	0.000	90.000	85.820	
10.5130	CO210P12	500	2.115396	0.000890	2021-08-19 16:12:47	12.436	0.000	0.325	2.677	5.722	3.602	0.103	0.006	0.000	100.000	100.000	
10.4710	O1810P16	500	2.174932	0.000703	2021-08-19 16:13:00	11.873	0.000	0.322	4.182	3.656	3.601	0.097	0.017	0.000	90.000	90.926	
10.4940	CO210P10	500	2.118948	0.009373	2021-08-19 16:13:12	9.923	0.000	0.318	1.665	5.040	2.783	0.096	0.022	0.000	100.000	100.000	
10.4530	O1810P14	500	2.185356	0.000733	2021-08-19 16:13:26	11.211	0.000	0.336	3.770	3.383	3.601	0.097	0.024	0.000	90.681	100.000	
10.4760	CO210P08	500	2.157138	0.003733	2021-08-19 16:13:38	10.562	0.000	0.312	1.954	4.593	3.581	0.099	0.024	0.000	100.000	100.000	
10.4360	O1810P12	500	2.245520	0.000758	2021-08-19 16:13:50	9.770	0.000	0.339	2.361	3.373	3.582	0.096	0.019	0.000	100.000	100.000	
10.4580	CO210P06	500	2.219382	0.001087	2021-08-19 16:14:04	11.343	0.000	0.315	1.860	5.424	3.623	0.100	0.022	0.000	100.000	100.000	
10.4200	O1810P10	500	2.299960	0.000682	2021-08-19 16:14:16	10.690	0.000	0.322	3.378	3.267	3.609	0.100	0.013	0.000	91.416	100.000	
10.3650	CO210R04	500	2.320180	0.001349	2021-08-19 16:14:43	24.461	0.000	0.315	4.464	10.260	9.305	0.097	0.020	0.000	100.000	100.000	
11.1280	C1310P18	500	1.452703	0.002811	2021-08-19 16:14:54	10.759	0.000	0.322	2.165	4.571	3.582	0.097	0.022	0.000	100.000	100.000	
10.4040	O1810P08	500	2.348225	0.001313	2021-08-19 16:15:03	8.924	0.000	0.312	1.792	3.135	3.577	0.095	0.013	0.000	100.000	100.000	
10.3490	CO210R06	500	2.291253	0.000966	2021-08-19 16:15:15	11.576	0.000	0.310	1.952	5.592	3.605	0.097	0.021	0.000	100.000	100.000	
11.1070	C1310P16	500	1.491079	0.001140	2021-08-19 16:15:26	10.694	0.000	0.333	2.786	3.866	3.590	0.100	0.019	0.000	100.000	100.000	
10.2780	O1810R08	0	NaN	NaN	2021-08-19 16:15:28	0.417	0.000	0.313	0.101	0.000	0.000	0.003	0.000	0.000	0.100	0.100	
10.3340	CO210R08	500	2.336308	0.000683	2021-08-19 16:15:39	12.104	0.000	0.323	2.866	5.257	3.515	0.128	0.014	0.000	90.000	78.599	
11.0860	C1310P14	500	1.520301	0.002696	2021-08-19 16:15:50	10.343	0.000	0.319	2.481	3.824	3.593	0.106	0.019	0.000	100.000	100.000	
10.2650	O1810R10	500	2.705343	0.000857	2021-08-19 16:16:01	9.912	0.000	0.319	2.344	3.494	3.627	0.104	0.025	0.000	100.000	100.000	
10.3180	CO210R10	500	2.430406	0.000758	2021-08-19 16:16:14	13.114	0.000	0.320	3.962	5.121	3.593	0.100	0.018	0.000	88.750	59.488	
10.2520	O1810R12	500	2.758742	0.000694	2021-08-19 16:16:24	9.404	0.000	0.319	2.064	3.348	3.557	0.094	0.022	0.000	100.000	100.000	
11.0650	C1310P12	500	1.555942	0.012556	2021-08-19 16:16:33	9.217	0.000	0.324	2.063	3.130	3.590	0.095	0.015	0.000	100.000	100.000	
10.3030	CO210R12	500	2.461139	0.000720	2021-08-19 16:16:47	13.403	0.000	0.326	4.564	4.793	3.605	0.101	0.013	0.000	89.558	67.320	
10.2400	O1810R14	500	2.878958	0.000578	2021-08-19 16:16:58	10.982	0.000	0.340	4.062	2.910	3.556	0.096	0.018	0.000	90.290	91.796	
10.2890	CO210R14	500	2.526294	0.000706	2021-08-19 16:17:15	14.340	0.000	0.315	5.662	4.656	3.589	0.100	0.017	0.000	86.885	45.436	
10.2280	O1810R16	500	2.830810	0.000586	2021-08-19 16:17:27	11.525	0.000	0.315	3.663	3.895	3.541	0.093	0.018	0.000	88.578	79.292	
11.0450	C1310P10	500	1.585606	0.004972	2021-08-19 16:17:39	11.473	0.000	0.323	2.577	4.844	3.607	0.101	0.021	0.000	100.000	100.000	
10.2160	O1810R18	500	3.021649	0.000608	2021-08-19 16:17:50	10.791	0.000	0.339	3.370	3.366	3.599	0.098	0.020	0.000	85.000	66.105	
10.2740	CO210R16	500	2.624454	0.000745	2021-08-19 16:18:03	12.534	0.000	0.334	2.960	5.545	3.579	0.096	0.020	0.000	60.000	66.537	
10.2040	O1810R20	500	2.920357	0.000631	2021-08-19 16:18:15	11.012	0.000	0.344	3.666	3.324	3.562	0.093	0.024	0.000	87.500	63.326	
10.2600	CO210R18	500	2.778108	0.000601	2021-08-19 16:18:30	12.608	0.000	0.319	3.001	5.549	3.616	0.101	0.022	0.000	87.500	42.883	
10.1930	O1810R22	500	3.105154	0.000587	2021-08-19 16:18:40	10.718	0.000	0.316	3.273	3.428	3.582	0.098	0.023	0.000	87.500	53.610	
10.2470	CO210R20	500	2.428754	0.000782	2021-08-19 16:18:56	12.372	0.000	0.342	2.758	5.566	3.588	0.102	0.016	0.000	70.000	67.149	
10.1820	O1810R24	500	2.957505	0.000578	2021-08-19 16:19:07	10.669	0.000	0.331	2.946	3.679	3.595	0.097	0.021	0.000	85.000	64.912	
10.2330	CO210R22	500	2.863221	0.000696	2021-08-19 16:19:22	11.996	0.000	0.316	3.367	4.617	3.593	0.100	0.003	0.000	88.750	49.444	
10.1710	O1810R26	500	3.125865	0.000610	2021-08-19 16:19:33	10.801	0.000	0.344	3.651	3.083	3.605	0.101	0.017	0.000	77.838	75.518	
10.2200	CO210R24	500	2.948673	0.000624	2021-08-19 16:19:48	11.508	0.000	0.326	3.054	4.422	3.595	0.099	0.012	0.000	80.233	45.462	
11.0250	C1310P08	500	1.624361	0.007465	2021-08-19 16:19:58	10.319	0.000	0.318	2.563	3.770	3.553	0.095	0.019	0.000	100.000	100.000	
10.1610	O1810R28	500	2.978724	0.000600	2021-08-19 16:20:10	11.946	0.000	0.315	3.852	4.065	3.596	0.099	0.018	0.000	85.000	63.216	
10.2070	CO210R26	500	2.920013	0.000589	2021-08-19 16:20:23	12.433	0.000	0.321	3.886	4.510	3.599	0.100	0.016	0.000	86.049	53.386	
10.1500	O1810R30	500	3.134197	0.000518	2021-08-19 16:20:37	11.003	0.000	0.319	3.963	2.994	3.608	0.101	0.019	0.000	90.000	90.386	
10.1950	CO210R28	500	3.101362	0.000623	2021-08-19 16:20:52	15.036	0.000	0.315	6.965	4.148	3.507	0.064	0.036	0.000	85.973	38.646	
10.1410	O1810R32	500	2.928323	0.000858	2021-08-19 16:21:01	9.201	0.000	0.316	1.966	3.239	3.569	0.092	0.019	0.000	100.000	100.000	
11.0050	C1310P06	500	1.634028	0.002095	2021-08-19 16:21:12	10.834	0.000	0.336	2.070	4.722	3.601	0.096	0.008	0.000	100.000	100.000	
10.1820	CO210R30	500	2.985602	0.000628	2021-08-19 16:21:25	12.769	0.000	0.327	3.259	5.467	3.599	0.099	0.018	0.000	88.750	50.022	
10.8840	C1310R06	500	1.888732	0.001951	2021-08-19 16:21:38	12.141	0.000	0.311	4.270	3.829	3.611	0.102	0.019	0.000	100.000	100.000	
10.1700	CO210R32	500	3.097576	0.000596	2021-08-19 16:21:53	13.618	0.000	0.314	4.549	5.030	3.606	0.098	0.020	0.000	85.254	54.929	
10.8670	C1310R08	500	1.919968	0.000939	2021-08-19 16:22:07	14.216	0.000	0.327	4.898	5.260	3.615	0.098	0.018	0.000	90.000	80.273	
10.1590	CO210R34	500	2.873894	0.000655	2021-08-19 16:22:19	11.317	0.000	0.322	2.763	4.557	3.563	0.096	0.016	0.000	85.000	55.682	
10.8500	C1310R10	500	1.921636	0.001160	2021-08-19 16:22:32	11.819	0.000	0.327	3.369	4.396	3.602	0.101	0.023	0.000	100.000	100.000	
10.1470	CO210R36	500	3.090737	0.000638	2021-08-19 16:22:46	13.682	0.000	0.327	3.968	5.677	3.593	0.097	0.019	0.000	86.049	52.656	
10.1310	O1810R34	0	NaN	NaN	2021-08-19 16:22:49	0.432	0.000	0.312	0.117	0.000	0.000	0.002	0.000	0.000	0.100	0.100	
10.8330	C1310R12	500	1.951989	0.000826	2021-08-19 16:23:00	12.790	0.000	0.310	4.868	3.904	3.547	0.142	0.019	0.000	90.000	80.319	
10.1360	CO210R38	500	2.857544	0.000590	2021-08-19 16:23:12	12.060	0.000	0.322	3.649	4.377	3.589	0.104	0.019	0.000	90.000	73.334	
10.1220	O1810R36	0	NaN	NaN	2021-08-19 16:23:15	3.207	0.000	0.331	2.875	0.000	0.000	0.001	0.000	0.000	100.000	100.000	
10.8160	C1310R14	500	1.966090	0.000916	2021-08-19 16:23:37	21.335	0.000	0.324	3.463	8.125	9.283	0.128	0.012	0.000	89.375	89.913	
10.1250	CO210R40	500	3.045401	0.000688	2021-08-19 16:23:49	11.993	0.000	0.312	3.364	4.605	3.596	0.103	0.013	0.000	100.000	100.000	
10.8000	C1310R16	500	1.972317	0.001040	2021-08-19 16:24:01	10.518	0.000	0.312	2.366	4.170	3.552	0.100	0.018	0.000	87.220	81.737	
9.7530	CO209P42	500	1.820223	0.001442	2021-08-19 16:24:17	13.225	0.000	0.330	4.265	4.985	3.541	0.085	0.019	0.000	100.000	100.000	
10.7840	C1310R18	500	1.886808	0.000888	2021-08-19 16:24:30	12.293	0.000	0.321	3.700	4.596	3.567	0.097	0.013	0.000	90.000	88.408	
9.7330	CO209P40	500	1.423842	0.001522	2021-08-19 16:24:42	11.024	0.000	0.334	2.146	4.907	3.542	0.088	0.008	0.000	100.000	100.000	
10.7680	C1310R20	500	1.930379	0.001122	2021-08-19 16:24:53	10.691	0.000	0.321	3.852	2.867	3.536	0.092	0.023	0.000	100.000	100.000	
9.7140	CO209P38	500	1.719657	0.001308	2021-08-19 16:25:07	12.331	0.000	0.321	2.680	5.618	3.596	0.096	0.019	0.000	100.000	100.000	
10.7530	C1310R22	500	1.938386	0.001952	2021-08-19 16:25:16	9.268	0.000	0.313	2.044	3.216	3.582	0.096	0.017	0.000	100.000	100.000	
9.6950	CO209P36	500	1.508542	0.001352	2021-08-19 16:25:30	11.508	0.000	0.323	2.765	4.756	3.550	0.092	0.020	0.000	100.000	100.000	
10.7380	C1310R24	500	1.920065	0.001589	2021-08-19 16:25:42	10.917	0.000	0.312	2.467	4.462	3.565	0.094	0.018	0.000	100.000	100.000	
9.6750	CO209P34	500	1.005814	0.003337	2021-08-19 16:25:56	12.378	0.000	0.336	2.869	5.524	3.543	0.091	0.015	0.000	100.000	100.000	
9.5520	O1809P46	-1	-1000000.000000	-1.000000	2021-08-19 16:26:04	0.000	0.000	0.000	0.000	0.000	0.000	0.000	0.000	0.000	-1.000	-1.000	
10.7230	C1310R26	500	1.960561	0.001192	2021-08-19 16:26:07	10.709	0.000	0.315	2.364	4.391	3.536	0.089	0.013	0.000	100.000	100.000	
9.6570	CO209P32	500	1.504437	0.001130	2021-08-19 16:26:24	15.246	0.000	0.317	5.944	5.258	3.611	0.094	0.021	0.000	75.606	60.201	
9.5360	O1809P44	500	1.033704	0.002026	2021-08-19 16:26:34	10.375	0.000	0.321	3.149	3.203	3.586	0.101	0.015	0.000	100.000	100.000	
10.7080	C1310R28	500	1.969601	0.001771	2021-08-19 16:26:45	10.352	0.000	0.315	1.364	4.989	3.568	0.100	0.017	0.000	100.000	100.000	
9.6390	CO209P30	500	1.321925	0.001344	2021-08-19 16:27:00	14.576	0.000	0.332	5.378	5.161	3.589	0.107	0.009	0.000	90.000	65.172	
9.5190	O1809P42	500	0.989521	0.001609	2021-08-19 16:27:13	13.197	0.000	0.322	5.265	3.816	3.619	0.148	0.027	0.000	85.556	73.090	
10.6940	C1310R30	500	1.969648	0.002811	2021-08-19 16:27:23	9.859	0.000	0.325	1.787	4.044	3.577	0.108	0.018	0.000	100.000	100.000	
9.6210	CO209P28	500	1.323220	0.001262	2021-08-19 16:27:37	13.703	0.000	0.315	4.378	5.264	3.611	0.109	0.026	0.000	87.500	49.403	
9.5030	O1809P40	500	0.927835	0.001774	2021-08-19 16:27:47	10.691	0.000	0.316	3.168	3.510	3.578	0.100	0.019	0.000	90.000	45.006	
10.6800	C1310R32	500	1.975740	0.002689	2021-08-19 16:27:57	9.753	0.000	0.318	2.004	3.737	3.576	0.098	0.020	0.000	100.000	100.000	
9.6040	CO209P26	500	1.226804	0.001259	2021-08-19 16:28:12	14.001	0.000	0.336	4.346	5.618	3.585	0.103	0.014	0.000	90.000	49.488	
9.4880	O1809P38	500	1.001843	0.001677	2021-08-19 16:28:25	13.011	0.000	0.316	5.560	3.462	3.559	0.095	0.019	0.000	89.688	34.563	
10.6660	C1310R34	500	1.976427	0.002429	2021-08-19 16:28:36	11.003	0.000	0.323	1.952	5.041	3.580	0.098	0.010	0.000	100.000	100.000	
9.4720	O1809P36	500	0.977164	0.001510	2021-08-19 16:28:48	11.875	0.000	0.317	4.583	3.275	3.580	0.101	0.020	0.000	90.000	32.926	
10.6520	C1310R36	500	1.987851	0.002756	2021-08-19 16:28:59	10.600	0.000	0.330	1.950	4.657	3.553	0.093	0.016	0.000	100.000	100.000	
9.5880	CO209P24	500	1.179309	0.001234	2021-08-19 16:29:16	16.783	0.000	0.317	7.766	5.050	3.551	0.095	0.004	0.000	80.170	45.280	
9.4570	O1809P34	500	0.887463	0.002026	2021-08-19 16:29:29	12.474	0.000	0.322	5.068	3.387	3.582	0.096	0.018	0.000	88.750	29.908	
10.6390	C1310R38	500	2.004240	0.002337	2021-08-19 16:29:39	10.386	0.000	0.312	2.025	4.373	3.566	0.095	0.017	0.000	100.000	100.000	
9.5690	CO209P22	500	1.089398	0.001572	2021-08-19 16:29:52	13.200	0.000	0.328	4.079	5.085	3.591	0.100	0.017	0.000	90.000	53.623	
9.4410	O1809P32	500	0.983975	0.001560	2021-08-19 16:30:04	11.901	0.000	0.334	4.271	3.624	3.557	0.095	0.021	0.000	90.000	21.482	
10.6260	C1310R40	500	1.970379	0.004235	2021-08-19 16:30:15	11.001	0.000	0.316	2.168	4.827	3.578	0.100	0.012	0.000	100.000	100.000	
9.5520	CO209P20	500	1.101324	0.001778	2021-08-19 16:30:29	13.189	0.000	0.317	4.458	4.747	3.549	0.102	0.017	0.000	90.000	45.920	
9.4270	O1809P30	500	0.997466	0.001339	2021-08-19 16:30:41	12.038	0.000	0.324	4.363	3.646	3.604	0.095	0.006	0.000	90.000	24.356	
9.5360	CO209P18	500	1.029525	0.001419	2021-08-19 16:30:55	13.009	0.000	0.317	3.546	5.445	3.585	0.098	0.017	0.000	90.000	50.874	
9.4120	O1809P28	500	0.959426	0.001687	2021-08-19 16:31:08	12.368	0.000	0.324	4.583	3.778	3.570	0.099	0.015	0.000	90.000	16.995	
9.5200	CO209P16	500	0.990474	0.001805	2021-08-19 16:31:21	12.680	0.000	0.320	3.645	5.023	3.572	0.101	0.018	0.000	90.000	41.419	
9.3970	O1809P26	500	0.950036	0.001528	2021-08-19 16:31:34	12.551	0.000	0.313	5.068	3.486	3.581	0.096	0.007	0.000	90.000	17.720	
9.5040	CO209P14	500	0.921243	0.001580	2021-08-19 16:31:47	12.526	0.000	0.330	3.548	4.987	3.550	0.098	0.013	0.000	90.000	54.904	
9.3830	O1809P24	500	0.832572	0.001877	2021-08-19 16:32:00	12.626	0.000	0.325	4.862	3.711	3.600	0.102	0.026	0.000	90.000	16.011	
10.1520	C1309P36	-1	-1000000.000000	-1.000000	2021-08-19 16:32:16	0.000	0.000	0.000	0.000	0.000	0.000	0.000	0.000	0.000	-1.000	-1.000	
9.4880	CO209P12	500	0.994372	0.002037	2021-08-19 16:32:14	13.296	0.000	0.319	3.867	5.409	3.583	0.097	0.022	0.000	90.000	34.691	
9.3690	O1809P22	500	0.914179	0.001662	2021-08-19 16:32:29	14.970	0.000	0.331	7.646	3.385	3.508	0.071	0.029	0.000	89.844	13.552	
9.4730	CO209P10	500	0.954838	0.001842	2021-08-19 16:32:41	12.565	0.000	0.322	3.879	4.692	3.561	0.093	0.017	0.000	90.000	39.949	
9.3550	O1809P20	500	0.979106	0.001695	2021-08-19 16:32:53	10.244	0.000	0.313	2.368	3.872	3.576	0.098	0.018	0.000	90.000	0.310	
9.4580	CO209P08	500	0.918870	0.001929	2021-08-19 16:33:08	12.497	0.000	0.323	3.366	5.120	3.568	0.103	0.016	0.000	85.000	50.478	
9.3410	O1809P18	500	0.968214	0.001445	2021-08-19 16:33:17	9.787	0.000	0.329	2.247	3.541	3.555	0.095	0.021	0.000	90.000	0.248	
9.3540	CO209R06	500	0.981520	0.001754	2021-08-19 16:33:36	13.269	0.000	0.326	4.077	5.204	3.548	0.097	0.018	0.000	90.000	24.611	
9.3280	O1809P16	500	0.944815	0.001799	2021-08-19 16:33:51	14.697	0.000	0.338	6.978	3.677	3.586	0.100	0.019	0.000	90.000	0.661	
9.3420	CO209R08	500	0.963355	0.001653	2021-08-19 16:34:04	12.439	0.000	0.327	3.266	5.129	3.598	0.099	0.021	0.000	90.000	24.741	
10.1310	C1309P34	-1	-1000000.000000	-1.000000	2021-08-19 16:34:15	0.000	0.000	0.000	0.000	0.000	0.000	0.000	0.000	0.000	-1.000	-1.000	
9.3150	O1809P14	500	0.935058	0.001968	2021-08-19 16:35:01	54.609	0.000	0.313	47.163	3.449	3.569	0.095	0.020	0.000	90.000	11.754	
10.1100	C1309P32	500	3.177387	0.002302	2021-08-19 16:35:11	10.069	0.000	0.329	2.246	3.840	3.544	0.098	0.013	0.000	100.000	100.000	
9.3290	CO209R10	500	0.956529	0.001709	2021-08-19 16:35:26	14.370	0.000	0.321	5.063	5.262	3.603	0.099	0.022	0.000	90.000	17.944	
9.3020	O1809P12	500	0.922417	0.001996	2021-08-19 16:35:45	19.487	0.000	0.323	11.661	3.797	3.590	0.098	0.018	0.000	90.000	11.835	
10.0900	C1309P30	500	3.117048	0.002043	2021-08-19 16:35:55	10.156	0.000	0.320	2.267	3.877	3.577	0.097	0.017	0.000	100.000	100.000	
9.3170	CO209R12	500	0.915690	0.002008	2021-08-19 16:36:10	13.801	0.000	0.317	4.345	5.434	3.588	0.098	0.019	0.000	90.000	16.382	
9.2890	O1809P10	500	0.944597	0.001448	2021-08-19 16:36:20	10.045	0.000	0.324	2.464	3.560	3.586	0.093	0.018	0.000	90.000	0.242	
10.0700	C1309P28	500	3.030464	0.001114	2021-08-19 16:36:32	11.679	0.000	0.333	2.364	5.247	3.614	0.098	0.024	0.000	100.000	100.000	
9.2760	O1809P08	500	0.935131	0.001992	2021-08-19 16:37:00	28.145	0.000	0.324	20.683	3.432	3.590	0.101	0.015	0.000	90.000	11.535	
10.0500	C1309P26	500	2.919452	0.001069	2021-08-19 16:37:12	11.491	0.000	0.328	2.649	4.828	3.572	0.097	0.018	0.000	100.000	100.000	
9.2640	O1809P06	500	0.955143	0.001585	2021-08-19 16:37:28	15.919	0.000	0.310	8.663	3.255	3.587	0.094	0.010	0.000	90.000	11.934	
10.0310	C1309P24	500	2.806323	0.000774	2021-08-19 16:37:39	10.924	0.000	0.313	2.552	4.371	3.571	0.097	0.019	0.000	100.000	100.000	
9.3050	CO209R14	500	0.917668	0.001729	2021-08-19 16:37:53	14.072	0.000	0.336	4.600	5.473	3.553	0.094	0.016	0.000	90.000	15.166	
9.1990	O1809R04	500	1.019547	0.001652	2021-08-19 16:38:05	11.799	0.000	0.316	4.367	3.451	3.550	0.095	0.020	0.000	90.000	17.385	
10.0120	C1309P22	500	2.480686	0.001779	2021-08-19 16:38:15	9.783	0.000	0.327	2.168	3.606	3.567	0.097	0.018	0.000	100.000	100.000	
9.2940	CO209R16	500	0.922941	0.001769	2021-08-19 16:38:36	21.099	0.000	0.327	11.552	5.552	3.554	0.096	0.017	0.000	90.000	12.057	
9.1870	O1809R06	500	1.013846	0.001801	2021-08-19 16:38:47	10.760	0.000	0.314	3.477	3.258	3.594	0.099	0.017	0.000	49.302	0.100	
9.9940	C1309P20	500	2.353910	0.001796	2021-08-19 16:38:57	10.097	0.000	0.324	2.264	3.827	3.562	0.103	0.017	0.000	100.000	100.000	
9.1760	O1809R08	500	1.029293	0.001554	2021-08-19 16:39:10	12.470	0.000	0.315	4.747	3.701	3.596	0.098	0.014	0.000	61.931	0.100	
9.2820	CO209R18	500	0.922639	0.001831	2021-08-19 16:39:24	13.657	0.000	0.322	4.454	5.183	3.584	0.098	0.016	0.000	90.000	13.481	
9.9750	C1309P18	500	2.210514	0.001602	2021-08-19 16:39:34	10.415	0.000	0.326	2.263	4.136	3.583	0.105	0.002	0.000	100.000	100.000	
9.1660	O1809R10	500	1.030682	0.001485	2021-08-19 16:39:46	11.986	0.000	0.311	4.183	3.786	3.585	0.103	0.017	0.000	33.504	0.100	
9.2710	CO209R20	500	0.938777	0.002277	2021-08-19 16:39:59	12.887	0.000	0.321	3.568	5.284	3.594	0.097	0.022	0.000	76.072	0.100	
9.9570	C1309P16	500	2.182917	0.002785	2021-08-19 16:40:09	10.179	0.000	0.339	2.263	3.905	3.559	0.097	0.016	0.000	100.000	100.000	
9.1550	O1809R12	500	1.070677	0.001270	2021-08-19 16:40:20	10.868	0.000	0.318	3.266	3.580	3.592	0.096	0.017	0.000	29.797	0.100	
9.2610	CO209R22	500	0.953710	0.001597	2021-08-19 16:40:46	25.473	0.000	0.326	16.381	5.100	3.547	0.095	0.025	0.000	90.000	11.126	
9.9400	C1309P14	500	2.070374	0.002852	2021-08-19 16:40:57	11.012	0.000	0.318	2.366	4.604	3.605	0.099	0.020	0.000	100.000	100.000	
9.1450	O1809R14	500	1.061126	0.001326	2021-08-19 16:41:10	12.859	0.000	0.316	4.666	4.198	3.563	0.098	0.017	0.000	29.470	0.100	
9.9230	C1309P12	500	2.130594	0.001769	2021-08-19 16:41:21	10.763	0.000	0.317	2.349	4.406	3.575	0.095	0.021	0.000	100.000	100.000	
9.2500	CO209R24	500	0.964255	0.001961	2021-08-19 16:41:34	12.858	0.000	0.326	3.562	5.318	3.541	0.094	0.016	0.000	70.000	0.100	
9.1340	O1809R16	500	1.042217	0.001330	2021-08-19 16:41:44	10.337	0.000	0.313	2.564	3.797	3.556	0.094	0.014	0.000	24.652	0.100	
9.9060	C1309P10	500	2.173119	0.002562	2021-08-19 16:41:56	11.187	0.000	0.323	2.384	4.836	3.540	0.099	0.005	0.000	100.000	100.000	
9.1250	O1809R18	500	1.014272	0.001304	2021-08-19 16:42:08	12.380	0.000	0.317	4.667	3.673	3.613	0.103	0.007	0.000	33.893	0.100	
9.2400	CO209R26	500	0.983316	0.001831	2021-08-19 16:42:21	12.179	0.000	0.312	2.975	5.097	3.629	0.143	0.023	0.000	59.241	0.100	
9.1150	O1809R20	500	1.014730	0.001493	2021-08-19 16:42:34	11.681	0.000	0.336	4.170	3.489	3.560	0.106	0.020	0.000	32.939	0.100	
9.2300	CO209R28	500	0.988822	0.001898	2021-08-19 16:42:47	11.332	0.000	0.325	2.946	4.394	3.556	0.094	0.018	0.000	68.576	0.100	
9.1050	O1809R22	500	0.992413	0.001748	2021-08-19 16:43:00	11.663	0.000	0.325	4.081	3.548	3.588	0.098	0.023	0.000	30.839	0.100	
9.2190	CO209R30	500	0.940995	0.002046	2021-08-19 16:43:14	13.189	0.000	0.317	3.962	5.192	3.600	0.099	0.018	0.000	76.667	12.082	
9.0950	O1809R24	500	0.992131	0.001581	2021-08-19 16:43:26	10.628	0.000	0.336	3.266	3.354	3.564	0.095	0.013	0.000	23.486	0.100	
9.2100	CO209R32	500	1.016174	0.001577	2021-08-19 16:43:41	13.097	0.000	0.320	3.778	5.287	3.593	0.101	0.017	0.000	76.931	0.100	
9.0860	O1809R26	500	0.953092	0.001665	2021-08-19 16:43:53	11.226	0.000	0.319	3.204	3.980	3.612	0.101	0.011	0.000	20.038	0.100	
9.7620	C1309R08	-1	-1000000.000000	-1.000000	2021-08-19 16:43:56	0.000	0.000	0.000	0.000	0.000	0.000	0.000	0.000	0.000	-1.000	-1.000	
9.2010	CO209R34	500	1.015309	0.001711	2021-08-19 16:44:07	12.450	0.000	0.329	3.194	5.233	3.583	0.098	0.012	0.000	74.305	0.100	
9.0770	O1809R28	500	0.952940	0.001739	2021-08-19 16:44:18	10.879	0.000	0.321	3.266	3.581	3.589	0.104	0.019	0.000	25.120	0.100	
9.7490	C1309R10	500	1.772269	0.008551	2021-08-19 16:44:30	11.521	0.000	0.326	2.365	5.115	3.584	0.111	0.020	0.000	100.000	100.000	
9.0680	O1809R30	500	0.906236	0.001750	2021-08-19 16:44:42	11.742	0.000	0.333	4.303	3.379	3.611	0.098	0.019	0.000	19.450	0.100	
9.7360	C1309R12	500	1.496364	0.004481	2021-08-19 16:44:54	11.605	0.000	0.320	2.372	5.234	3.565	0.099	0.015	0.000	100.000	100.000	
9.0590	O1809R32	500	0.874617	0.001787	2021-08-19 16:45:05	11.718	0.000	0.312	4.180	3.576	3.544	0.092	0.013	0.000	18.251	0.100	
9.7230	C1309R14	500	1.651170	0.002929	2021-08-19 16:45:16	10.270	0.000	0.317	2.423	3.861	3.555	0.097	0.017	0.000	100.000	100.000	
9.0510	O1809R34	500	0.856779	0.001936	2021-08-19 16:45:29	12.375	0.000	0.340	4.780	3.585	3.559	0.095	0.015	0.000	23.038	0.100	
9.7100	C1309R16	500	1.766573	0.002711	2021-08-19 16:45:40	10.729	0.000	0.318	2.379	4.371	3.549	0.097	0.014	0.000	100.000	100.000	
9.0420	O1809R36	500	0.831478	0.001658	2021-08-19 16:45:54	13.160	0.000	0.337	5.366	3.763	3.580	0.098	0.016	0.000	23.898	0.100	
9.6980	C1309R18	500	1.592483	0.004332	2021-08-19 16:46:15	10.351	0.000	0.315	2.346	4.019	3.558	0.093	0.021	0.000	100.000	100.000	
9.0340	O1809R38	500	0.772160	0.002176	2021-08-19 16:46:26	10.661	0.000	0.326	3.276	3.388	3.552	0.092	0.027	0.000	27.816	0.100	
9.6860	C1309R20	500	1.297062	0.004731	2021-08-19 16:46:36	9.835	0.000	0.312	2.376	3.471	3.570	0.095	0.009	0.000	100.000	100.000	
9.0260	O1809R40	500	0.787419	0.002370	2021-08-19 16:46:52	14.192	0.000	0.323	6.367	3.813	3.576	0.098	0.016	0.000	45.142	0.100	
9.6750	C1309R22	500	1.034968	0.012500	2021-08-19 16:47:39	11.062	0.000	0.323	2.247	4.822	3.553	0.095	0.023	0.000	100.000	100.000	
9.6630	C1309R24	500	1.536403	0.003315	2021-08-19 16:48:04	10.987	0.000	0.319	2.383	4.607	3.563	0.095	0.019	0.000	100.000	100.000	
9.6520	C1309R26	500	1.454633	0.005452	2021-08-19 16:48:28	10.758	0.000	0.323	2.365	4.379	3.575	0.095	0.021	0.000	100.000	100.000	
9.0180	O1809R42	-1	-1000000.000000	-1.000000	2021-08-19 16:49:26	0.000	0.000	0.000	0.000	0.000	0.000	0.000	0.000	0.000	-1.000	-1.000	
10.6640	O1810P36	500	1.991219	0.002821	2021-08-19 16:49:55	8.599	0.000	0.314	1.368	3.235	3.574	0.098	0.010	0.000	100.000	100.000	
10.6430	O1810P34	500	2.010088	0.003848	2021-08-19 16:50:20	9.354	0.000	0.322	1.984	3.355	3.581	0.093	0.018	0.000	100.000	100.000	
10.2780	O1810R08	500	2.667318	0.000981	2021-08-19 16:50:44	8.881	0.000	0.323	2.366	2.541	3.548	0.093	0.010	0.000	100.000	100.000	
9.6420	C1309R28	500	1.355439	0.004413	2021-08-19 16:51:05	10.329	0.000	0.314	2.346	3.948	3.603	0.101	0.016	0.000	100.000	100.000	
10.1310	O1810R34	500	3.204750	0.002104	2021-08-19 16:52:40	8.969	0.000	0.313	1.951	3.039	3.558	0.093	0.014	0.000	100.000	100.000	
9.6310	C1309R30	-1	-1000000.000000	-1.000000	2021-08-19 16:53:03	0.000	0.000	0.000	0.000	0.000	0.000	0.000	0.000	0.000	-1.000	-1.000	
10.1220	O1810R36	500	2.998330	0.002882	2021-08-19 16:53:04	9.181	0.000	0.327	2.196	2.946	3.595	0.097	0.020	0.000	100.000	100.000	
9.6210	C1309R32	-1	-1000000.000000	-1.000000	2021-08-19 16:55:04	0.000	0.000	0.000	0.000	0.000	0.000	0.000	0.000	0.000	-1.000	-1.000	
9.5520	O1809P46	-1	-1000000.000000	-1.000000	2021-08-19 16:55:48	0.000	0.000	0.000	0.000	0.000	0.000	0.000	0.000	0.000	-1.000	-1.000	
9.6110	C1309R34	-1	-1000000.000000	-1.000000	2021-08-19 16:57:04	0.000	0.000	0.000	0.000	0.000	0.000	0.000	0.000	0.000	-1.000	-1.000	
11.1710	C1310P22	327	1.395161	0.002316	2021-08-19 16:58:11	46.196	0.000	0.324	5.721	15.233	24.828	0.062	0.028	0.000	90.000	77.718	
9.0180	O1809R42	-1	-1000000.000000	-1.000000	2021-08-19 16:58:38	0.000	0.000	0.000	0.000	0.000	0.000	0.000	0.000	0.000	-1.000	-1.000	
10.1520	C1309P36	-1	-1000000.000000	-1.000000	2021-08-19 16:59:55	0.000	0.000	0.000	0.000	0.000	0.000	0.000	0.000	0.000	-1.000	-1.000	
10.1310	C1309P34	-1	-1000000.000000	-1.000000	2021-08-19 17:01:27	0.000	0.000	0.000	0.000	0.000	0.000	0.000	0.000	0.000	-1.000	-1.000	
9.7620	C1309R08	-1	-1000000.000000	-1.000000	2021-08-19 17:03:01	0.000	0.000	0.000	0.000	0.000	0.000	0.000	0.000	0.000	-1.000	-1.000	
9.6310	C1309R30	-1	-1000000.000000	-1.000000	2021-08-19 17:04:33	0.000	0.000	0.000	0.000	0.000	0.000	0.000	0.000	0.000	-1.000	-1.000	
9.6210	C1309R32	1	1.252295	NaN	2021-08-19 17:07:02	56.554	0.000	0.319	9.872	23.587	22.774	0.001	0.000	0.000	100.000	100.000	
9.6110	C1309R34	-1	-1000000.000000	-1.000000	2021-08-19 17:08:34	0.000	0.000	0.000	0.000	0.000	0.000	0.000	0.000	0.000	-1.000	-1.000	
