Wavelength	Line name	# of completed ringdowns	Ringdowntimes (us)	STOT	TimeStamp	Get ringdown time (s)	Step time (s)	Step time (s)	Step time(s)	Step time(s) 	Step time(s) 	Step time(s)	Step time(s)	Step time(s) 	AOM setting	Attenuator setting
10.8110	CO210P40	500	1.621214	0.000845	2021-08-15 17:32:50	11.320	0.000	0.330	2.164	5.168	3.543	0.115	0.000	0.000	90.000	97.281	
10.7870	CO210P38	500	1.734769	0.002230	2021-08-15 17:33:18	10.389	0.000	0.319	2.298	4.184	3.496	0.091	0.000	0.000	100.000	100.000	
10.7640	CO210P36	500	1.678225	0.001405	2021-08-15 17:33:48	11.739	0.000	0.312	2.370	5.480	3.492	0.085	0.000	0.000	100.000	100.000	
10.7410	CO210P34	500	1.680310	0.002586	2021-08-15 17:34:29	22.799	0.000	0.324	2.269	10.319	9.807	0.080	0.000	0.000	100.000	100.000	
11.2390	C1310P28	500	1.027155	0.004667	2021-08-15 17:34:52	9.478	0.000	0.315	1.363	4.165	3.537	0.098	0.000	0.000	100.000	100.000	
10.6640	O1810P36	-1	-1000000.000000	-1.000000	2021-08-15 17:35:23	0.000	0.000	0.000	0.000	0.000	0.000	0.000	0.000	0.000	-1.000	-1.000	
10.7190	CO210P32	505	1.653244	0.005505	2021-08-15 17:35:53	61.774	0.000	0.338	4.771	35.388	21.180	0.098	0.000	0.000	100.000	100.000	
10.6430	O1810P34	500	1.660970	0.004023	2021-08-15 17:36:02	8.512	0.000	0.318	1.953	2.566	3.554	0.120	0.000	0.000	100.000	100.000	
10.6960	CO210P30	500	1.695335	0.001845	2021-08-15 17:36:21	11.316	0.000	0.324	2.351	4.978	3.544	0.119	0.000	0.000	100.000	100.000	
10.6220	O1810P32	500	1.663424	0.002022	2021-08-15 17:36:31	9.025	0.000	0.325	2.182	2.841	3.564	0.113	0.000	0.000	100.000	100.000	
11.2160	C1310P26	-1	-1000000.000000	-1.000000	2021-08-15 17:36:49	0.000	0.000	0.000	0.000	0.000	0.000	0.000	0.000	0.000	-1.000	-1.000	
10.6750	CO210P28	500	1.670004	0.002781	2021-08-15 17:36:47	11.005	0.000	0.325	2.364	4.653	3.546	0.117	0.000	0.000	100.000	100.000	
10.6020	O1810P30	500	1.677696	0.001522	2021-08-15 17:36:57	9.233	0.000	0.322	2.151	3.052	3.589	0.118	0.000	0.000	100.000	100.000	
10.6530	CO210P26	500	1.659075	0.010695	2021-08-15 17:37:15	12.068	0.000	0.311	2.979	5.209	3.509	0.039	0.020	0.000	100.000	100.000	
10.5820	O1810P28	500	1.672545	0.001408	2021-08-15 17:37:25	9.491	0.000	0.316	2.178	3.361	3.535	0.101	0.000	0.000	100.000	100.000	
10.6320	CO210P24	500	1.656747	0.007779	2021-08-15 17:37:41	11.277	0.000	0.324	2.362	4.896	3.582	0.114	0.000	0.000	100.000	100.000	
10.5630	O1810P26	500	1.693158	0.000966	2021-08-15 17:37:51	10.150	0.000	0.324	2.484	3.642	3.583	0.115	0.000	0.000	100.000	100.000	
10.6110	CO210P22	500	1.676460	0.011654	2021-08-15 17:38:35	40.087	0.000	0.331	2.725	17.356	19.554	0.122	0.000	0.000	100.000	100.000	
10.5430	O1810P24	500	1.622439	0.000880	2021-08-15 17:38:45	9.860	0.000	0.311	2.363	3.504	3.566	0.115	0.000	0.000	100.000	100.000	
11.1940	C1310P24	500	1.018753	0.004325	2021-08-15 17:38:55	10.236	0.000	0.317	2.361	3.869	3.571	0.118	0.000	0.000	100.000	100.000	
10.5910	CO210P20	500	1.676838	0.002364	2021-08-15 17:39:05	10.424	0.000	0.323	1.594	4.842	3.554	0.111	0.000	0.000	100.000	100.000	
10.5250	O1810P22	500	1.668525	0.001095	2021-08-15 17:39:15	9.897	0.000	0.320	2.188	3.743	3.538	0.107	0.000	0.000	100.000	100.000	
11.1710	C1310P22	523	1.032974	0.003361	2021-08-15 17:40:04	48.541	0.000	0.321	5.237	24.203	18.651	0.128	0.000	0.000	100.000	100.000	
10.5710	CO210P18	500	1.674974	0.010321	2021-08-15 17:40:15	10.207	0.000	0.326	1.382	4.800	3.580	0.118	0.000	0.000	100.000	100.000	
10.5060	O1810P20	500	1.624594	0.001023	2021-08-15 17:40:25	10.002	0.000	0.318	2.149	3.852	3.566	0.116	0.000	0.000	100.000	100.000	
11.1490	C1310P20	500	1.026601	0.003424	2021-08-15 17:40:35	9.945	0.000	0.319	2.748	3.161	3.595	0.121	0.000	0.000	100.000	100.000	
10.5510	CO210P16	500	1.677928	0.002010	2021-08-15 17:40:45	10.348	0.000	0.319	1.368	4.984	3.560	0.117	0.000	0.000	100.000	100.000	
10.4880	O1810P18	500	1.600359	0.001001	2021-08-15 17:40:55	10.352	0.000	0.320	2.558	3.748	3.608	0.118	0.000	0.000	100.000	100.000	
10.5320	CO210P14	500	1.680405	0.020704	2021-08-15 17:41:11	11.565	0.000	0.321	2.748	4.791	3.589	0.117	0.000	0.000	100.000	100.000	
10.4710	O1810P16	500	1.689658	0.001055	2021-08-15 17:41:20	9.397	0.000	0.312	2.162	3.315	3.501	0.106	0.000	0.000	100.000	100.000	
10.5130	CO210P12	500	1.660986	0.001240	2021-08-15 17:41:37	11.199	0.000	0.318	2.165	5.022	3.578	0.115	0.000	0.000	100.000	100.000	
10.4530	O1810P14	500	1.684754	0.001174	2021-08-15 17:41:48	10.255	0.000	0.341	2.396	3.803	3.596	0.119	0.000	0.000	100.000	100.000	
10.4940	CO210P10	500	1.662794	0.019058	2021-08-15 17:42:32	40.612	0.000	0.319	2.818	17.823	19.540	0.112	0.000	0.000	100.000	100.000	
11.1280	C1310P18	500	1.051643	0.003488	2021-08-15 17:42:42	9.921	0.000	0.317	2.177	3.782	3.544	0.100	0.000	0.000	100.000	100.000	
10.4360	O1810P12	500	1.739482	0.001347	2021-08-15 17:42:52	9.957	0.000	0.320	2.362	3.638	3.528	0.109	0.000	0.000	100.000	100.000	
10.4760	CO210P08	500	1.683034	0.008756	2021-08-15 17:43:03	11.050	0.000	0.324	1.950	5.088	3.571	0.116	0.000	0.000	100.000	100.000	
10.4200	O1810P10	500	1.785166	0.001102	2021-08-15 17:43:16	8.536	0.000	0.312	2.164	2.367	3.583	0.109	0.000	0.000	100.000	100.000	
10.4580	CO210P06	500	1.722865	0.006146	2021-08-15 17:43:28	10.724	0.000	0.317	1.970	4.752	3.571	0.114	0.000	0.000	100.000	100.000	
10.4040	O1810P08	500	1.825717	0.002831	2021-08-15 17:43:39	8.317	0.000	0.317	1.750	2.597	3.545	0.107	0.000	0.000	100.000	100.000	
10.3650	CO210R04	500	1.772760	0.001603	2021-08-15 17:43:58	14.045	0.000	0.320	4.568	5.440	3.602	0.114	0.000	0.000	100.000	100.000	
10.2780	O1810R08	500	2.065932	0.001214	2021-08-15 17:44:07	8.749	0.000	0.320	2.349	2.409	3.553	0.118	0.000	0.000	100.000	100.000	
10.3490	CO210R06	500	1.700083	0.002453	2021-08-15 17:44:23	10.797	0.000	0.331	1.963	4.822	3.567	0.113	0.000	0.000	100.000	100.000	
10.2650	O1810R10	500	2.133703	0.000651	2021-08-15 17:44:34	9.946	0.000	0.321	2.380	3.557	3.573	0.115	0.000	0.000	100.000	100.000	
10.3340	CO210R08	500	1.752431	0.000895	2021-08-15 17:44:50	11.820	0.000	0.317	2.483	5.365	3.542	0.113	0.000	0.000	100.000	100.000	
11.1070	C1310P16	500	1.082238	0.002620	2021-08-15 17:44:59	9.559	0.000	0.316	2.182	3.417	3.542	0.103	0.000	0.000	100.000	100.000	
10.2520	O1810R12	500	2.201381	0.000589	2021-08-15 17:45:11	11.757	0.000	0.312	4.048	3.683	3.595	0.118	0.000	0.000	90.000	92.254	
10.3180	CO210R10	500	1.885842	0.000893	2021-08-15 17:45:22	10.867	0.000	0.325	2.160	4.696	3.574	0.113	0.000	0.000	100.000	100.000	
11.0860	C1310P14	500	1.105995	0.001843	2021-08-15 17:45:32	9.547	0.000	0.317	2.050	3.472	3.594	0.114	0.000	0.000	100.000	100.000	
10.2400	O1810R14	500	2.268537	0.000552	2021-08-15 17:45:45	12.200	0.000	0.313	4.462	3.726	3.586	0.112	0.000	0.000	90.000	88.911	
10.3030	CO210R12	500	1.886519	0.001053	2021-08-15 17:45:57	12.299	0.000	0.313	2.762	5.537	3.573	0.114	0.001	0.000	100.000	100.000	
11.0650	C1310P12	500	1.141709	0.023556	2021-08-15 17:46:07	9.937	0.000	0.320	2.163	3.799	3.551	0.104	0.000	0.000	100.000	100.000	
10.2280	O1810R16	500	2.318339	0.000630	2021-08-15 17:46:19	11.463	0.000	0.323	4.666	2.785	3.573	0.114	0.000	0.000	90.000	88.721	
10.2890	CO210R14	500	1.956203	0.000764	2021-08-15 17:46:29	10.768	0.000	0.324	2.581	4.132	3.582	0.149	0.000	0.000	76.667	65.285	
11.0450	C1310P10	500	1.187388	0.005060	2021-08-15 17:46:40	10.820	0.000	0.317	1.791	5.019	3.571	0.121	0.000	0.000	100.000	100.000	
10.2160	O1810R18	500	2.387956	0.000508	2021-08-15 17:46:52	10.983	0.000	0.327	3.199	3.761	3.575	0.121	0.000	0.000	92.182	100.000	
10.2740	CO210R16	500	2.056206	0.000750	2021-08-15 17:47:03	11.468	0.000	0.318	3.066	4.512	3.507	0.046	0.019	0.000	88.750	71.119	
10.2040	O1810R20	500	2.409967	0.000588	2021-08-15 17:47:16	10.720	0.000	0.323	3.859	2.889	3.549	0.100	0.000	0.000	90.000	90.726	
10.2600	CO210R18	500	2.165518	0.000717	2021-08-15 17:47:31	12.890	0.000	0.317	3.677	5.230	3.557	0.108	0.000	0.000	87.500	54.776	
10.1930	O1810R22	500	2.454514	0.000587	2021-08-15 17:47:43	11.759	0.000	0.318	4.151	3.574	3.602	0.114	0.000	0.000	90.000	77.767	
10.2470	CO210R20	500	1.933495	0.000743	2021-08-15 17:47:56	11.815	0.000	0.311	2.665	5.171	3.555	0.113	0.000	0.000	90.000	69.535	
10.1820	O1810R24	500	2.445584	0.000610	2021-08-15 17:48:10	11.513	0.000	0.330	4.062	3.478	3.541	0.103	0.000	0.000	89.953	77.491	
10.2330	CO210R22	500	2.279806	0.000725	2021-08-15 17:48:23	12.819	0.000	0.319	3.662	5.130	3.596	0.112	0.000	0.000	88.750	65.337	
10.1710	O1810R26	500	2.486210	0.000587	2021-08-15 17:48:36	11.851	0.000	0.327	3.658	4.168	3.586	0.112	0.000	0.000	90.000	93.198	
10.2200	CO210R24	500	2.349157	0.000643	2021-08-15 17:48:48	11.594	0.000	0.310	2.745	4.866	3.563	0.109	0.000	0.000	85.000	64.407	
11.0250	C1310P08	500	1.233607	0.011381	2021-08-15 17:48:58	9.113	0.000	0.313	1.880	3.216	3.591	0.112	0.000	0.000	100.000	100.000	
10.1610	O1810R28	500	2.447030	0.000637	2021-08-15 17:49:10	12.040	0.000	0.333	4.651	3.352	3.593	0.112	0.000	0.000	90.000	81.424	
10.2070	CO210R26	500	2.401967	0.000633	2021-08-15 17:49:23	12.409	0.000	0.322	3.349	5.060	3.566	0.113	0.000	0.000	88.750	64.458	
10.1500	O1810R30	500	2.464068	0.000828	2021-08-15 17:49:35	10.017	0.000	0.335	1.979	4.017	3.575	0.111	0.000	0.000	100.000	100.000	
10.1950	CO210R28	500	2.438809	0.000615	2021-08-15 17:49:50	13.109	0.000	0.319	4.365	4.734	3.579	0.111	0.000	0.000	83.672	57.009	
10.1410	O1810R32	500	2.441802	0.000736	2021-08-15 17:49:58	8.114	0.000	0.325	1.865	2.265	3.547	0.112	0.000	0.000	100.000	100.000	
10.1820	CO210R30	500	2.436588	0.000617	2021-08-15 17:50:16	11.297	0.000	0.342	2.194	5.103	3.545	0.112	0.000	0.000	80.000	62.944	
10.1310	O1810R34	500	2.439912	0.004952	2021-08-15 17:50:25	8.922	0.000	0.329	1.746	3.150	3.585	0.111	0.000	0.000	100.000	100.000	
10.1700	CO210R32	500	2.472931	0.000702	2021-08-15 17:50:44	12.623	0.000	0.320	4.359	4.316	3.526	0.101	0.000	0.000	89.750	75.451	
10.1590	CO210R34	500	2.451323	0.000685	2021-08-15 17:51:12	11.407	0.000	0.315	2.765	4.660	3.556	0.110	0.000	0.000	85.000	71.406	
11.0050	C1310P06	500	1.255833	0.008439	2021-08-15 17:51:23	10.392	0.000	0.320	1.765	4.668	3.538	0.100	0.000	0.000	100.000	100.000	
10.1470	CO210R36	500	2.467559	0.000681	2021-08-15 17:51:40	13.252	0.000	0.323	4.147	5.121	3.550	0.110	0.000	0.000	86.049	54.517	
10.1220	O1810R36	0	NaN	NaN	2021-08-15 17:51:44	3.307	0.000	0.339	2.966	0.000	0.000	0.002	0.000	0.000	100.000	100.000	
10.8840	C1310R06	500	1.633277	0.001431	2021-08-15 17:51:56	12.061	0.000	0.315	4.162	3.916	3.519	0.148	0.000	0.000	100.000	100.000	
10.1360	CO210R38	500	2.413446	0.000633	2021-08-15 17:52:07	11.457	0.000	0.326	2.463	5.032	3.530	0.106	0.000	0.000	90.000	84.952	
10.8670	C1310R08	500	1.678320	0.001150	2021-08-15 17:52:21	10.870	0.000	0.316	2.565	4.316	3.563	0.109	0.000	0.000	100.000	100.000	
10.1250	CO210R40	500	2.397209	0.000939	2021-08-15 17:52:34	12.257	0.000	0.329	3.649	4.623	3.553	0.102	0.000	0.000	100.000	100.000	
10.8500	C1310R10	500	1.686279	0.001376	2021-08-15 17:52:53	17.907	0.000	0.321	2.186	5.971	9.324	0.104	0.000	0.000	100.000	100.000	
9.7530	CO209P42	500	0.820527	0.009551	2021-08-15 17:53:06	13.032	0.000	0.319	4.761	4.278	3.569	0.105	0.000	0.000	100.000	100.000	
10.8330	C1310R12	500	1.732585	0.001281	2021-08-15 17:53:16	9.912	0.000	0.320	2.346	3.644	3.512	0.089	0.000	0.000	100.000	100.000	
9.7330	CO209P40	500	8.793017	0.070845	2021-08-15 17:53:30	11.292	0.000	0.323	2.347	5.014	3.508	0.099	0.000	0.000	100.000	100.000	
10.8160	C1310R14	500	1.743816	0.000920	2021-08-15 17:53:43	12.703	0.000	0.324	3.663	5.022	3.586	0.107	0.000	0.000	100.000	100.000	
9.7140	CO209P38	500	0.745032	0.009783	2021-08-15 17:53:54	11.610	0.000	0.320	2.648	5.043	3.506	0.093	0.000	0.000	100.000	100.000	
10.8000	C1310R16	500	1.747173	0.001727	2021-08-15 17:54:06	10.766	0.000	0.324	1.548	5.234	3.556	0.103	0.000	0.000	100.000	100.000	
9.6950	CO209P36	500	0.682087	0.011684	2021-08-15 17:54:19	11.716	0.000	0.326	2.762	5.004	3.528	0.096	0.000	0.000	100.000	100.000	
9.5520	O1809P46	-1	-1000000.000000	-1.000000	2021-08-15 17:54:25	0.000	0.000	0.000	0.000	0.000	0.000	0.000	0.000	0.000	-1.000	-1.000	
10.7840	C1310R18	500	1.605813	0.001331	2021-08-15 17:54:32	11.203	0.000	0.320	2.863	4.365	3.554	0.101	0.000	0.000	100.000	100.000	
9.6750	CO209P34	500	3.724872	0.838410	2021-08-15 17:54:45	11.823	0.000	0.318	2.759	5.073	3.568	0.103	0.000	0.000	100.000	100.000	
9.5360	O1809P44	500	14.234072	0.114451	2021-08-15 17:54:57	12.306	0.000	0.347	4.451	3.816	3.576	0.115	0.000	0.000	100.000	100.000	
10.7680	C1310R20	500	1.678611	0.001221	2021-08-15 17:55:07	9.867	0.000	0.322	2.262	3.587	3.583	0.113	0.000	0.000	100.000	100.000	
9.6570	CO209P32	500	7.207767	0.059172	2021-08-15 17:55:20	12.785	0.000	0.327	3.461	5.311	3.577	0.108	0.000	0.000	100.000	100.000	
9.5190	O1809P42	500	7.332669	0.044293	2021-08-15 17:55:31	11.031	0.000	0.330	4.049	3.049	3.499	0.105	0.000	0.000	100.000	100.000	
10.7530	C1310R22	500	1.663899	0.003103	2021-08-15 17:55:43	10.960	0.000	0.325	1.862	5.095	3.561	0.117	0.000	0.000	100.000	100.000	
9.5030	O1809P40	500	5.814298	0.024323	2021-08-15 17:55:55	11.869	0.000	0.314	3.886	3.998	3.559	0.111	0.000	0.000	100.000	100.000	
10.7380	C1310R24	500	1.630804	0.002592	2021-08-15 17:56:05	9.826	0.000	0.317	2.159	3.658	3.576	0.115	0.000	0.000	100.000	100.000	
9.6390	CO209P30	500	9.908792	0.133103	2021-08-15 17:56:17	12.660	0.000	0.320	3.565	5.100	3.563	0.111	0.000	0.000	100.000	100.000	
9.4880	O1809P38	500	5.552299	0.096225	2021-08-15 17:56:29	11.387	0.000	0.314	3.747	3.625	3.586	0.115	0.000	0.000	100.000	100.000	
10.7230	C1310R26	500	1.685966	0.001945	2021-08-15 17:56:40	10.897	0.000	0.318	1.980	4.926	3.563	0.110	0.000	0.000	100.000	100.000	
9.4720	O1809P36	500	5.647776	0.079435	2021-08-15 17:56:52	12.140	0.000	0.328	4.672	3.444	3.582	0.115	0.000	0.000	100.000	100.000	
10.7080	C1310R28	500	1.691398	0.002606	2021-08-15 17:57:02	9.964	0.000	0.332	1.349	4.578	3.590	0.115	0.000	0.000	100.000	100.000	
9.6210	CO209P28	500	8.281539	0.121878	2021-08-15 17:57:15	12.383	0.000	0.314	3.100	5.273	3.581	0.115	0.000	0.000	100.000	100.000	
9.4570	O1809P34	500	5.772142	0.029855	2021-08-15 17:57:27	12.617	0.000	0.339	4.865	3.749	3.550	0.114	0.000	0.000	100.000	100.000	
10.6940	C1310R30	500	1.685894	0.004174	2021-08-15 17:57:38	10.492	0.000	0.316	1.362	5.195	3.519	0.101	0.000	0.000	100.000	100.000	
9.6040	CO209P26	500	8.913772	0.082680	2021-08-15 17:57:51	12.705	0.000	0.310	3.845	4.844	3.592	0.113	0.000	0.000	100.000	100.000	
9.4410	O1809P32	500	1.821222	1.282209	2021-08-15 17:58:05	14.178	0.000	0.318	6.276	3.924	3.549	0.111	0.000	0.000	90.000	78.362	
10.6800	C1310R32	500	1.674075	0.003467	2021-08-15 17:58:14	9.128	0.000	0.313	1.764	3.364	3.580	0.108	0.000	0.000	100.000	100.000	
9.5880	CO209P24	0	NaN	NaN	2021-08-15 17:59:12	57.746	0.000	0.322	8.912	25.620	22.890	0.002	0.000	0.000	100.000	100.000	
9.4270	O1809P30	500	0.383397	0.006249	2021-08-15 17:59:26	13.564	0.000	0.316	5.949	3.648	3.520	0.130	0.000	0.000	85.556	72.567	
10.6660	C1310R34	500	1.659927	0.003611	2021-08-15 17:59:37	10.818	0.000	0.321	1.798	5.026	3.565	0.108	0.000	0.000	100.000	100.000	
9.5690	CO209P22	4	9.036062	0.125773	2021-08-15 18:00:35	58.324	0.000	0.314	7.565	27.568	22.875	0.001	0.000	0.000	100.000	100.000	
9.4120	O1809P28	500	0.757417	1.815827	2021-08-15 18:00:49	12.933	0.000	0.315	5.566	3.380	3.520	0.151	0.000	0.000	75.000	66.917	
10.6520	C1310R36	500	1.658661	0.002839	2021-08-15 18:00:59	10.765	0.000	0.325	1.752	5.078	3.506	0.104	0.000	0.000	100.000	100.000	
9.5520	CO209P20	500	8.203434	0.075783	2021-08-15 18:01:12	12.886	0.000	0.336	3.949	4.938	3.547	0.115	0.000	0.000	100.000	100.000	
9.3970	O1809P26	500	5.596915	0.017553	2021-08-15 18:01:26	13.722	0.000	0.320	6.462	3.316	3.514	0.109	0.000	0.000	87.037	66.859	
10.6390	C1310R38	500	1.658243	0.003345	2021-08-15 18:01:36	9.407	0.000	0.337	1.862	3.457	3.599	0.151	0.000	0.000	100.000	100.000	
9.5360	CO209P18	500	8.515663	0.078743	2021-08-15 18:01:49	13.081	0.000	0.310	3.969	5.091	3.594	0.116	0.000	0.000	100.000	100.000	
9.3830	O1809P24	500	6.166449	0.046487	2021-08-15 18:02:03	13.665	0.000	0.316	6.061	3.582	3.588	0.118	0.000	0.000	90.000	75.123	
10.6260	C1310R40	500	1.620146	0.004332	2021-08-15 18:02:13	9.719	0.000	0.319	1.648	4.119	3.523	0.110	0.000	0.000	100.000	100.000	
9.3690	O1809P22	500	5.847862	0.021416	2021-08-15 18:02:27	14.124	0.000	0.318	6.652	3.472	3.570	0.113	0.000	0.000	73.125	58.405	
9.5200	CO209P16	500	8.853393	0.088520	2021-08-15 18:02:39	11.864	0.000	0.316	3.549	4.384	3.512	0.102	0.000	0.000	100.000	100.000	
9.3550	O1809P20	500	3.364846	0.762009	2021-08-15 18:02:54	13.591	0.000	0.326	6.477	3.130	3.542	0.116	0.000	0.000	80.508	46.795	
9.5040	CO209P14	500	11.524662	0.188444	2021-08-15 18:03:06	12.048	0.000	0.327	3.063	4.999	3.548	0.111	0.000	0.000	100.000	100.000	
9.3410	O1809P18	500	4.287206	0.522482	2021-08-15 18:03:21	12.649	0.000	0.328	5.146	3.492	3.574	0.110	0.000	0.000	81.111	46.939	
10.1520	C1309P36	-1	-1000000.000000	-1.000000	2021-08-15 18:04:05	0.000	0.000	0.000	0.000	0.000	0.000	0.000	0.000	0.000	-1.000	-1.000	
9.4880	CO209P12	500	8.027935	0.095878	2021-08-15 18:04:06	44.906	0.000	0.326	6.900	16.866	20.707	0.106	0.000	0.000	100.000	100.000	
9.3280	O1809P16	500	5.636872	0.018790	2021-08-15 18:04:19	13.848	0.000	0.322	6.361	3.476	3.580	0.110	0.000	0.000	80.508	45.341	
9.4730	CO209P10	500	8.303171	0.080307	2021-08-15 18:04:32	12.295	0.000	0.313	3.362	4.935	3.573	0.113	0.000	0.000	100.000	100.000	
9.3150	O1809P14	500	5.729461	0.018851	2021-08-15 18:04:46	13.735	0.000	0.318	6.668	3.086	3.551	0.111	0.000	0.000	65.312	52.115	
9.4580	CO209P08	500	13.704749	0.284853	2021-08-15 18:04:59	12.178	0.000	0.338	2.665	5.499	3.566	0.111	0.000	0.000	100.000	100.000	
9.3020	O1809P12	500	5.777654	0.025821	2021-08-15 18:05:12	13.022	0.000	0.320	5.963	3.056	3.572	0.110	0.000	0.000	84.074	43.182	
9.3540	CO209R06	500	6.196792	0.032101	2021-08-15 18:05:40	27.592	0.000	0.329	2.960	14.867	9.323	0.113	0.000	0.000	100.000	100.000	
10.1310	C1309P34	-1	-1000000.000000	-1.000000	2021-08-15 18:05:59	0.000	0.000	0.000	0.000	0.000	0.000	0.000	0.000	0.000	-1.000	-1.000	
9.2890	O1809P10	500	5.665892	0.031224	2021-08-15 18:05:59	18.648	0.000	0.321	11.248	3.413	3.553	0.112	0.000	0.000	89.085	39.667	
9.3420	CO209R08	500	6.617942	0.043724	2021-08-15 18:06:12	12.861	0.000	0.316	3.362	5.495	3.578	0.110	0.000	0.000	100.000	100.000	
10.1100	C1309P32	500	2.367063	0.003810	2021-08-15 18:06:20	8.374	0.000	0.317	1.468	2.878	3.597	0.114	0.000	0.000	100.000	100.000	
9.2760	O1809P08	500	5.707708	0.040148	2021-08-15 18:06:39	18.131	0.000	0.328	10.788	3.349	3.550	0.115	0.000	0.000	88.857	41.733	
10.0900	C1309P30	500	2.258939	0.004483	2021-08-15 18:06:50	10.877	0.000	0.326	1.982	4.923	3.541	0.104	0.000	0.000	100.000	100.000	
9.2640	O1809P06	500	5.648876	0.028751	2021-08-15 18:07:03	13.474	0.000	0.335	6.060	3.403	3.559	0.116	0.000	0.000	77.344	49.897	
10.0700	C1309P28	500	2.176324	0.001885	2021-08-15 18:07:14	10.520	0.000	0.313	1.948	4.590	3.557	0.112	0.000	0.000	100.000	100.000	
9.3290	CO209R10	500	6.511113	0.038545	2021-08-15 18:07:27	12.668	0.000	0.314	3.764	4.906	3.570	0.113	0.000	0.000	100.000	100.000	
10.0500	C1309P26	500	2.088686	0.001991	2021-08-15 18:07:37	10.666	0.000	0.313	2.151	4.508	3.575	0.118	0.000	0.000	100.000	100.000	
9.1990	O1809R04	500	0.433864	0.004599	2021-08-15 18:07:54	16.023	0.000	0.334	8.769	3.224	3.585	0.112	0.000	0.000	86.440	62.019	
10.0310	C1309P24	500	1.956938	0.001876	2021-08-15 18:08:04	10.681	0.000	0.322	1.996	4.710	3.543	0.111	0.000	0.000	100.000	100.000	
9.3170	CO209R12	500	6.720906	0.045685	2021-08-15 18:08:18	13.449	0.000	0.327	4.045	5.417	3.547	0.112	0.000	0.000	100.000	100.000	
9.1870	O1809R06	500	0.449971	0.003509	2021-08-15 18:08:32	13.777	0.000	0.323	5.961	3.806	3.571	0.116	0.000	0.000	82.881	17.118	
10.0120	C1309P22	500	1.780689	0.004659	2021-08-15 18:08:43	11.166	0.000	0.313	2.150	5.096	3.505	0.101	0.000	0.000	100.000	100.000	
9.1760	O1809R08	500	0.505748	0.002773	2021-08-15 18:08:57	13.370	0.000	0.327	5.579	3.787	3.563	0.115	0.000	0.000	90.000	23.471	
9.9940	C1309P20	500	1.729277	0.004230	2021-08-15 18:09:07	10.047	0.000	0.325	2.062	3.971	3.571	0.117	0.000	0.000	100.000	100.000	
9.3050	CO209R14	500	6.556168	0.065826	2021-08-15 18:09:22	14.996	0.000	0.318	5.047	5.951	3.566	0.113	0.001	0.000	90.000	92.552	
9.9750	C1309P18	500	1.593824	0.004314	2021-08-15 18:09:32	9.493	0.000	0.315	1.970	3.510	3.582	0.116	0.000	0.000	100.000	100.000	
9.1660	O1809R10	500	0.509848	0.003968	2021-08-15 18:09:46	14.702	0.000	0.324	7.065	3.616	3.583	0.113	0.000	0.000	81.885	0.100	
9.9570	C1309P16	500	1.514952	0.007134	2021-08-15 18:09:58	11.364	0.000	0.331	2.266	5.064	3.589	0.113	0.000	0.000	100.000	100.000	
9.2940	CO209R16	500	6.472456	0.040533	2021-08-15 18:10:14	16.287	0.000	0.316	7.045	5.245	3.566	0.115	0.000	0.000	90.000	72.322	
9.1550	O1809R12	500	0.546345	0.002848	2021-08-15 18:10:27	12.437	0.000	0.325	4.761	3.685	3.554	0.112	0.000	0.000	62.180	0.100	
9.9400	C1309P14	500	1.347869	0.007105	2021-08-15 18:10:38	11.167	0.000	0.316	2.385	4.797	3.556	0.112	0.000	0.000	100.000	100.000	
9.1450	O1809R14	500	0.557022	0.002430	2021-08-15 18:10:49	10.808	0.000	0.315	3.563	3.254	3.562	0.114	0.000	0.000	60.000	0.100	
9.2820	CO209R18	500	6.456242	0.035176	2021-08-15 18:11:04	14.781	0.000	0.321	5.467	5.314	3.564	0.113	0.000	0.000	84.074	63.364	
9.9230	C1309P12	500	1.339381	0.004677	2021-08-15 18:11:16	11.523	0.000	0.320	1.892	5.653	3.548	0.110	0.000	0.000	100.000	100.000	
9.1340	O1809R16	500	0.557274	0.003252	2021-08-15 18:11:27	11.443	0.000	0.324	4.051	3.388	3.564	0.114	0.000	0.000	40.000	0.100	
9.9060	C1309P10	500	1.207163	0.010864	2021-08-15 18:11:39	11.544	0.000	0.327	2.363	5.173	3.569	0.112	0.000	0.000	100.000	100.000	
9.1250	O1809R18	500	0.568263	0.002427	2021-08-15 18:11:52	12.441	0.000	0.317	4.877	3.583	3.554	0.110	0.000	0.000	47.435	0.100	
9.2710	CO209R20	500	6.244420	0.031574	2021-08-15 18:12:06	14.669	0.000	0.324	5.247	5.404	3.577	0.116	0.000	0.000	86.049	50.209	
9.1150	O1809R20	500	0.568184	0.002617	2021-08-15 18:12:18	12.136	0.000	0.313	4.487	3.689	3.543	0.103	0.000	0.000	46.924	0.100	
9.2610	CO209R22	500	6.084159	0.039152	2021-08-15 18:12:38	19.195	0.000	0.317	10.359	4.836	3.570	0.112	0.000	0.000	89.190	46.968	
9.1050	O1809R22	500	0.563294	0.004331	2021-08-15 18:12:50	12.040	0.000	0.323	4.057	3.997	3.549	0.113	0.000	0.000	45.663	0.100	
9.2500	CO209R24	500	6.048451	0.033844	2021-08-15 18:13:07	15.896	0.000	0.310	6.764	5.190	3.527	0.105	0.000	0.000	79.683	45.169	
9.0950	O1809R24	500	0.563632	0.003767	2021-08-15 18:13:21	13.481	0.000	0.321	5.967	3.533	3.556	0.103	0.001	0.000	44.098	0.100	
9.2400	CO209R26	500	5.793030	0.022650	2021-08-15 18:13:33	12.525	0.000	0.319	3.245	5.278	3.565	0.117	0.000	0.000	90.000	36.459	
9.7620	C1309R08	-1	-1000000.000000	-1.000000	2021-08-15 18:13:35	0.000	0.000	0.000	0.000	0.000	0.000	0.000	0.000	0.000	-1.000	-1.000	
9.0860	O1809R26	500	0.563135	0.002747	2021-08-15 18:13:48	12.192	0.000	0.329	4.576	3.590	3.584	0.113	0.000	0.000	34.234	0.100	
9.7490	C1309R10	500	13.401899	0.131907	2021-08-15 18:13:58	9.659	0.000	0.316	2.382	3.295	3.557	0.109	0.000	0.000	100.000	100.000	
9.2300	CO209R28	500	3.603158	0.751006	2021-08-15 18:14:12	13.679	0.000	0.315	4.262	5.416	3.571	0.115	0.000	0.000	90.000	34.863	
9.7360	C1309R12	500	19.569257	0.141593	2021-08-15 18:14:22	10.202	0.000	0.319	2.065	4.100	3.599	0.118	0.000	0.000	100.000	100.000	
9.0770	O1809R28	500	0.562283	0.004332	2021-08-15 18:14:35	13.546	0.000	0.325	5.470	4.062	3.571	0.118	0.000	0.000	38.172	0.100	
9.7230	C1309R14	500	16.535866	0.137177	2021-08-15 18:14:46	10.108	0.000	0.321	2.448	3.649	3.573	0.118	0.000	0.000	100.000	100.000	
9.2190	CO209R30	500	5.733983	0.024777	2021-08-15 18:15:03	17.495	0.000	0.326	8.167	5.310	3.576	0.115	0.000	0.000	90.000	33.349	
9.7100	C1309R16	500	9.601660	0.074565	2021-08-15 18:15:15	11.177	0.000	0.315	2.064	5.111	3.568	0.118	0.000	0.000	100.000	100.000	
9.0680	O1809R30	500	0.549537	0.002786	2021-08-15 18:15:26	11.569	0.000	0.314	4.057	3.540	3.544	0.113	0.000	0.000	29.496	0.100	
9.6980	C1309R18	500	10.786473	0.109188	2021-08-15 18:15:36	9.297	0.000	0.323	2.364	2.939	3.560	0.112	0.000	0.000	100.000	100.000	
9.2100	CO209R32	500	0.408102	0.009789	2021-08-15 18:15:50	13.768	0.000	0.314	4.263	5.503	3.573	0.115	0.000	0.000	90.000	26.445	
9.6860	C1309R20	500	12.266855	0.085931	2021-08-15 18:16:01	10.546	0.000	0.320	2.065	4.560	3.501	0.100	0.000	0.000	100.000	100.000	
9.0590	O1809R32	500	0.544162	0.002632	2021-08-15 18:16:13	12.496	0.000	0.324	4.964	3.522	3.570	0.114	0.000	0.000	29.302	0.100	
9.6750	C1309R22	500	33.448781	0.288127	2021-08-15 18:16:24	10.988	0.000	0.318	2.250	4.726	3.577	0.117	0.000	0.000	100.000	100.000	
9.2010	CO209R34	500	0.415786	0.004530	2021-08-15 18:16:42	18.133	0.000	0.325	9.951	4.188	3.555	0.115	0.000	0.000	87.251	36.091	
9.6630	C1309R24	500	29.143729	0.331613	2021-08-15 18:16:53	10.915	0.000	0.326	1.983	4.930	3.559	0.116	0.000	0.000	100.000	100.000	
9.0510	O1809R34	500	0.540232	0.002786	2021-08-15 18:17:06	12.608	0.000	0.319	4.977	3.639	3.559	0.114	0.000	0.000	32.977	0.100	
9.6520	C1309R26	500	34.776297	0.304262	2021-08-15 18:17:17	10.347	0.000	0.313	2.269	4.139	3.523	0.104	0.000	0.000	100.000	100.000	
9.5880	CO209P24	1	7.718667	NaN	2021-08-15 18:18:14	57.222	0.000	0.327	9.007	24.985	22.900	0.002	0.000	0.000	100.000	100.000	
9.0420	O1809R36	500	0.534756	0.002751	2021-08-15 18:18:29	14.620	0.000	0.326	6.904	3.741	3.517	0.131	0.000	0.000	30.843	0.100	
9.6420	C1309R28	0	NaN	NaN	2021-08-15 18:18:31	0.414	0.000	0.312	0.100	0.000	0.000	0.001	0.000	0.000	0.100	0.100	
9.5690	CO209P22	500	8.825807	0.072187	2021-08-15 18:18:41	12.140	0.000	0.326	3.145	4.981	3.538	0.149	0.000	0.000	100.000	100.000	
9.0340	O1809R38	500	0.508304	0.004326	2021-08-15 18:18:57	12.913	0.000	0.317	5.467	3.515	3.517	0.096	0.000	0.000	40.264	0.100	
9.5880	CO209P24	1	7.481077	NaN	2021-08-15 18:19:45	48.552	0.000	0.333	8.106	17.190	22.921	0.002	0.000	0.000	100.000	100.000	
9.0260	O1809R40	500	0.525230	0.009207	2021-08-15 18:20:18	32.451	0.000	0.342	24.981	3.451	3.539	0.138	0.000	0.000	90.000	12.630	
9.6310	C1309R30	0	NaN	NaN	2021-08-15 18:20:24	6.063	0.000	0.315	5.747	0.000	0.000	0.001	0.000	0.000	100.000	100.000	
9.6210	C1309R32	0	NaN	NaN	2021-08-15 18:22:28	6.782	0.000	0.320	6.462	0.000	0.000	0.000	0.000	0.000	100.000	100.000	
9.0180	O1809R42	-1	-1000000.000000	-1.000000	2021-08-15 18:23:08	0.000	0.000	0.000	0.000	0.000	0.000	0.000	0.000	0.000	-1.000	-1.000	
10.6640	O1810P36	500	1.657689	0.003246	2021-08-15 18:23:36	8.187	0.000	0.322	1.363	2.863	3.506	0.134	0.000	0.000	100.000	100.000	
10.1220	O1810R36	500	2.388824	0.002561	2021-08-15 18:24:03	9.950	0.000	0.325	2.280	3.710	3.534	0.100	0.000	0.000	100.000	100.000	
9.6110	C1309R34	0	NaN	NaN	2021-08-15 18:24:42	6.469	0.000	0.318	6.149	0.000	0.000	0.001	0.000	0.000	100.000	100.000	
9.5520	O1809P46	0	NaN	NaN	2021-08-15 18:24:48	5.993	0.000	0.326	5.666	0.000	0.000	0.000	0.000	0.000	100.000	100.000	
11.2160	C1310P26	-1	-1000000.000000	-1.000000	2021-08-15 18:26:52	0.000	0.000	0.000	0.000	0.000	0.000	0.000	0.000	0.000	-1.000	-1.000	
9.0180	O1809R42	-1	-1000000.000000	-1.000000	2021-08-15 18:27:41	0.000	0.000	0.000	0.000	0.000	0.000	0.000	0.000	0.000	-1.000	-1.000	
10.1520	C1309P36	-1	-1000000.000000	-1.000000	2021-08-15 18:28:40	0.000	0.000	0.000	0.000	0.000	0.000	0.000	0.000	0.000	-1.000	-1.000	
10.1310	C1309P34	-1	-1000000.000000	-1.000000	2021-08-15 18:30:14	0.000	0.000	0.000	0.000	0.000	0.000	0.000	0.000	0.000	-1.000	-1.000	
9.7620	C1309R08	-1	-1000000.000000	-1.000000	2021-08-15 18:31:47	0.000	0.000	0.000	0.000	0.000	0.000	0.000	0.000	0.000	-1.000	-1.000	
9.6420	C1309R28	0	NaN	NaN	2021-08-15 18:32:08	0.409	0.000	0.324	0.084	0.000	0.000	0.000	0.000	0.000	0.100	0.100	
9.6310	C1309R30	0	NaN	NaN	2021-08-15 18:33:47	6.686	0.000	0.325	6.361	0.000	0.000	0.000	0.000	0.000	100.000	100.000	
9.6210	C1309R32	0	NaN	NaN	2021-08-15 18:35:27	6.911	0.000	0.318	6.593	0.000	0.000	0.000	0.000	0.000	100.000	100.000	
9.6110	C1309R34	0	NaN	NaN	2021-08-15 18:37:07	6.684	0.000	0.318	6.366	0.000	0.000	0.000	0.000	0.000	100.000	100.000	
